1.074066
1.048428
1.528227
1.703966
0.420142
0.053875
0.857751
1.455828
1.550753
0.921975
1.3157
1.621867
1.482877
1.902351
1.132837
0.164224
1.151222
0.803235
1.469689
0.728752
1.932165
0.057815
1.537024
1.806622
1.024133
1.480683
1.508823
1.716284
1.215294
1.323861
0.737175
1.09193
1.47919
1.956919
1.289295
1.522618
1.002791
1.389949
1.418713
0.86636
0.862846
1.173778
1.110857
1.161977
1.394173
0.780425
1.477164
1.31777
0.891951
1.754656
1.767532
1.320498
0.537432
1.225664
1.20587
0.872724
1.287695
1.08304
1.064946
0.869419
0.972476
0.15725
1.862549
1.153173
1.277058
1.278307
1.308541
1.370477
0.071832
0.111981
1.306583
0.024112
1.671837
1.913444
1.131697
0.953281
1.520673
1.028272
1.169271
1.324005
1.824469
1.538926
1.833533
0.803015
1.024109
1.229571
0.940747
1.225945
1.250552
1.330309
0.903258
1.880161
0.960366
1.268078
0.946533
1.087411
1.399724
1.282223
1.842271
0.726129
0.711598
1.033993
0.526859
0.856283
1.226207
0.883133
0.913066
1.343008
1.087184
1.443019
1.737857
0.384711
1.404373
1.183192
1.056902
1.885879
1.483038
0.927032
1.458473
1.287221
1.014848
1.280157
1.43014
0.740604
0.774269
1.714805
1.370778
1.444406
0.962283
1.501032
0.809642
1.290289
1.293448
1.076096
0.107582
1.357238
0.949499
1.213937
1.291282
1.16412
1.213848
1.164125
1.309308
1.348061
1.082516
1.07961
1.381753
1.164284
1.0117
1.269032
1.568475
0.986662
1.074706
0.965812
0.971285
0.514167
1.159257
1.178377
1.141102
0.957789
1.239903
0.774203
1.308216
0.980479
1.017174
1.245987
1.187506
0.840927
1.054205
1.216405
1.078904
0.959096
1.080357
0.053737
1.301598
1.037692
0.963687
0.873156
1.16185
1.786637
1.215053
0.8448
0.671481
0.042234
1.453136
1.34989
1.250974
1.004313
1.24649
0.884034
1.491294
0.996009
1.566979
1.177817
1.090309
1.035331
1.313525
0.996798
1.144194
1.021408
0.095222
1.172879
1.650341
1.205633
1.127015
1.570156
1.352932
1.236195
0.885736
1.179816
1.293858
0.692972
1.093908
1.343323
0.959245
1.282968
1.324215
1.43076
1.10002
1.108517
1.475936
0.385567
0.255224
1.166017
1.471732
1.356713
1.107721
0.747629
1.150308
0.70101
1.192216
0.991828
0.954593
0.53451
1.597685
0.799758
0.945743
1.603891
1.093
1.160471
0.797452
1.085348
1.287174
1.370777
1.164614
1.513973
1.230451
0.711809
0.899104
1.155062
0.831929
0.066208
1.503397
0.049594
0.01663
1.055047
1.06414
1.299709
0.882177
0.947134
0.973078
0.884089
1.220497
1.046205
0.922688
1.289145
0.998996
0.974449
0.419908
1.049906
0.668208
1.005941
1.153142
0.811662
0.758699
0.714227
0.978439
1.518759
1.209785
1.078267
0.153807
0.725018
1.105735
1.012508
0.533662
1.481387
0.740658
0.896127
0.019112
1.133564
1.072281
0.022945
0.976547
0.793229
1.131412
0.565637
0.902869
1.049728
1.170384
1.035183
0.651546
0.043349
1.011359
0.957303
0.967276
1.171752
0.911783
1.033646
1.211444
1.003082
0.489563
1.122562
0.199997
0.888987
0.877804
0.866862
0.741417
0.874972
0.801488
0.79832
0.919821
1.06922
0.841017
0.957053
0.982809
1.235284
0.147299
0.159082
0.721131
0.888384
0.985304
0.817642
0.949656
1.231711
1.092561
1.095417
0.822835
0.935577
0.746174
0.690119
0.637482
0.853076
0.812575
0.906114
0.706102
0.880122
0.742741
1.139327
1.079391
1.061256
0.897891
1.165569
1.212823
0.759853
0.700024
0.901536
1.152473
0.975493
0.022469
0.982599
1.086392
1.068423
0.021531
1.093855
1.139226
0.722113
1.190361
0.867497
0.848884
0.837138
1.053161
0.849653
0.827685
0.761708
1.208375
1.090921
1.269927
1.021769
1.080354
1.261249
1.187518
0.895718
0.121358
0.756451
0.056236
0.727696
0.909018
1.022843
0.693016
0.593708
1.231678
0.800894
0.832418
0.741308
0.523608
0.232041
0.318158
0.929412
0.651418
1.091314
0.833842
0.64647
0.915267
0.887325
0.738861
0.526687
0.838182
1.047661
0.807147
1.030244
1.050441
0.846634
0.697196
0.093401
1.041407
0.854384
0.768969
0.995882
0.82049
0.972126
1.168316
0.887563
0.975543
1.028207
1.021862
0.882738
1.022682
1.023714
0.082855
0.876208
0.72563
0.699778
1.091258
0.985844
0.706521
0.678938
0.580241
1.039025
0.974129
0.801737
0.688614
0.643243
0.918967
0.945672
0.912959
0.865247
0.897034
0.761189
0.788507
0.73088
0.889689
0.980912
0.978369
0.922053
1.047641
0.958236
0.74158
0.716662
1.028707
1.06909
0.754208
0.811749
0.758068
0.966804
1.013427
0.764751
0.284675
0.946665
0.801601
0.749046
1.039684
0.832289
0.863349
0.882026
1.012639
0.857279
0.753544
1.191817
0.954928
0.89208
0.672781
0.956505
0.679342
0.725923
0.655642
0.420468
0.724047
0.852633
0.719832
0.896933
0.84996
0.076439
0.767457
0.094294
0.991865
0.776067
0.73088
0.835982
0.763246
1.184536
1.021523
0.803093
0.883486
0.693755
0.120391
0.940858
0.681196
0.925983
0.655874
1.085449
0.690442
1.035077
0.077971
1.179795
0.541482
0.13765
0.895138
1.048978
1.038637
1.002056
0.858534
0.781847
1.022491
0.800266
0.781336
1.177715
0.660052
0.649448
0.701454
0.724271
0.970524
0.644823
0.816713
0.98276
0.44368
0.974532
1.012056
1.037506
1.100096
0.880678
0.826799
0.429853
0.132339
0.804291
1.019524
0.890892
0.012216
0.707211
0.739322
1.195557
0.840142
0.660613
0.77818
1.174861
0.573126
1.063218
0.944855
0.937208
0.83753
0.818295
0.85322
0.891702
0.936495
0.965364
0.645912
1.140957
0.831437
0.68094
0.68509
0.561502
0.199143
1.003254
0.975342
0.932826
1.038406
0.87903
0.449252
0.585048
0.844335
0.010384
0.796589
0.677459
0.143494
1.087528
0.774556
0.719047
1.011074
0.813025
0.867187
0.964588
0.685929
0.746906
1.149366
0.757873
0.259334
0.886448
0.656754
1.058483
1.114874
1.041078
0.745987
0.896124
0.862409
0.757376
0.803037
1.09361
0.873779
0.904588
0.880669
0.010043
0.740668
0.700999
0.88465
0.823425
0.94584
0.966292
0.872771
1.11035
1.067227
0.758087
0.725133
1.024616
0.828858
0.798105
0.723048
0.631344
0.676543
1.091169
1.089187
0.919967
0.858926
0.799611
0.548071
0.782101
0.750421
1.023778
0.897666
1.0982
0.945851
0.729618
0.942358
0.782568
0.776488
0.79941
0.712188
0.72221
0.855976
1.088009
0.883798
0.865901
1.041148
1.124996
0.802055
1.166702
0.758251
0.793736
0.939346
0.136874
1.12308
1.118281
1.176153
0.886126
0.480218
0.775302
0.649343
0.989726
0.635555
1.11056
1.155328
0.647206
0.844952
0.647837
0.630362
1.102191
1.158499
0.81762
1.02687
0.854902
0.82201
1.000537
0.736491
0.218075
0.85335
0.751219
0.737323
0.767061
0.875728
0.713145
0.899352
0.69863
0.768491
0.646654
0.8111
0.912242
1.117905
0.737546
0.868897
0.953098
0.749687
0.650701
0.94683
0.979802
0.374402
0.858216
0.578532
0.933553
0.848737
0.909025
0.905768
0.690189
0.683441
0.810765
0.940259
1.068988
1.11268
0.771937
0.044766
0.396559
0.758313
0.726744
0.777925
0.692343
0.700854
0.832234
0.636316
0.623183
0.788543
0.917139
0.713596
0.988304
1.012665
1.084585
1.111532
0.897591
0.73991
0.859107
0.952586
0.446107
0.156189
0.850247
0.904108
0.036591
0.826738
1.107945
1.075804
1.035877
1.06399
0.064189
0.88672
0.748499
0.069894
0.041343
0.951345
0.864007
0.816908
0.93842
0.841718
0.773025
0.475397
0.633348
1.006439
0.630989
1.011937
1.048802
0.720875
1.016915
0.901623
0.789888
0.738797
0.368225
0.42478
0.913569
0.647854
0.590224
0.935911
0.811399
0.434399
0.937837
0.56792
0.975643
0.801458
1.050448
0.76934
0.694125
0.601881
0.872343
0.822159
1.068634
0.790894
0.793548
0.753593
0.931981
0.878202
0.603344
1.01249
0.728394
1.071542
0.762399
1.094577
0.807949
0.854243
0.885968
1.116874
0.558654
1.090126
0.795699
0.708879
0.772433
0.972694
0.832301
0.161253
0.676152
0.832098
0.67849
0.776516
0.666873
0.867535
0.803095
0.986941
0.89853
0.777858
0.463457
0.600022
0.864555
0.806105
0.748382
1.095385
0.115308
0.783241
0.867832
0.122637
0.889035
1.027283
0.826998
0.919104
0.752958
0.718631
0.640983
0.969656
0.707917
0.076568
0.774793
1.07509
0.626148
0.750295
1.072883
0.682809
0.784505
0.759542
0.750269
0.710518
0.996679
0.914826
1.0592
0.749704
0.778439
0.775236
1.075729
0.650003
0.859552
0.852629
0.747952
0.745914
0.968779
0.988906
0.511541
0.714234
0.100486
0.795802
0.836814
0.43213
0.78655
0.656984
0.734384
0.950775
0.768327
0.640391
0.950044
0.793161
0.709701
0.654068
0.793871
0.985774
0.860656
0.338954
0.040497
0.108005
1.066054
0.704093
1.055767
0.765551
0.778767
0.73465
0.951124
0.556836
0.667976
0.956049
0.820953
0.730267
0.86433
0.628628
1.094548
0.95149
0.647401
0.11958
0.898167
1.092366
0.887834
0.935406
0.824826
0.714613
0.718371
0.868647
1.069644
0.88729
0.688561
0.806167
0.790436
1.076868
0.904497
0.839316
0.41815
0.610519
1.105766
0.807414
0.112034
1.128
0.810939
0.626913
0.833353
1.083917
0.695663
0.628695
0.760716
0.921339
0.651631
0.524965
0.8248
0.81677
0.882822
0.598283
0.646716
0.74709
0.853487
0.624078
0.611272
0.508257
0.87699
0.768852
0.541307
0.843179
0.821459
1.095177
0.676827
1.047029
0.494847
0.09448
0.907629
0.103946
0.883608
0.610076
0.041769
0.71115
0.848322
0.610086
0.718504
0.665925
0.532442
0.731948
0.061097
0.075113
0.979884
0.855252
0.685853
0.778472
0.939745
0.471551
0.831404
0.779567
0.841004
0.786075
1.104879
0.842464
0.750444
0.907994
0.889856
0.871719
0.742977
0.82494
0.811444
0.873201
0.841373
0.633042
0.702194
0.595978
0.623413
0.034402
0.769381
0.814791
0.638245
0.254001
0.700693
0.727058
0.736549
0.612963
0.970314
0.921611
1.122152
0.07718
1.001593
0.621159
0.724645
0.811708
0.75209
0.958399
0.749027
0.721867
1.111527
0.773502
0.610539
0.888449
0.846854
0.935187
0.829134
0.954849
0.656021
0.842111
0.719797
0.902962
0.068108
0.744315
0.46523
0.867594
0.829716
0.761797
0.724384
0.678797
0.910336
0.731686
0.950686
0.682087
1.080237
0.770185
0.854367
0.422327
0.728488
0.887398
1.03129
0.858448
0.766349
0.177478
0.866433
0.692413
0.82403
0.712541
0.710316
0.762112
0.851166
0.769533
0.439687
0.528706
0.805688
1.057101
0.874644
0.828518
0.688338
0.603804
0.727891
0.643036
0.796589
0.663175
0.698419
0.735656
0.777945
0.812397
0.738542
0.880754
0.800622
0.772214
0.662138
0.986969
0.664631
0.11665
0.950372
0.649242
1.126134
0.779562
0.866979
0.922658
0.694101
0.063598
0.06846
0.838112
0.807801
1.131154
0.873719
0.80653
0.638313
0.471308
0.668037
0.785694
0.456733
0.895353
0.833652
0.856271
0.763838
0.63428
0.427091
0.825704
0.814167
0.865526
0.756229
0.889747
0.724817
0.820411
0.896937
0.318092
0.911503
0.780811
0.803908
0.769759
0.761329
0.883836
0.788838
0.809483
0.624172
0.801788
0.740526
1.088936
0.800164
0.669507
0.609263
0.873172
0.861106
0.692004
0.984959
0.806141
0.86469
0.713326
0.991457
0.585705
1.105082
0.672916
0.020307
0.866527
0.053974
1.036337
0.649137
0.632147
0.977159
0.534315
0.870552
0.715469
0.752633
0.94845
0.862388
0.764243
0.731183
0.590084
0.571446
0.49414
0.480232
0.820614
0.601155
0.888756
0.921986
0.569183
0.770671
0.757078
1.075585
0.689953
0.070047
0.966596
0.591004
1.024082
0.668379
0.787377
0.815824
0.821569
0.846652
0.801391
0.886491
0.256758
0.698859
0.786039
0.741069
0.410079
0.754518
0.593063
0.718651
0.746769
0.935042
0.644249
0.58952
0.759915
0.696359
1.115692
0.697871
0.032276
0.921129
0.767864
1.044803
0.930947
0.717906
0.937213
0.810058
1.086124
0.389561
1.084409
0.915599
0.908452
1.092899
1.057642
0.824657
0.689025
0.836189
0.682391
0.766621
0.553795
0.945271
0.869356
0.603005
0.692716
0.044846
0.847699
1.091574
0.561766
0.683346
0.775406
0.120531
0.996827
0.847396
1.06469
0.447333
0.850915
0.595228
0.890281
0.97094
0.11103
0.819561
0.775004
0.994088
0.673791
0.91946
0.685812
1.118037
0.874943
0.768753
0.860428
0.078279
0.789786
0.697397
0.765366
0.606986
0.388401
0.614294
0.617091
0.805535
0.979124
0.060945
0.975518
0.977147
0.735489
0.781079
0.88762
0.727174
0.671326
0.678238
1.052617
0.96044
0.591549
0.024348
1.080169
0.666824
0.810336
0.849907
0.5877
0.855508
0.576411
0.413004
0.670496
0.14073
0.653401
0.692619
0.955031
0.659002
1.109246
0.619634
0.080942
0.590506
0.5351
0.597077
0.838649
0.879484
0.654853
0.941265
0.77731
0.737367
0.051721
0.205663
0.827501
1.000972
0.726114
0.71186
0.924957
0.878231
0.651827
0.578139
0.8262
0.528827
0.98123
0.833803
0.962416
0.83659
0.924756
0.019623
0.693901
0.817392
0.06155
0.86296
0.787908
0.70582
0.77303
0.701271
0.027286
1.100214
0.543269
0.60358
0.672271
0.792559
1.097409
0.717075
0.758008
0.741484
0.850603
1.065953
0.905689
0.008876
0.749112
0.464054
0.759568
0.642977
0.969788
1.117193
0.656462
0.692934
0.685023
0.891621
0.860426
0.01064
0.910063
0.881015
0.715303
0.781822
0.85322
1.153264
0.734687
0.070252
0.068959
0.930357
0.812471
0.071349
0.915969
0.896445
1.090333
0.683085
0.837581
0.808478
0.665755
0.093417
0.222596
1.010926
0.847035
1.09933
0.420958
0.774053
0.840002
0.94466
0.746581
1.098837
0.830315
0.894404
0.88955
0.731868
0.569415
0.699146
0.812656
0.800718
0.751713
0.694343
0.450087
0.061708
1.100034
1.013077
0.775535
0.993005
0.980226
0.687776
0.421687
0.868542
0.918056
0.871786
0.872018
0.774619
0.915863
0.771263
0.856992
0.673205
0.84893
0.822024
0.713363
0.638815
0.894684
0.737131
0.794925
0.144921
0.055732
0.597082
0.404557
0.649064
0.808737
0.668035
0.455391
0.739863
0.830089
0.708824
1.014646
0.986427
0.677752
0.431315
0.661175
0.732941
0.575852
0.926859
0.797292
0.60675
0.727988
0.659813
0.676874
0.587335
0.725905
0.434709
0.701808
0.629424
0.698449
0.964591
0.777872
0.977473
0.989464
0.972371
0.630233
0.89289
0.663811
0.599746
0.789601
1.051959
0.580008
0.626179
1.088428
0.854693
0.766149
0.058176
1.081253
0.555142
0.35798
0.828557
1.016997
0.672905
0.814207
0.737093
0.116258
0.93284
0.73229
0.855562
0.870078
0.537615
0.031542
0.636798
0.428796
1.016814
0.070627
0.776142
0.927218
0.781119
0.875621
0.687099
0.908369
0.719152
0.705147
0.801365
0.078184
0.204515
0.773072
0.644669
0.806401
0.931774
0.786087
0.873331
0.730784
0.694023
0.603131
0.362427
0.716101
0.911055
0.227241
0.721156
0.781173
0.616354
0.675846
0.728156
0.675723
0.805118
1.104376
0.721794
0.489465
0.700566
0.67853
1.052038
0.635493
0.993432
0.797044
0.44805
0.597057
0.580846
1.114398
0.694514
0.767695
0.6817
0.767338
0.783837
0.735153
0.047907
0.092968
0.102011
0.749104
0.817595
0.801207
0.388662
0.827372
0.593443
0.857313
0.784019
0.601714
0.76923
0.971631
0.698324
0.843671
0.975398
0.60517
0.382564
0.9125
0.860516
0.789406
0.956492
0.973713
0.503394
0.82636
0.672137
0.682448
0.905528
0.844971
0.653223
1.023119
0.745462
0.749918
0.724476
0.263807
0.742433
0.034667
0.41956
0.622707
0.878813
0.062582
0.660047
0.641498
0.742162
0.858191
0.689662
0.683402
0.893647
1.019145
0.832874
0.727281
0.592886
0.762469
0.88557
0.627735
0.88534
1.073786
0.82367
0.914967
0.805445
0.768191
0.606916
0.896357
0.783844
0.816235
0.749861
0.662012
0.840155
1.09866
0.990632
0.610801
0.908053
0.737113
0.828509
0.652998
0.82359
0.476916
0.578879
0.701225
0.179598
0.832965
0.696566
0.733572
0.617348
0.797972
0.514692
0.786929
0.875852
0.630179
0.54067
0.803375
0.712034
0.88644
0.898679
0.879099
0.912293
0.737222
0.827169
0.441202
0.659227
0.62121
0.026244
0.895203
0.617623
0.870259
0.734553
0.884345
0.694707
0.360585
0.968026
0.524851
0.809288
0.954843
0.91019
0.928487
0.08724
0.111169
0.935051
0.738801
0.625177
0.97939
0.170701
0.682685
0.706685
0.759985
0.710752
0.648036
0.181642
0.380453
1.111707
0.646629
0.778684
0.697371
0.646419
0.741204
0.552054
0.739301
0.071173
0.090472
0.805726
0.668467
0.680831
0.841901
0.798606
0.894191
0.710692
0.940881
0.816792
0.650192
0.637075
0.60013
0.704465
0.915284
0.501598
0.955033
0.691457
0.843286
0.733916
0.793505
0.719577
0.557585
0.54398
0.712714
0.713367
0.74267
0.821642
0.441144
0.974272
0.034869
0.812654
0.951636
0.902413
0.792881
0.937364
0.695215
0.59252
0.856454
0.847633
0.798897
0.48112
0.846802
0.769728
0.759904
0.6239
0.617201
0.721777
0.692041
0.614006
0.776782
0.608795
0.816592
0.94576
0.612915
0.678756
0.731719
0.745752
0.32747
0.828706
0.833132
0.885832
0.70693
0.667635
0.796865
0.765047
0.794598
1.091642
0.741852
0.609047
0.708388
0.84655
0.598445
0.507579
0.926262
0.558073
0.974293
0.850277
0.80323
0.748519
0.658501
0.738991
0.77187
0.62413
0.671342
0.691657
0.823827
0.580468
0.853541
0.743278
0.862363
0.933104
0.140142
0.8763
0.852776
0.552866
0.885427
0.702571
0.055063
0.860421
0.867671
0.995951
0.666061
0.677166
0.625409
0.707726
0.590251
0.728598
0.588442
0.788144
0.758641
0.994056
0.636225
0.092959
0.759514
0.872158
0.878619
0.665492
0.720351
0.770645
0.68451
0.075897
0.638313
0.706927
0.713742
0.616097
0.695866
0.647212
0.785316
0.916498
0.869734
0.712024
0.709247
0.596084
1.053686
0.865508
0.859693
0.640658
0.646486
0.491855
0.824729
0.908919
0.92985
0.746732
0.761203
0.702534
0.426571
0.664391
0.796377
0.796044
1.082272
1.063772
0.730121
0.711632
0.615738
1.078741
0.690194
0.860235
0.690549
1.075147
0.581674
0.640899
0.191671
0.688438
0.878056
0.53048
0.627074
0.74828
0.79624
0.974784
0.547222
0.81656
0.606285
1.060565
0.883827
0.816945
0.669885
0.538283
0.840409
0.68198
0.821987
0.724299
0.692792
0.014796
0.869277
1.113526
0.871009
0.614229
0.758345
0.841324
0.808262
0.141305
0.813394
0.617717
0.569584
0.752514
0.850545
0.755823
0.36608
0.738816
0.243933
0.035739
0.778207
0.082131
0.741376
0.866451
1.080804
0.791315
0.850729
0.038702
1.086774
0.797798
0.783979
0.780156
0.734582
0.793262
1.099376
0.641048
0.817646
0.831093
1.116738
0.768847
0.674525
0.948515
0.834965
1.093356
0.719981
0.009959
0.720963
0.224672
0.936394
0.740542
0.698453
1.018125
0.719143
0.709325
0.728655
0.644162
0.644156
0.694762
0.848661
0.467358
0.941666
0.840808
0.721237
0.813776
0.670672
0.662092
0.627496
0.90945
0.831333
0.592343
0.756567
0.587629
0.985783
0.72494
0.080494
0.783522
0.801074
0.715037
0.519586
1.064096
0.86981
0.765617
0.641782
0.099384
1.000258
0.850039
0.751416
0.850277
0.993719
0.611443
0.909946
0.786972
0.579895
0.879903
0.84201
0.057322
1.095623
0.656181
0.759117
0.778468
0.557375
0.619096
0.825328
0.686874
0.069378
0.096159
0.816278
0.647255
0.62234
0.964271
0.474109
0.829229
0.720492
0.811038
0.761201
0.121656
0.646285
0.819365
1.033721
0.554191
0.546653
0.779612
0.670056
0.861151
1.074254
0.055991
0.909378
0.914795
0.555995
0.650589
0.632552
0.701301
0.739381
0.799152
0.689722
0.573283
0.102339
0.851391
0.360654
0.743127
0.649842
0.788541
0.263176
0.849173
0.897401
0.079224
0.595806
0.802142
0.088885
0.762653
0.573796
0.870756
0.978239
0.713136
1.009745
0.499088
0.697105
0.934683
1.044678
0.768446
0.677547
0.731378
1.0682
0.933124
1.020242
0.865342
0.359864
0.685087
0.736784
0.833062
0.745324
0.710994
0.622748
0.75295
1.052034
0.781053
0.890009
0.598297
0.733065
0.048498
0.879375
0.598437
0.926749
0.345425
0.787989
0.796528
0.791356
0.049112
0.731919
0.078021
0.814718
0.9455
0.81216
1.081322
0.764828
0.907212
0.795087
0.174972
0.642381
0.797004
1.073448
1.055253
0.952864
0.914557
0.694123
0.783721
0.70843
0.711524
0.545495
0.724936
0.74807
0.802304
0.762593
0.960461
0.723816
1.068481
0.116194
0.674149
0.715359
0.824139
0.945291
0.856235
0.901652
0.700898
0.314186
0.897273
1.102509
0.562605
0.576246
0.821624
0.991505
0.904867
0.603951
0.880815
1.03592
0.761649
0.998298
0.161488
0.734182
0.727087
0.780046
0.970604
0.807391
0.651317
1.11564
0.799466
0.759898
0.025794
0.590287
0.81923
0.521292
0.802594
1.062901
0.835495
0.852358
1.008888
0.792893
0.832828
0.955826
0.624911
0.621307
0.959616
0.899479
1.098728
0.749305
0.96398
0.925909
0.7214
0.778915
0.900827
0.73546
0.762235
0.782571
1.053566
0.158581
0.676449
0.885868
0.678836
0.952217
0.070332
0.778207
0.683619
0.774775
0.731031
0.898545
0.964774
0.910842
0.682113
0.752978
1.093564
0.722712
0.842562
0.673943
1.109532
0.711192
0.659825
0.901918
0.710505
0.715629
1.082764
0.67361
0.644335
0.782249
0.623573
0.802878
0.785985
1.055297
1.027864
0.67727
0.668482
0.800217
0.685315
0.677186
0.795183
0.60114
0.697308
0.820574
0.69983
0.806564
0.459396
0.778608
0.600594
0.672818
1.086875
0.718486
0.759198
0.862666
0.988584
0.213023
0.923002
0.564067
0.774461
0.853882
0.930123
0.755326
0.720978
0.605719
1.036503
0.814368
0.647876
0.375912
0.925163
0.906453
0.660876
0.63088
0.194547
0.707773
0.103447
0.714149
0.720014
0.668471
0.618696
1.037284
0.840004
0.066897
1.087026
0.764547
0.753629
0.512189
0.667144
0.926788
0.721654
0.620873
0.540659
0.939349
0.744079
0.772325
0.83362
0.967028
0.880683
0.569102
0.810555
0.968397
1.09048
0.75525
0.846268
0.730517
1.076352
1.018573
0.91975
0.038198
0.76663
0.348437
0.702757
0.746256
0.669471
0.661914
0.633654
0.76362
0.758159
0.055926
0.825717
0.662898
0.749896
1.021259
0.6462
0.721818
1.060833
0.672818
0.680006
0.718376
0.848436
0.623606
0.691643
0.831078
0.038454
0.689267
0.041761
0.07589
0.834818
0.900218
0.843384
0.868258
0.495972
0.887093
1.105994
0.789211
0.613549
0.818554
0.667716
0.704772
1.10195
0.577635
0.680217
0.371087
0.51332
0.9806
0.801286
0.919563
0.477286
0.688049
0.74177
0.786081
0.817179
0.6573
1.074528
0.924643
0.807016
0.899951
1.050938
0.508704
0.933456
0.592789
0.666117
0.671641
0.747976
0.810663
0.802009
0.612118
0.654232
0.884065
0.72461
0.921064
0.833796
0.727925
0.692407
0.801
1.078145
0.737287
0.748428
0.783553
0.762707
0.770494
0.888642
1.094514
0.620067
0.615633
0.762432
0.791938
0.884945
0.513387
0.754111
0.748691
0.640224
0.632063
0.814327
0.672495
0.635946
0.69657
0.206408
1.048972
0.596504
1.032295
0.707672
0.924756
0.778492
0.74283
0.778315
0.865445
0.878334
0.652956
0.822017
0.882733
0.574761
0.084144
0.756095
0.696915
0.867737
0.893646
0.774511
0.646677
0.629129
0.869241
0.898716
0.87504
0.769906
1.070796
0.813444
0.774271
0.945043
0.700962
0.139683
0.04814
0.912395
0.795006
0.755422
0.101206
0.776537
0.661374
1.061111
0.719446
0.877995
0.875154
0.686526
0.664523
0.772759
0.070959
0.0473
0.62577
0.814506
0.820877
0.565267
0.141503
0.924229
0.792269
0.649266
0.765308
0.762452
0.634558
0.725535
0.813299
0.759939
0.715873
0.612587
0.500322
0.789222
0.776145
0.794134
0.698016
1.028628
0.614825
0.587013
0.085941
0.685151
0.847967
0.676405
0.938412
1.000315
0.774449
0.863013
0.908678
0.834993
1.074886
0.744053
0.748666
0.724193
0.723128
0.136693
0.768238
0.76647
0.702124
0.646684
0.746852
1.042979
0.765062
0.572685
0.882263
0.672642
0.742409
0.817369
1.002699
0.970098
0.731681
0.172142
0.815266
0.481234
0.502903
0.80726
0.087529
0.821327
0.6679
0.762459
0.930753
0.867131
0.744498
0.727065
0.759768
0.750246
1.117643
0.758281
1.066863
0.764206
0.547056
0.637732
0.709714
0.888229
0.606091
0.646949
1.024064
0.851734
0.961331
0.82003
0.703506
1.07441
0.026804
0.686741
0.559535
0.023601
1.028202
0.74726
0.560483
0.810137
0.754905
0.72483
0.688136
0.935346
0.712113
0.952498
0.774415
0.826219
0.635494
0.654216
0.907211
0.512298
0.700177
0.185131
0.734639
0.552787
0.227243
0.934601
0.728204
0.52218
0.700976
0.858806
0.786284
0.849144
0.894366
1.011996
0.766275
0.695372
0.939063
1.002019
0.796008
0.371729
0.739604
0.74813
0.910839
0.198421
1.105898
0.71874
0.942776
0.709597
0.707322
0.661598
0.876001
0.656478
0.391797
0.987438
0.873337
0.872101
0.867052
0.722917
0.758713
0.78942
0.64371
0.555254
1.09645
0.74479
0.672182
0.923791
0.970132
0.702181
0.725822
0.665235
0.725339
0.714784
0.088747
0.914329
0.762805
1.096649
0.921781
0.939695
0.581521
0.59374
0.70046
0.903577
0.777799
0.939713
0.896323
0.654183
0.895776
0.040807
0.09089
0.701671
0.044342
1.069821
0.765103
0.692445
0.175475
0.630763
0.064737
1.069127
0.902018
0.540418
0.821174
0.888799
0.686786
1.117067
0.96451
0.561008
0.675873
0.825012
0.879073
0.15774
0.646271
0.762934
0.740318
0.975172
0.47993
0.167573
0.743742
0.514494
0.841106
0.694652
0.918242
0.601127
0.66283
0.606588
0.750883
0.60348
0.842713
0.761231
0.830588
1.061479
1.082919
0.735447
0.579614
0.788554
0.827862
0.718912
0.897553
0.71448
0.601844
0.932801
0.56076
0.675499
0.793965
0.703329
0.207677
0.675646
0.44408
0.629857
0.048803
0.706417
0.944781
0.278472
0.747867
0.475506
0.540945
0.588963
0.761751
1.002362
0.799614
0.864501
0.62316
0.94427
0.944233
0.739791
0.873812
0.816119
0.559081
0.645373
0.61519
0.831894
0.67693
1.108532
0.347862
0.798816
0.703373
0.565712
0.606299
0.644999
1.082871
0.649962
0.040268
0.921288
1.027291
1.014582
1.04193
0.816028
0.730177
0.770525
0.806018
0.571609
0.541187
1.065669
0.739422
0.691283
0.75614
0.679134
0.72267
0.910049
0.783183
0.704251
0.89746
0.659207
0.70092
0.740274
0.740641
0.039698
0.782606
0.817778
0.998981
0.673359
0.87953
0.493494
0.789638
0.611552
0.940209
0.390011
0.732152
0.747497
0.902066
1.099342
0.653208
0.80743
0.671341
0.673257
0.630803
0.646047
0.920709
0.146743
0.719376
0.847355
0.975219
0.103091
0.690988
0.894412
0.094386
0.929353
0.980731
1.06248
0.742543
0.999159
1.033456
0.647992
0.655809
0.549633
0.833237
0.412325
0.941541
0.529016
0.783532
0.869799
1.069783
1.019592
0.687905
0.917296
0.046514
0.560003
0.123024
0.65885
0.826734
0.036972
0.575328
0.699999
0.857887
0.991136
0.692531
0.71877
1.012524
0.698571
0.072036
0.928283
0.414643
0.564505
0.371715
0.671474
1.091153
0.122542
0.748196
0.670163
0.865749
0.50967
0.841365
0.837729
1.109647
0.655695
0.661064
0.323051
1.102511
0.776748
0.557851
0.702171
0.57302
0.607831
0.842973
0.587091
0.659295
0.09716
1.060201
0.921563
0.908129
0.67949
0.741804
0.868166
0.619893
0.774105
1.067596
0.95108
0.838393
0.848864
0.877923
0.940886
0.771952
0.699044
0.135021
1.053996
0.80393
0.081433
0.790251
0.804937
0.749668
0.949224
0.636675
0.920662
0.517409
0.816195
0.860579
0.637632
0.974258
0.723711
0.482887
1.068688
0.742627
0.595338
0.014184
0.496618
0.864953
0.594773
1.089892
0.175243
0.811351
0.75677
0.53261
0.704318
0.741149
0.710072
0.613159
0.863342
0.062245
0.472572
0.978459
0.5912
0.885915
0.779759
0.714223
0.455734
1.073741
0.640399
0.811307
0.927416
0.869059
0.525854
0.02661
0.748635
0.833342
0.864754
0.831549
0.434612
0.916841
0.724087
0.885703
0.109046
1.008598
0.724936
1.058618
1.00512
0.803609
0.888259
0.693406
0.093371
0.603937
0.824709
0.676359
0.731451
0.756063
0.715573
0.943414
1.0592
0.567061
0.790627
0.984151
0.560929
0.843459
0.723509
0.808902
0.653821
0.756067
0.678068
0.886504
0.812123
1.079568
0.714455
0.717415
0.815225
0.785243
0.888855
0.666882
0.604462
1.065303
0.863796
0.833523
0.640977
0.858088
0.61481
0.662625
0.741492
0.86913
0.663018
0.692581
0.601456
0.891051
0.730536
1.060635
0.232107
0.026276
0.577703
0.802425
0.675362
0.748119
0.76245
0.69252
0.684679
1.048689
0.463278
0.668872
0.61014
0.863065
0.721712
0.665314
0.090182
0.839147
0.75963
0.662405
0.773294
1.08963
0.802397
0.781969
0.624158
0.703749
0.968955
1.138978
0.72297
0.622616
0.685021
0.772684
0.750798
0.120263
0.683735
0.595264
1.023694
0.843762
0.91235
0.867258
0.985787
0.781168
0.77218
0.033013
0.972059
0.704702
0.516836
0.715711
0.785096
0.75295
1.06441
0.705937
0.421575
0.82438
0.965286
0.820796
0.74745
0.599475
0.121585
0.760651
0.724081
0.639708
0.720806
1.105004
0.901785
0.630978
0.625345
0.983507
0.559149
0.728876
0.597964
0.81916
0.802123
0.607927
0.712636
1.088863
1.00018
0.769324
0.348968
0.931621
0.939299
0.851553
0.664533
0.867465
0.740246
0.464467
0.598775
0.661572
0.612569
0.763418
0.726983
0.73012
0.670897
0.778423
1.08591
0.779375
0.693112
0.689235
0.757174
0.816363
0.727376
0.914727
0.846628
1.045252
1.092497
0.188409
0.053316
0.730212
0.310298
0.728745
0.832448
0.715496
0.680319
0.593329
0.809622
0.906799
0.018948
0.416427
0.716166
0.795266
0.908268
0.807549
0.627685
0.856292
0.042409
0.902405
0.636141
0.924133
1.113295
0.758472
0.191824
0.827911
0.658747
0.761381
1.105289
0.986627
0.637323
0.858942
0.64671
0.993147
0.657182
0.843882
0.882495
0.68858
0.062015
0.499624
0.696315
0.931181
0.824587
1.077104
0.721724
0.887469
1.040726
0.749114
1.094387
0.939053
0.646027
1.055004
0.757679
0.499509
0.682814
0.806646
0.76688
0.814423
0.891623
0.773072
0.093322
0.666435
0.829894
0.735403
0.813173
0.725594
1.00328
0.923205
0.441437
0.72469
0.628282
0.848086
0.612635
0.775326
0.810861
0.513106
0.11004
0.049283
0.387318
0.733471
0.657109
0.699536
0.781134
0.737366
0.631621
0.744565
0.777643
0.932747
0.909615
0.799734
0.886762
0.697872
0.879703
0.076086
0.546602
0.154117
0.854882
0.701597
0.856788
0.621771
1.113544
0.669627
0.755768
0.739617
0.845784
0.864307
0.80815
0.84866
0.726625
1.092658
0.704667
0.516526
0.781831
0.687212
0.024382
0.598235
0.70152
0.880298
0.405183
0.813637
0.608832
0.649704
0.933244
0.76043
0.60603
0.866773
0.776486
0.79467
1.059386
0.630258
1.009705
1.021991
0.869315
1.114884
0.63539
0.731584
0.838263
0.938207
0.832413
0.189858
0.625881
0.325523
0.59128
0.151202
0.820208
0.582725
0.94753
0.664934
0.995217
1.12119
0.880438
0.680404
0.860531
0.749412
0.972054
0.659789
1.063848
0.593217
0.912413
0.566603
0.598663
0.899845
0.753911
0.128466
0.836056
0.782444
0.851902
1.048996
0.658696
0.718511
0.630064
1.002592
0.65003
1.015407
0.884116
0.733214
1.055853
0.693839
0.886812
0.81097
0.833835
0.746752
0.503464
0.715013
0.614811
0.847703
0.706504
0.905979
0.609547
0.221485
0.96588
0.779286
0.200298
0.845095
0.468079
0.811213
0.802043
1.105148
0.025801
0.38668
0.651405
0.872328
0.517315
0.589262
0.70744
0.782054
0.566724
0.62203
0.797237
1.089441
0.75299
0.970321
0.797783
0.590462
0.663823
0.657893
1.020555
0.667581
0.520218
0.743096
0.889906
0.921305
0.033318
0.859784
1.020087
0.727553
0.743954
0.070036
0.761431
0.970981
0.788509
0.92368
0.649258
0.784949
0.705821
1.001826
1.077189
0.745564
0.593374
0.686882
0.612881
0.72929
0.741587
0.659642
0.921346
0.905523
0.664948
0.873256
0.902428
0.581423
0.87411
1.00961
0.943311
0.762843
0.645943
0.672737
0.991659
1.069675
0.165654
0.53626
1.105666
0.882167
0.878814
0.716047
0.480022
0.665518
0.74947
0.602022
0.846826
0.648359
0.642938
0.631719
0.602605
0.510562
0.839638
0.680638
0.774103
0.718608
0.761771
0.703764
0.456245
0.713224
0.852729
0.716868
0.60389
0.648535
0.94679
0.717386
0.825601
0.262872
0.684976
0.603499
0.69534
1.093203
0.026786
0.602171
0.892042
0.757607
0.817635
0.846295
0.95989
0.978817
0.633495
0.80417
1.031534
0.045814
0.636036
0.874955
0.03736
0.818018
0.745046
0.618731
0.140828
1.118464
0.573124
0.786857
0.865245
0.565786
0.80775
0.085637
1.021174
0.677702
0.813734
0.747902
0.012859
0.57345
0.678629
0.840851
0.709139
0.685244
0.92595
0.718381
0.638923
0.830824
0.910727
0.838193
0.194785
0.760513
0.903382
0.702446
0.675255
0.887159
1.115564
0.499699
0.997107
0.901271
0.70731
0.745068
0.664609
0.946216
0.802173
0.772968
0.706143
1.13246
0.816041
0.668726
0.706901
0.803591
0.737776
0.821119
0.739731
0.823795
1.129361
0.725204
0.68457
0.860736
0.633175
0.043686
1.105228
0.757143
0.82775
0.65976
0.956565
0.805571
0.767913
1.106595
0.750387
0.499723
0.869881
0.379357
1.05536
0.611807
0.648602
0.786056
0.945999
0.760853
0.575951
1.101571
0.190736
0.865984
0.763999
0.565952
1.033272
0.784298
0.966643
0.64495
0.018799
0.694388
0.761715
0.753903
0.845274
0.913952
0.637261
1.069249
1.024709
0.843152
0.710239
0.994766
1.008974
0.958695
0.480356
0.864868
0.063302
0.720179
0.781563
0.685479
0.709445
0.674747
0.825515
0.744909
0.970127
0.637533
0.628434
0.135397
1.105233
0.609847
0.696797
0.738219
0.752015
1.065
1.098349
0.584037
0.697987
1.081393
0.705399
1.096416
0.01894
0.855764
0.836298
0.553323
0.837133
0.779214
0.193656
0.936642
0.845287
0.6456
0.872934
0.543357
0.027114
0.49593
0.813874
1.029232
0.694653
0.077959
0.870789
0.54962
0.844828
0.758905
0.712195
0.601234
0.823812
0.685414
0.023838
0.815042
0.959291
0.57081
0.881947
0.822193
0.794237
0.568988
0.602494
0.841202
0.919235
0.762982
0.014165
0.994257
0.700991
0.663424
0.530756
0.954502
0.759704
0.13291
0.777409
0.891408
0.874003
0.761458
0.750687
0.831391
0.817488
0.758928
0.158325
0.779021
0.756392
0.841655
0.04239
0.630895
0.787331
0.509342
0.600288
0.682323
0.899726
0.736703
0.184953
0.818798
0.613634
0.688633
0.90115
1.013322
0.681149
0.539213
1.088125
0.75705
0.748065
0.141731
0.721902
0.790251
0.867376
0.750836
0.650982
0.718296
0.599922
0.87161
0.703135
0.638555
0.979453
0.068614
0.579579
0.884828
0.711744
0.516588
0.602554
0.824408
0.911302
0.6726
0.834039
1.088857
0.589696
0.053719
0.687081
0.57999
0.623681
0.815657
1.07669
0.830565
0.758087
0.770254
0.882953
0.737362
0.708363
0.895601
0.665975
0.953029
0.730003
0.863008
1.062753
0.08184
0.884055
1.024244
1.048104
1.029618
0.883041
0.763522
0.81167
0.512947
0.024013
1.106462
0.859823
0.574679
0.669395
0.669644
0.628163
0.744743
0.03679
0.404582
1.055951
0.63084
0.814923
1.10511
1.088461
0.742325
0.686973
0.755678
0.615551
0.617386
0.080686
0.896135
0.71645
0.59627
0.636751
0.674021
0.914099
0.95442
0.822854
0.8434
0.972416
0.684573
0.780577
0.437876
0.643966
0.898565
0.691667
0.816773
0.747629
0.630958
0.571008
1.111711
0.400418
1.001703
0.066862
0.611707
0.509619
0.619694
0.925118
0.51959
1.076062
0.164857
0.800752
0.803098
0.874928
1.10368
0.758848
1.015644
0.759517
0.570725
0.760888
0.653142
0.594953
0.830465
1.089547
0.355303
0.560692
0.634917
0.781124
0.67886
0.657765
1.087202
0.632145
0.951258
0.620805
0.579775
0.703201
0.639331
0.753804
0.772761
0.707868
1.031139
0.624852
1.041349
0.689657
0.667622
0.688347
0.807565
0.696792
0.72255
1.129072
0.602069
0.666565
0.893892
0.954301
0.669105
0.736189
0.643775
1.116656
0.853112
0.03064
0.857168
0.814486
0.872681
0.637675
0.829047
0.932619
0.638064
0.680672
0.758767
0.6545
0.688167
0.808754
0.74784
0.242077
0.510224
0.824109
0.08121
0.747718
0.945982
0.435046
0.621665
0.631416
0.785159
0.80628
0.822566
0.856384
0.646838
0.621973
0.029647
0.721784
0.81104
0.809253
0.522955
1.101778
0.242492
0.647694
1.077311
0.415807
0.568669
0.735118
0.110806
0.710594
0.621689
0.671053
0.090249
0.782129
0.819891
0.776637
0.540791
0.795699
0.710849
0.704932
0.75025
0.581297
0.795912
0.851457
0.649499
0.997179
0.822228
0.854404
0.927181
0.801127
0.680119
0.915644
0.81179
1.046913
0.939702
0.592457
0.5485
0.701747
0.854672
0.409395
0.825066
0.86299
0.866386
0.631596
0.774865
1.06693
0.923557
0.93092
0.952473
0.125212
0.89546
1.111111
0.647777
0.90324
0.759168
0.58637
1.100813
0.821051
0.461641
0.920595
0.645726
0.813725
0.147712
0.673465
0.743455
0.801822
0.808244
0.965601
0.888981
0.664198
0.666701
0.655817
0.828356
0.640337
0.653749
0.739622
0.687067
0.924023
0.67925
0.849241
1.110306
0.972469
0.679971
0.610307
0.974102
0.662597
0.582479
0.997976
0.786767
0.474608
0.630203
0.748465
0.659533
0.598624
0.090612
0.670488
0.728192
0.602819
0.771751
0.824046
0.679724
0.915058
0.633553
0.829647
0.68658
0.696383
1.078836
0.692964
1.062063
0.589636
0.656891
0.727511
0.835816
0.88029
1.064795
0.988882
0.769481
0.589377
0.845961
0.695385
0.756952
0.716413
0.609088
0.844859
0.637254
0.59274
0.748261
0.762119
1.116288
0.615553
0.578884
0.905092
0.754558
0.87244
1.093859
0.148149
0.768459
0.660947
0.943867
0.939552
0.580865
0.757013
0.807831
0.876116
0.80306
0.654105
0.683399
0.714111
0.792459
0.517916
0.761412
0.827329
1.032208
0.670684
0.734653
0.918804
0.068495
0.690655
0.723145
0.551029
0.740348
0.944357
0.828794
0.899211
0.065581
0.715917
0.917815
0.087493
0.950107
0.917304
0.829649
0.898566
0.592447
0.660066
0.448683
0.648064
0.89111
0.620447
0.645446
0.703198
0.716233
0.238178
0.848284
0.807797
0.689788
0.815831
0.460045
0.770909
0.023239
0.566794
0.244922
0.782658
0.883221
0.683722
0.886945
0.893258
0.657914
1.118332
0.51339
1.039385
0.861494
0.760056
1.095309
0.874189
1.098003
0.939288
1.086113
0.596478
0.737452
1.076319
0.986184
0.94511
0.793835
0.9401
0.560457
0.066287
0.619968
0.456838
0.878572
0.73652
0.581107
0.772199
0.629656
0.865541
0.948308
0.694639
0.889088
1.11081
0.661196
0.951006
0.563727
0.893524
0.87884
0.498283
0.711153
0.608508
1.018949
0.637259
0.632789
1.063228
0.838691
0.953367
0.110118
0.680685
0.6844
0.639947
0.596986
0.770584
0.73525
0.619952
0.797552
0.688537
0.842819
0.782211
0.628484
0.11884
0.592689
0.102583
0.760435
0.763441
0.710243
0.026904
0.870616
0.040556
0.452453
0.660482
0.716556
0.60425
0.688188
0.749083
1.055715
0.480942
0.620778
0.775817
0.578235
0.736394
0.67512
0.335267
0.776038
0.650476
0.803175
0.720633
0.75326
0.835741
1.013093
0.728809
0.539635
0.680372
0.903276
0.838726
0.579858
0.732746
0.657131
0.099282
0.61584
0.694367
0.315783
0.850654
0.792515
0.812407
0.872371
0.095398
0.684039
0.784092
0.762243
0.531696
0.017656
0.669736
0.642656
0.774695
0.777949
0.793401
0.646423
0.76698
0.047838
0.658188
0.822299
0.886278
0.771897
1.003522
0.658034
0.684764
0.768815
0.66226
1.037049
0.785329
0.550723
0.636143
0.57737
0.549533
0.748789
0.897084
0.689819
0.171616
0.96212
0.949293
0.720977
1.10969
0.795599
0.770899
0.70922
0.893565
0.867387
0.627928
1.075002
1.003963
0.70146
0.821598
0.750585
0.23506
0.030723
0.602405
0.820452
1.026
1.067242
0.74711
0.605528
0.666863
0.854455
0.566112
0.770513
0.53085
1.108623
0.847818
0.706555
0.701255
0.968295
0.896256
0.087333
0.655002
0.616189
0.756686
0.635144
0.662913
0.103466
0.06508
0.062088
0.888755
0.553486
0.729569
0.129672
0.793619
0.654138
0.591547
0.544558
0.888458
0.779931
0.778376
0.691024
0.836511
0.706345
0.865812
0.1081
0.835588
0.807771
0.633583
0.817344
0.94456
0.803326
0.86438
0.923513
0.177511
0.988484
0.852029
0.656095
0.753681
0.410885
1.073721
0.744707
0.974288
0.763051
0.888795
0.669637
0.723973
0.271363
0.98222
0.950629
0.233023
1.08225
0.407051
0.796453
0.333254
0.784089
0.757749
0.834479
0.987192
0.760579
0.577209
0.886614
1.077947
0.895075
0.693804
0.49069
1.107124
0.695044
1.117983
0.625782
1.111435
0.134392
0.722413
0.890492
0.67601
0.822912
0.597083
0.76577
0.881047
0.71424
0.456132
0.752743
0.68345
0.475738
1.038292
1.115898
0.807439
0.811133
0.836203
0.786907
0.671604
0.095298
0.755361
0.738155
0.71146
0.912775
0.668536
0.551939
0.958569
0.449082
0.434252
0.816098
0.840285
0.055924
0.675917
0.749265
0.620586
0.796656
0.709833
0.670021
1.098194
0.704685
0.666824
0.594113
0.834403
0.661254
0.994802
0.944685
0.881662
0.736662
0.833095
0.718077
0.872959
0.926437
0.458964
0.863318
0.08697
0.914425
0.890245
1.130087
0.904714
0.841806
0.729361
0.055437
0.759202
0.184375
0.691701
0.795283
0.66278
0.677855
0.754699
0.810141
0.712321
0.105904
0.853509
0.954631
0.399318
0.65075
0.833607
0.864676
0.804745
0.634151
0.692546
0.566727
0.888343
0.673771
0.746463
0.727573
0.856357
0.604504
0.812092
0.94443
0.666241
0.142493
0.682551
0.730863
0.778002
0.66112
0.798671
0.811234
0.683483
1.076498
0.732224
1.087072
0.556531
0.628083
0.036777
0.76107
0.868389
1.050806
0.799759
0.828336
0.571612
0.561414
0.114539
0.873736
0.740589
0.557022
0.777333
1.106462
0.861274
0.854227
0.689976
0.941911
0.644887
0.799311
0.126013
0.847964
0.030464
0.659863
0.6516
0.822762
0.018719
0.265546
0.890301
0.841019
0.026921
0.85281
0.563882
0.899601
0.895706
0.897419
0.727452
0.538944
0.696396
0.729909
0.553635
0.742824
1.045875
0.44242
0.655299
0.852134
0.800747
0.869465
0.625222
0.87194
1.092214
0.522729
0.83935
0.733131
0.681229
0.600421
0.71251
0.729642
0.755217
0.684938
0.791279
0.759145
0.980227
0.678994
0.672044
0.879591
0.656651
0.657633
0.673578
0.767504
0.797167
0.743091
0.89335
0.918993
1.086327
0.191676
0.844956
1.057319
0.644961
0.701597
0.645721
0.864994
0.801187
0.690288
0.78365
0.923814
0.786403
0.587498
0.825631
1.000506
0.684926
0.883852
1.029692
0.099887
0.533507
1.106761
0.646415
0.037722
0.901339
0.047163
0.503339
0.896155
0.615301
0.704447
0.60926
0.883831
0.713725
0.761126
0.03407
0.972716
0.762757
0.643548
0.630683
0.605749
1.102175
0.892377
0.399554
0.84691
0.888105
0.706747
0.660475
0.83121
0.747403
0.463083
0.666271
1.088296
0.663208
0.820985
0.841855
0.83514
0.146209
0.597523
0.701722
0.772157
0.900773
0.786078
0.65143
0.785748
0.980111
0.745753
1.045165
1.022386
0.661104
1.086878
0.860085
0.875907
0.729876
0.822612
0.608195
1.043597
0.6852
0.46967
0.71888
0.999979
0.85551
0.078895
0.834227
0.643798
0.685506
0.578072
0.71224
0.645937
0.766388
0.828685
0.610691
0.527729
0.846225
1.108929
0.99013
0.387222
0.08243
0.811261
0.765566
1.067031
0.897335
0.661397
0.707075
0.656276
0.770191
0.686333
0.588724
0.798204
0.71939
0.539526
0.919824
0.984623
0.858493
0.597942
0.380355
0.847681
0.433828
0.881082
0.771507
0.92627
0.01579
0.669753
0.709431
0.804447
0.068402
0.859921
0.789098
0.517833
0.937493
1.019315
0.754012
0.703089
0.774522
0.79826
0.850021
0.716266
0.531678
0.852747
0.719799
0.89884
0.854234
0.747562
0.947757
0.689608
0.128937
0.864894
0.795134
0.541243
0.83667
1.116704
0.369715
1.120454
0.810626
0.801565
1.104128
0.674638
0.86584
0.734455
0.685543
0.775674
0.759425
0.994469
0.943595
0.800885
0.978482
0.795522
0.750983
0.634282
0.560338
0.792695
0.847264
0.05789
0.774485
0.806826
0.43905
0.789984
0.576627
0.578278
0.890912
0.872136
0.956968
0.579824
0.733088
0.698814
0.528747
0.844726
0.699277
0.887833
0.600643
0.677479
0.883014
0.846259
0.759932
0.626495
0.678184
0.717574
0.749269
0.673458
0.58414
0.592356
0.712093
0.201556
0.734613
1.113805
1.099801
0.86135
0.702736
0.769589
0.778262
0.421778
0.636245
0.558916
0.741775
0.752748
1.099157
0.621372
0.657024
1.106961
0.848363
1.013009
0.769903
0.849601
0.680045
0.906508
0.623628
0.916083
0.975045
0.63432
0.702393
0.820537
0.912264
0.771236
0.806992
0.822186
0.819116
1.016082
0.75454
0.807989
0.745599
0.839993
0.681249
0.61926
0.643641
0.683052
1.002344
0.738349
0.816132
1.101291
0.824035
1.004041
0.923662
0.262652
0.61489
0.583309
0.194864
0.902515
0.854462
0.80325
0.89524
0.958284
0.023742
0.298889
0.693576
0.693063
0.691486
0.888979
0.525056
0.857112
0.940929
1.084505
1.006599
0.811442
0.643592
0.095876
0.587155
0.641044
0.681808
0.625446
0.778827
0.560709
0.868412
0.709431
0.883612
0.643354
0.653191
0.116019
0.612016
0.787364
0.77075
0.754276
0.705532
0.785541
0.8245
0.838156
0.782824
1.069959
1.093008
0.632119
0.537772
1.04524
0.658625
0.305015
0.776112
0.729293
0.827129
0.915409
0.836291
0.808929
0.609887
0.924072
0.194604
1.001915
0.784273
0.618463
0.704771
0.87428
0.679154
0.77899
1.088794
0.608916
0.720388
0.710971
0.761011
0.759456
0.640108
1.020229
0.90331
0.747333
0.671313
0.873567
0.876769
0.866827
0.753456
0.948806
0.802615
0.719156
0.817256
0.656738
0.625474
0.668164
0.641808
0.761535
0.90917
0.056343
0.960649
0.892588
0.720312
0.989503
0.558695
0.840082
0.842957
0.521195
0.625623
0.960895
0.617519
0.8392
0.876209
0.727803
0.596065
1.110112
0.664836
0.637488
0.765739
0.362867
0.699682
0.950011
0.623048
0.918403
0.721291
0.697496
1.110669
0.631993
0.679402
0.650648
0.850924
0.887836
0.552854
0.721938
0.807417
0.683447
0.943239
0.37966
0.568524
0.040211
0.840832
0.574202
1.017025
0.599929
0.786339
0.789556
0.442886
0.830337
0.52085
0.65088
0.654851
0.837633
0.044292
0.710976
0.753391
0.822968
0.80113
0.055431
0.415495
0.952782
0.719473
0.831006
0.787742
0.869868
0.66735
0.624595
0.628263
0.84524
1.084009
1.129755
0.725929
0.659502
0.86829
0.832492
0.638552
0.710616
0.887373
1.106586
0.128807
0.877823
0.516963
0.728288
0.607756
0.516887
0.714669
0.715465
0.965017
1.004522
0.771755
0.900318
0.762761
0.638153
0.887159
0.92219
0.743345
0.854631
0.885305
0.807597
0.659456
0.809778
0.782711
0.597336
0.084689
0.456392
0.299508
0.688769
0.937436
0.733283
0.994158
1.12528
0.705499
0.533607
0.935975
0.655144
0.852556
0.711478
0.632697
0.73598
0.588775
1.081946
0.767506
0.743728
0.85138
1.005989
0.451075
0.945575
0.827423
0.030157
1.122384
0.806533
0.840462
0.669794
0.916861
0.876943
0.809157
0.07169
0.719875
0.779562
0.848993
0.895122
0.385386
0.874473
0.730816
1.048891
0.108013
0.670785
1.051384
0.836229
0.855182
0.789591
0.710055
0.812936
0.712242
0.793406
0.730829
0.959794
0.750857
0.793075
0.845037
0.805359
0.491804
0.928464
0.862969
0.414969
0.680577
0.712392
0.966535
0.889079
0.030772
0.561275
0.861959
0.812317
1.004083
0.749058
0.716007
0.686807
0.70276
0.697644
0.857346
0.412322
0.23924
0.349673
0.296749
0.784413
0.786982
0.600037
0.901453
1.098449
0.023612
0.556639
0.827245
1.048979
0.604605
0.590549
0.819238
0.729796
0.49778
0.934239
0.097165
0.429907
0.809508
0.38729
0.939981
0.544151
0.548844
0.638146
0.785759
1.042144
0.82856
0.887777
0.582269
0.052494
0.95509
0.951136
1.007177
0.087072
0.978895
0.60322
0.683685
0.678523
0.610773
0.610554
0.730201
0.891121
0.812617
0.815026
0.694713
0.800778
0.790977
0.901485
0.748716
0.690943
0.69599
0.667005
0.69725
0.725124
0.620115
0.541208
1.020524
0.841755
0.19261
0.880983
0.636497
0.75242
0.628044
0.824941
0.935015
0.976745
0.993953
0.75581
1.069296
0.569822
0.676371
0.89983
1.032441
0.057536
1.091269
0.800999
0.806268
0.644885
0.172845
0.794073
1.094577
0.70031
0.651511
0.980732
0.62976
0.977499
0.054812
0.843657
0.78061
0.845048
0.963764
0.993709
0.648631
0.618243
0.705223
0.913698
0.786137
0.891219
0.86768
0.063566
0.707659
0.567075
0.38155
0.772309
0.163511
0.831962
0.087664
0.803434
1.109116
0.635554
0.726025
0.84624
0.889099
0.736778
0.726148
0.961344
0.801549
0.597425
0.291296
0.870596
0.920868
1.07964
0.698582
0.515525
1.073532
0.807548
0.620324
0.969246
0.611972
0.316005
0.810382
0.737886
0.096521
0.782098
0.629118
0.566338
0.976082
1.017608
0.124928
1.093999
0.881213
0.861577
0.771241
0.80031
1.075964
1.067544
0.979455
0.712618
0.87954
0.737673
0.939699
0.806585
0.064564
1.012341
0.851999
0.936282
0.831206
0.323344
0.8678
0.869596
0.749625
0.729119
0.736099
0.886027
0.951719
0.809138
0.181808
