0.007583
0.006049
0.005251
0.006398
0.005809
0.007721
0.006676
0.077060
0.007825
0.009258
0.009209
0.112703
0.007175
0.021178
0.006001
0.011184
0.011836
0.039797
0.017152
0.039803
0.017147
0.030845
0.049045
0.057982
0.007041
0.013756
0.020176
0.024546
0.067531
0.019579
0.122154
0.022101
0.010100
0.006075
0.072191
0.010613
0.018965
0.084009
0.023943
0.024259
0.072038
0.013231
0.005536
0.029633
0.026169
0.055292
0.046876
0.026851
0.090242
0.033445
0.030365
0.015216
0.038129
0.028673
0.030782
0.063189
0.030090
0.037289
0.089870
0.057667
0.046994
0.037644
0.035377
0.034078
2.099462
