1.245127
1.183981
1.844420
1.941845
0.454615
0.052666
0.975205
1.635791
1.756154
1.111443
1.487343
1.859337
1.704088
2.177922
1.354388
0.176340
1.300790
0.936274
1.669341
0.857889
2.215734
0.104176
1.796304
2.091889
1.163837
1.716140
1.735197
1.975523
1.398058
1.507889
0.868454
1.256787
1.709900
2.292275
1.488541
1.738558
1.191522
1.589863
1.639032
1.013556
1.034140
1.354499
1.319438
1.397977
1.642987
0.947090
1.706199
1.574745
1.067679
2.059023
2.059177
1.571935
0.641685
1.440228
1.412918
1.066976
1.502220
1.287779
1.227494
1.069803
1.168687
0.169428
2.217584
1.395848
1.527884
1.505401
1.590816
1.617626
0.090163
0.122299
1.546208
0.009322
1.978712
2.317598
1.350634
1.155029
1.812342
1.229872
1.401146
1.576407
2.156969
1.821561
2.130610
0.964299
1.222688
1.426443
1.135569
1.433487
1.467743
1.537294
1.099240
2.202188
1.139390
1.476878
1.083804
1.322647
1.613034
1.500673
2.214899
0.861317
0.829665
1.206881
0.600213
1.047688
1.433817
1.034514
1.095686
1.561308
1.288913
1.681172
2.023541
0.424937
1.601405
1.366737
1.235679
2.154666
1.720302
1.085962
1.696004
1.486783
1.176589
1.468878
1.663581
0.875356
0.913256
1.992227
1.581091
1.669109
1.124214
1.764930
0.987753
1.487032
1.522813
1.278951
0.110800
1.604141
1.140836
1.415483
1.499305
1.366759
1.437060
1.373506
1.536221
1.569395
1.267535
1.277054
1.633659
1.385017
1.204955
1.497367
1.840893
1.187471
1.284720
1.137297
1.176507
0.596701
1.389932
1.394929
1.362727
1.177063
1.485920
0.924212
1.556387
1.194547
1.197260
1.483143
1.428364
1.024685
1.281125
1.477057
1.277752
1.192979
1.330798
0.050181
1.536959
1.270885
1.159457
1.107371
1.389563
2.122392
1.438667
1.043122
0.844253
0.106088
1.708290
1.597201
1.487511
1.228381
1.499954
1.098814
1.802196
1.195351
1.920427
1.433334
1.337858
1.237171
1.595260
1.175357
1.370330
1.247417
0.104957
1.417842
1.973146
1.441906
1.341358
1.882784
1.614109
1.506460
1.069570
1.387880
1.519801
0.792696
1.302828
1.575205
1.159485
1.536709
1.558579
1.648617
1.294626
1.310615
1.709743
0.432591
0.274711
1.346913
1.684267
1.574724
1.304745
0.884421
1.328983
0.827602
1.365054
1.181335
1.112629
0.638249
1.789291
0.930537
1.098209
1.800451
1.232567
1.328648
0.926319
1.237805
1.418681
1.533314
1.320012
1.667713
1.380523
0.794570
1.033990
1.295587
0.959256
0.064602
1.682503
0.053862
0.014430
1.186214
1.219724
1.454789
0.977499
1.055428
1.082946
0.987296
1.340132
1.251444
1.040829
1.423086
1.044823
1.090097
0.468070
1.143735
0.781211
1.123353
1.258692
0.911754
0.820216
0.782898
1.074216
1.621705
1.315988
1.167705
0.165649
0.843673
1.179141
1.195748
0.577761
1.571200
0.805051
0.938516
0.018482
1.188983
1.166140
0.022634
1.040095
0.825556
1.214446
0.616997
0.999595
1.224349
1.264017
1.099575
0.732166
0.062093
1.060135
1.027465
1.013428
1.223017
0.975730
1.068714
1.290787
1.053003
0.529824
1.184937
0.219742
0.936221
0.901709
0.909625
0.798896
0.936506
0.845005
0.843338
0.951843
1.109314
0.893637
0.971366
1.026598
1.290267
0.155385
0.173417
0.776377
0.927576
1.050693
0.886891
0.998391
1.249242
1.134817
1.139994
0.891013
0.967312
0.804286
0.738798
0.686576
0.913205
0.870314
0.911232
0.739618
0.917789
0.778235
1.190020
1.104253
1.093711
0.914126
1.217678
1.235813
0.828276
0.731897
0.933250
1.173753
1.005488
0.062372
1.000444
1.129888
1.103221
0.020627
1.121812
1.195400
0.756494
1.269777
0.899730
0.886789
0.878720
1.092746
0.907323
0.853319
0.807598
1.208582
1.131238
1.283685
1.062472
1.127150
1.277007
1.218931
0.974620
0.122062
0.787624
0.057872
0.763560
0.924710
1.051782
0.774051
0.655524
1.324251
0.876219
0.872046
0.774728
0.554868
0.241684
0.353028
0.953658
0.713217
1.108634
0.901342
0.709037
1.077171
0.961742
0.818808
0.565084
0.874858
1.078595
0.851483
1.059996
1.097845
0.912788
0.757027
0.093164
1.053041
0.908692
0.814324
1.055097
0.880592
1.002426
1.182372
0.928929
1.002771
1.044466
1.065341
0.934616
1.054187
1.076436
0.089533
0.952412
0.790807
0.756674
1.110833
1.039405
0.795323
0.711013
0.642612
1.079392
1.033871
0.871100
0.739415
0.768764
0.947129
0.974314
0.928650
0.980737
0.929413
0.802336
0.850024
0.778059
0.930730
1.067975
1.038234
0.982937
1.069761
1.015597
0.797222
0.746773
1.049554
1.124072
0.831747
0.865803
0.842800
1.004929
1.028789
0.821345
0.303556
0.977100
0.830089
0.780837
1.071201
0.994099
0.888786
0.907477
1.039476
0.932672
0.825189
1.208854
0.999636
0.921298
0.713971
0.988838
0.721606
0.779388
0.718080
0.456743
0.764394
0.886412
0.761910
0.938781
0.886680
0.074069
0.821270
0.095598
1.012377
0.803869
0.765912
0.887603
0.824527
1.195793
1.103552
0.878825
0.928367
0.745248
0.126295
0.952474
0.732834
0.950348
0.716031
1.113105
0.788528
1.050018
0.144809
1.220444
0.594298
0.149116
0.934039
1.084188
1.084862
1.045425
0.917953
0.834436
1.082948
0.853950
0.802870
1.205433
0.726471
0.711867
0.749426
0.787832
1.048501
0.724148
0.865908
1.037042
0.487879
1.046008
1.068197
1.078455
1.132309
0.929229
0.877181
0.442102
0.132238
0.836194
1.056232
0.962861
0.011047
0.769857
0.793067
1.208873
0.888236
0.697459
0.810917
1.197464
0.625784
1.080168
0.994061
0.988807
0.877820
0.854546
0.879267
0.966267
0.977834
1.001465
0.690626
1.171127
1.011809
0.744018
0.768677
0.603533
0.216718
1.035414
1.038135
0.984868
1.086630
0.926628
0.473622
0.601522
0.870168
0.039618
0.837015
0.725162
0.142660
1.127074
0.804856
0.758398
1.053576
0.857261
0.891824
0.977359
0.737911
0.761967
1.171446
0.782634
0.198302
0.886349
0.687994
1.074745
1.143363
1.072975
0.779055
0.889595
0.884941
0.772628
0.805598
1.115950
0.895905
0.892769
0.879708
0.007552
0.749238
0.707078
0.889762
0.824690
0.938763
0.956778
0.873837
1.103998
1.100351
0.775560
0.724639
1.015870
0.858780
0.792344
0.737231
0.643480
0.690935
1.169330
1.178276
0.966993
0.866005
0.803451
0.586394
0.792719
0.740719
1.034777
0.937468
1.121190
0.976097
0.739720
0.955332
0.797548
0.838040
0.811205
0.718865
0.816850
0.865201
1.085704
0.921290
0.872318
1.040910
1.105449
0.793894
1.166070
0.755923
0.799205
0.944297
0.114073
1.118476
1.107262
1.161962
0.876588
0.487249
0.787969
0.660729
0.996376
0.674047
1.113323
1.127997
0.650315
0.857851
0.696075
0.641886
1.105631
1.169247
0.817768
1.033048
0.854090
0.832121
1.015838
0.752168
0.195091
0.864734
0.738001
0.747594
0.796706
0.896783
0.733988
0.915608
0.716474
0.783096
0.734908
0.819913
0.910607
1.122340
0.749243
0.897601
0.953843
0.754258
0.700835
0.960918
0.982101
0.382403
0.952475
0.592965
0.946130
0.856491
0.911730
0.948586
0.694084
0.703889
0.823020
0.944339
1.076988
1.107296
0.782858
0.035961
0.404943
0.775838
0.743999
0.788785
0.702136
0.719604
0.846509
0.662041
0.647941
0.791718
0.956684
0.737937
1.001794
1.028939
1.088804
1.112848
0.897172
0.765290
0.860256
0.961659
0.459933
0.136409
0.865935
0.917803
0.029020
0.842077
1.117329
1.077442
1.047185
1.071783
0.050860
0.870100
0.774385
0.058542
0.040286
0.970200
0.878733
0.832068
0.961506
0.865003
0.806131
0.505864
0.657936
1.027115
0.654940
1.033974
1.058148
0.731883
1.035585
0.910288
0.794908
0.779985
0.383113
0.441560
0.925959
0.663573
0.608832
0.948787
0.828510
0.416633
0.951869
0.592587
0.986083
0.798351
1.054302
0.776144
0.706590
0.635790
0.885379
0.837657
1.085406
0.806713
0.801430
0.775322
0.946292
0.892313
0.629860
1.017623
0.756190
1.083839
0.773737
1.108168
0.821476
0.859549
0.904594
1.157210
0.565839
1.109441
0.799131
0.898799
0.791650
0.984569
0.850712
0.145557
0.697308
0.861800
0.691812
0.799272
0.689165
0.876975
0.829009
1.009005
0.914095
0.785190
0.465115
0.617804
0.886742
0.818246
0.762083
1.112352
0.094065
0.797949
0.882106
0.115446
0.910130
1.047281
0.840432
0.942262
0.808066
0.731033
0.673070
0.980944
0.713371
0.061160
0.804016
1.092872
0.657180
0.782535
1.092745
0.709462
0.793250
0.778571
0.772507
0.744677
1.021435
0.933225
1.078735
0.762917
0.805652
0.797215
1.083481
0.682403
0.960328
0.881658
0.767419
0.836650
0.995279
1.010071
0.534733
0.744170
0.090770
0.790395
0.855367
0.444586
0.806216
0.688939
0.770757
0.967880
0.821690
0.708942
0.975637
0.812984
0.739339
0.677671
0.810142
1.011376
0.877068
0.342648
0.033284
0.096777
1.083622
0.725148
1.076202
0.928061
0.812142
0.760771
0.962419
0.587442
0.699103
0.991514
0.844453
0.776851
0.903939
0.657453
1.117383
0.961988
0.665908
0.103891
0.912758
1.118016
0.900694
0.971655
0.856635
0.744272
0.753087
0.881973
1.096565
0.905502
0.701150
0.836376
0.831401
1.116058
0.940583
0.865723
0.439657
0.636301
1.132543
0.831655
0.098964
1.167496
0.832887
0.660520
0.864581
1.112976
0.724749
0.673146
0.795504
0.960301
0.688944
0.552039
0.873166
0.845382
0.918821
0.629379
0.687663
0.777140
0.885901
0.647966
0.649341
0.538090
0.914605
0.808620
0.579062
0.867737
0.851889
1.124153
0.705295
1.075471
0.512046
0.081506
0.931549
0.093595
0.912382
0.636663
0.032648
0.738491
0.943035
0.641073
0.754860
0.705160
0.563873
0.755633
0.054549
0.068384
1.006601
0.888533
0.709483
0.804396
0.966014
0.492848
0.858085
0.786711
0.871758
0.818970
1.132389
0.861402
0.833034
0.940449
0.913946
0.903760
0.784750
0.862641
0.832859
0.905449
0.869619
0.672532
0.731747
0.635703
0.666165
0.081694
0.811081
0.845793
0.671489
0.254978
0.738945
0.756791
0.769232
0.638890
0.992116
0.957221
1.152598
0.081704
1.033922
0.650682
0.749613
0.840726
0.789334
1.000001
0.760548
0.771146
1.139984
0.790893
0.642723
0.921949
0.868183
0.985096
0.858903
1.014971
0.666243
0.868816
0.741318
0.933009
0.093924
0.766665
0.491834
0.920348
0.858890
0.799328
0.759972
0.719408
0.933032
0.776029
0.984449
0.708934
1.114855
0.790909
0.912808
0.417759
0.740098
0.934972
1.097282
0.880867
0.806336
0.165616
0.899234
0.717187
0.847578
0.756196
0.743410
0.793592
0.880514
0.796079
0.457783
0.564684
0.816417
1.088619
0.909539
0.851232
0.729777
0.637475
0.762076
0.708274
0.821230
0.687660
0.708061
0.772405
0.816665
0.961010
0.771041
0.922948
0.844602
0.796853
0.697325
1.039215
0.744498
0.108990
0.985003
0.703433
1.166591
0.796367
0.912985
0.968933
0.722481
0.071171
0.057682
0.871566
0.844488
1.162513
1.012551
0.845834
0.668325
0.494214
0.707734
0.826648
0.485496
0.929973
0.875835
0.875727
0.797689
0.653103
0.425711
0.854549
0.840380
0.971826
0.782550
1.002325
0.773437
0.858465
0.922387
0.321572
0.962737
0.820703
0.841473
0.843535
0.795830
0.926802
0.822417
0.842727
0.659756
0.838759
0.766802
1.123935
0.838672
0.701091
0.642415
0.909132
0.886980
0.710844
1.029663
0.902413
0.894251
0.782732
1.228124
0.613513
1.137314
0.701504
0.055565
0.898000
0.047375
1.065713
0.689691
0.653188
1.005150
0.559041
0.956528
0.745004
0.781370
0.982959
0.883555
0.794224
0.759635
0.618389
0.611910
0.515803
0.512235
0.852800
0.635063
0.915287
0.956472
0.586381
0.810879
0.784645
1.134241
0.753036
0.058539
1.008497
0.623053
1.059159
0.688886
0.828597
0.846445
0.884621
0.879149
0.882661
0.916373
0.295431
0.751264
0.819835
0.769301
0.437585
0.793725
0.624498
0.751483
0.775505
0.971780
0.685178
0.625809
0.794039
0.740459
1.163718
0.730013
0.032747
0.950732
0.797369
1.166457
0.959407
0.752347
0.971725
0.825669
1.141373
0.430730
1.121761
0.943173
0.943278
1.136786
1.090479
0.850518
0.730226
0.866766
0.717940
0.799451
0.575617
0.988161
0.960654
0.646454
0.730855
0.039553
0.886157
1.129121
0.586098
0.724662
0.798343
0.114794
1.008374
0.872490
1.102773
0.458198
0.875702
0.634041
0.935322
1.013025
0.100345
0.847081
0.931491
1.028473
0.704174
0.960989
0.714476
1.148249
0.910886
0.787474
0.909522
0.068083
0.813704
0.729809
0.806343
0.647612
0.388738
0.652139
0.668745
0.843562
1.023380
0.048591
1.004613
1.005932
0.801936
0.884886
0.926349
0.760622
0.694906
0.697638
1.089407
0.993814
0.624422
0.019500
1.113768
0.681786
0.846479
0.891586
0.599147
0.882462
0.614012
0.437661
0.697760
0.135388
0.688838
0.731680
0.987849
0.686119
1.145558
0.640150
0.072323
0.611966
0.565592
0.634750
0.872772
0.915885
0.687348
0.975289
0.841101
0.777550
0.044554
0.201119
0.857675
1.042795
0.758441
0.744581
0.935636
0.958419
0.687662
0.608088
0.850135
0.544030
1.028188
0.872151
0.990229
0.865170
1.026670
0.017126
0.728801
0.839719
0.053689
0.898251
0.841136
0.744417
0.796481
0.762025
0.064856
1.336290
0.621871
0.635983
0.700644
0.831236
1.133351
0.743508
0.815091
0.776288
0.878439
1.101254
0.933105
0.007435
0.792605
0.487192
0.798181
0.660626
0.998437
1.149807
0.682512
0.720997
0.722283
0.927250
0.891701
0.012100
0.942191
0.926670
0.723718
0.809340
0.889027
1.178660
0.751318
0.059850
0.062929
0.970573
0.833460
0.065173
0.951744
0.925670
1.126819
0.715220
0.858995
0.838328
0.698009
0.074620
0.207660
1.198598
0.883154
1.132918
0.446813
0.802267
0.870828
0.947940
0.778252
1.131652
0.856429
0.926737
0.924786
0.756641
0.598384
0.727154
0.849833
0.836605
0.776014
0.797257
0.473614
0.043800
1.131629
1.028546
0.796267
1.030876
1.017343
0.697535
0.441325
0.895817
0.964366
0.897257
0.960176
0.834135
0.950013
0.798196
0.889984
0.707682
0.877706
0.875709
0.749403
0.668226
0.920243
0.763456
0.835979
0.132750
0.049798
0.632591
0.410868
0.675139
0.851564
0.708490
0.486141
0.784524
0.848680
0.750797
1.055683
1.018710
0.710127
0.440232
0.706599
0.770101
0.610302
0.969016
0.829293
0.675105
0.778118
0.693071
0.701023
0.623193
0.756584
0.440777
0.753128
0.655111
0.738836
1.011406
0.800351
1.039209
1.018772
1.003709
0.661552
0.924896
0.707203
0.620241
0.819366
1.086591
0.612702
0.659175
1.123686
0.885753
0.812722
0.075525
1.116882
0.586920
0.374491
0.855834
1.061573
0.700224
0.856944
0.779722
0.109756
0.971694
0.762965
0.889253
0.899459
0.583093
0.024603
0.733258
0.453842
1.101102
0.061096
0.804366
0.956901
0.815273
0.911356
0.733208
0.950019
0.724696
0.735896
0.837151
0.067456
0.194371
0.798184
0.689360
0.915393
0.979245
0.805535
0.906458
0.757565
0.737011
0.630153
0.380710
0.746498
0.957001
0.222047
0.737197
0.836189
0.663199
0.713839
0.765254
0.709290
0.837423
1.143032
0.749331
0.510224
0.730929
0.734013
1.089944
0.676782
1.031275
0.823839
0.448339
0.633429
0.637282
1.157014
0.733133
0.795695
0.729564
0.816335
0.841472
0.765185
0.032461
0.085974
0.094167
0.794941
0.853460
0.841306
0.414695
0.863606
0.788706
0.895652
0.818893
0.630504
0.820663
1.006098
0.735971
0.886058
1.082929
0.643464
0.395745
0.959979
0.906704
0.827611
0.997453
1.005806
0.532782
0.862605
0.797652
0.721369
0.936572
0.889008
0.691539
1.057900
0.783480
0.788272
0.760673
0.268460
0.781037
0.026653
0.445834
0.666128
0.916914
0.048971
0.738910
0.678195
0.818804
0.903814
0.716582
0.725710
0.922709
1.061465
0.868697
0.773754
0.630545
0.813309
0.915403
0.669071
0.925584
1.109442
0.860566
0.949117
0.835602
0.885285
0.717975
0.928063
0.817944
0.849236
0.785357
0.713797
0.882596
1.134133
1.032473
0.652675
0.938338
0.780755
0.856138
0.694989
0.873789
0.506254
0.623528
0.750415
0.173730
0.876859
0.735797
0.752396
0.663287
0.838737
0.589010
0.829661
0.900333
0.676866
0.579640
0.847451
0.743319
0.937331
0.936593
0.919458
0.960186
0.774285
0.864721
0.485969
0.703610
0.672813
0.021710
0.937009
0.645664
0.906654
0.766335
0.912049
0.733818
0.374946
1.007097
0.565689
0.895333
1.000995
0.959188
1.062039
0.100484
0.108586
0.992658
0.787072
0.668012
1.030925
0.162706
0.726586
0.751680
0.801877
0.767150
0.691006
0.180942
0.469800
1.150987
0.696776
0.830293
0.747250
0.687904
0.777824
0.593279
0.777625
0.066599
0.086406
0.843675
0.717988
0.715951
0.878226
0.837227
0.937543
0.755454
0.988150
0.856448
0.698919
0.686949
0.633046
0.756988
0.967651
0.538375
0.994283
0.730542
0.896738
0.792301
0.829631
0.756602
0.605274
0.838568
0.758969
0.734277
0.794324
0.869398
0.472724
1.018768
0.031850
0.852151
0.996549
0.947852
0.831782
0.977021
0.718776
0.623150
0.914597
0.889804
0.846785
0.522876
0.891127
0.837751
0.797465
0.672181
0.666828
0.760287
0.730247
0.667987
0.830712
0.642897
0.854944
0.989687
0.652080
0.726827
0.777272
0.786872
0.360422
0.877432
0.881613
0.933540
0.747541
0.722326
0.825107
0.804802
0.836420
1.131161
0.777181
0.666639
0.748992
0.887910
0.670055
0.546573
0.975216
0.629078
1.020082
0.895330
0.846907
0.796958
0.710720
0.783197
0.811998
0.681680
0.721960
0.743776
0.870721
0.619312
0.905481
0.781819
0.901122
0.972332
0.135992
0.910760
0.895422
0.589143
0.932582
0.751438
0.049088
0.898118
0.905820
1.048636
0.712557
0.742780
0.676757
0.758339
0.641260
0.771840
0.620787
0.821323
0.797984
1.044614
0.683141
0.091401
0.790384
0.930257
0.929092
0.713556
0.767360
0.809348
0.735422
0.082654
0.683080
0.759071
0.767095
0.671544
0.769226
0.761951
0.829822
0.958664
0.914723
0.754610
0.756281
0.651112
1.095678
0.908765
0.901024
0.690354
0.691733
0.536976
0.865760
0.948870
1.093186
0.821856
0.801437
0.765719
0.461918
0.738190
0.838978
0.845438
1.117495
1.102415
0.764590
0.763052
0.668603
1.119167
0.733197
0.905718
0.741052
1.115435
0.620926
0.672372
0.192252
0.745520
0.927220
0.579457
0.682155
0.846207
0.846643
1.018049
0.616326
0.865090
0.650059
1.104924
0.939972
0.870658
0.707754
0.569224
0.881555
0.717794
0.865478
0.774288
0.735444
0.014284
0.906486
1.153253
0.915771
0.669004
0.800900
0.893129
0.887436
0.138718
0.863264
0.671702
0.604343
0.814002
0.896479
0.799458
0.429873
0.778468
0.251435
0.029721
0.827390
0.075962
0.776738
0.911592
1.124889
0.843890
0.905089
0.045571
1.127756
0.897491
0.824648
0.840458
0.805991
0.837281
1.138106
0.700796
0.860520
0.874395
1.225420
0.819624
0.724245
1.007147
0.875934
1.134287
0.759342
0.017173
0.774637
0.237859
1.048603
0.785782
0.743759
1.065302
0.770115
0.759539
0.772669
0.692328
0.738448
0.750096
0.903745
0.500944
0.997844
0.964173
0.777129
0.879895
0.722227
0.706153
0.685286
0.959268
0.882022
0.637641
0.796417
0.643854
1.063929
0.767250
0.079096
0.842368
0.851708
0.809528
0.568859
1.103151
0.917645
0.810958
0.695362
0.085039
1.047068
0.894279
0.805789
0.896769
1.035047
0.666985
0.963336
0.823592
0.613825
0.928146
0.895367
0.053147
1.136627
0.696904
0.803248
0.827479
0.610660
0.655899
0.862128
0.766259
0.069018
0.098986
0.849052
0.713941
0.665739
1.018495
0.513192
0.885411
0.762517
0.866097
0.802580
0.120895
0.692225
0.871620
1.078335
0.597708
0.564791
0.812690
0.727175
0.902711
1.118039
0.053713
0.975654
0.960332
0.607587
0.696159
0.685577
0.745362
0.801288
0.848205
0.744904
0.603339
0.099319
0.902856
0.398768
0.784335
0.702015
0.835828
0.244049
0.888784
0.948838
0.077897
0.643885
0.857057
0.083471
0.818830
0.625459
0.912115
1.018449
0.754598
1.059314
0.546794
0.747490
0.978607
1.090999
0.832546
0.723757
0.783200
1.229007
0.995137
1.059971
1.043082
0.379798
0.733587
0.777745
0.881460
0.789197
0.753884
0.772853
0.797871
1.102033
0.833872
0.940901
0.658965
0.784955
0.046431
0.933722
0.657339
0.969085
0.407469
0.842783
0.842968
0.832974
0.049528
0.774409
0.076216
0.861245
0.988745
0.858660
1.124398
0.795751
0.973556
0.843543
0.182956
0.686493
0.838638
1.161772
1.101459
1.001083
0.966808
0.747227
0.830086
0.755195
0.771608
0.596680
0.780830
0.790104
0.853392
0.809518
1.006787
0.759388
1.158438
0.112401
0.736736
0.769954
0.872489
0.987786
0.906856
0.954155
0.754293
0.339650
0.943562
1.144381
0.598548
0.617298
0.846076
1.040546
0.991745
0.651645
0.937438
1.079413
0.813405
1.047680
0.180385
0.779852
0.777200
0.835056
1.011151
0.852351
0.683728
1.157220
0.831352
0.804079
0.022164
0.639045
0.870512
0.616044
0.843101
1.104227
0.891707
0.897538
1.061647
0.835938
0.884965
1.000400
0.661352
0.668813
1.007976
0.952325
1.139385
0.782625
1.020993
1.019151
0.812769
0.840412
0.940230
0.782776
0.807219
0.831586
1.100656
0.138797
0.781402
0.974103
0.722095
1.042958
0.067547
0.825624
0.729972
0.816374
0.778312
0.945187
1.095039
1.012819
0.733599
0.820385
1.136568
0.764978
0.882593
0.732861
1.153013
0.769041
0.695545
1.018711
0.749240
0.748002
1.123963
0.725622
0.694099
0.835680
0.674424
0.854602
0.839044
1.100879
1.069147
0.717960
0.730890
0.846119
0.749277
0.718618
0.848082
0.658617
0.747651
0.866325
0.754798
0.858033
0.494884
0.820175
0.650092
0.707650
1.128506
0.758333
0.808796
0.906305
1.060116
0.208862
0.966661
0.610650
0.818431
0.889378
0.988564
0.790850
0.762232
0.667898
1.076437
0.858128
0.694736
0.402505
0.975831
0.952834
0.736546
0.668073
0.198109
0.750310
0.099129
0.754989
0.774941
0.710834
0.675231
1.127435
0.879038
0.030506
1.133401
0.817017
0.800824
0.576915
0.708143
0.955644
0.775192
0.669895
0.591160
0.995627
0.799597
0.815745
0.890617
1.003951
0.922485
0.621495
0.849906
1.008969
1.134950
0.805793
0.897797
0.782719
1.119117
1.063421
0.978175
0.031654
0.806933
0.405212
0.757110
0.823013
0.725041
0.721906
0.689475
0.816701
0.806454
0.083277
0.905991
0.714656
0.784795
1.070377
0.691221
0.804730
1.231080
0.711962
0.729149
0.761576
0.890455
0.668462
0.732598
0.881721
0.030093
0.739600
0.038098
0.071552
0.872419
0.939895
0.890257
0.908790
0.542693
0.903440
1.149497
0.829269
0.651319
0.895574
0.717502
0.749801
1.144946
0.629864
0.729662
0.395256
0.566096
1.037042
0.853357
0.974468
0.506871
0.733598
0.788566
0.838913
0.861461
0.696529
1.150890
0.972431
0.846760
0.947399
1.089717
0.551429
0.989200
0.630913
0.742245
0.736034
0.795965
0.867623
0.848687
0.653168
0.704541
0.932555
0.764308
0.955395
0.869697
0.765067
0.733733
0.837906
1.118446
0.768464
0.785916
0.847837
0.807379
0.823758
0.939156
1.143680
0.677765
0.674747
0.799859
0.837284
0.933469
0.556026
0.800061
0.779961
0.686984
0.685318
0.873750
0.739544
0.699814
0.741378
0.209133
1.106239
0.661460
1.066575
0.763139
0.983728
0.817556
0.826674
0.825215
0.900315
0.930514
0.705882
0.969985
0.922864
0.629445
0.080389
0.797132
0.746483
0.918971
1.000566
0.808874
0.698120
0.684099
0.920510
0.943898
0.926053
0.821717
1.113775
0.857887
0.814614
0.976748
0.746821
0.131408
0.045795
0.959938
0.867497
0.807144
0.096598
0.821819
0.715480
1.106477
0.769706
0.928051
0.927690
0.753824
0.711970
0.817023
0.067737
0.045699
0.684464
0.850732
0.930189
0.623810
0.140089
0.967947
0.843151
0.699410
0.811883
0.814512
0.703392
0.786040
0.860786
0.810111
0.759989
0.663000
0.549558
1.021013
0.829951
0.838016
0.736410
1.078226
0.683367
0.639058
0.069927
0.726566
0.886293
0.730643
0.985655
1.039905
0.813284
0.909801
0.958712
0.895838
1.115605
0.778514
0.791030
0.789955
0.804727
0.132379
0.818641
0.805313
0.748877
0.686845
0.784981
1.116049
0.856870
0.629220
0.929662
0.725223
0.777845
0.866790
1.052860
1.018296
0.793291
0.171585
0.865822
0.526211
0.545643
0.868211
0.085040
0.869262
0.706664
0.801515
0.988117
0.925200
0.798285
0.766908
0.799879
0.787170
1.157345
0.800445
1.110773
0.810839
0.596552
0.693866
0.758898
0.931924
0.659735
0.695238
1.073009
0.895023
1.019098
0.866477
0.749975
1.112331
0.024278
0.740938
0.586858
0.013219
1.072960
0.801686
0.624380
0.860358
0.799187
0.762909
0.725217
0.985379
0.756468
1.007776
0.809932
0.876382
0.679697
0.698178
0.957279
0.552673
0.748605
0.172504
0.775969
0.598127
0.264445
0.980490
0.811679
0.576123
0.738207
0.897876
0.832302
0.895958
0.947443
1.057350
0.832640
0.733608
0.997784
1.050728
0.828754
0.403977
0.793187
0.791387
0.987378
0.195526
1.159461
0.771133
0.990187
0.755780
0.743623
0.715999
0.931111
0.711755
0.432644
1.037635
0.934903
0.906014
0.917596
0.762930
0.817337
0.844045
0.683399
0.592953
1.135584
0.780768
0.731358
0.967690
1.107080
0.758908
0.783436
0.707101
0.769985
0.760917
0.080388
0.964455
0.819775
1.138669
0.973543
0.989099
0.629417
0.642358
0.731119
0.943634
0.825368
1.001025
0.947622
0.886725
0.946468
0.033519
0.092157
0.746542
0.042843
1.110299
0.807953
0.751447
0.174540
0.681892
0.066201
1.113430
0.940974
0.602519
0.867370
0.949445
0.742474
1.165302
1.009197
0.602946
0.797925
0.863341
0.948617
0.157478
0.690710
0.819172
0.783790
1.019309
0.519827
0.170111
0.785037
0.554931
0.894044
0.736119
0.956042
0.657646
0.703320
0.661069
0.795696
0.653890
0.896866
0.820340
0.893087
1.104924
1.126245
0.781424
0.615252
0.846775
0.878891
0.763427
0.965186
0.780686
0.655042
0.983358
0.591633
0.827042
0.844031
0.741987
0.212764
0.719492
0.459754
0.684099
0.041642
0.792128
0.982614
0.296376
0.798381
0.509415
0.577824
0.689085
0.797799
1.055728
0.853555
0.920854
0.681334
0.994238
1.023259
0.802090
0.927955
0.860684
0.623234
0.706983
0.674944
0.880053
0.714682
1.150780
0.466397
0.844871
0.741659
0.600213
0.648650
0.674389
1.116604
0.706296
0.039986
0.980590
1.168619
1.064891
1.087403
0.866793
0.776969
0.853720
0.873135
0.632982
0.638800
1.107818
0.796557
0.727875
0.794289
0.731502
0.770642
0.964221
0.834091
0.770917
0.932188
0.723685
0.774073
0.796209
0.801672
0.033607
0.838138
0.865989
1.037618
0.724671
0.927108
0.563720
0.832905
0.669168
0.998100
0.420371
0.788681
0.869660
0.935034
1.135569
0.703381
0.855664
0.731312
0.712804
0.703171
0.784167
0.962895
0.171480
0.750810
0.889308
1.022198
0.091356
0.733870
0.946488
0.097285
0.968081
1.019101
1.102631
0.800306
1.042933
1.074599
0.688657
0.695299
0.604672
0.904591
0.452893
1.003526
0.579464
0.874086
0.976117
1.118630
1.131149
0.719732
0.975160
0.038884
0.603204
0.117050
0.710947
0.872551
0.030304
0.618500
0.737947
0.908642
1.039171
0.750414
0.775528
1.060740
0.763291
0.069393
0.992198
0.450005
0.591620
0.404405
0.720470
1.130701
0.122639
0.796671
0.715320
0.912537
0.549283
0.892082
0.886356
1.150582
0.725427
0.693895
0.354460
1.160330
0.835035
0.590673
0.744227
0.618086
0.660348
0.924264
0.643660
0.722419
0.092771
1.101587
0.971121
0.949125
0.740199
0.780208
0.917532
0.667124
0.817214
1.106904
0.991001
0.882499
0.894772
0.926749
0.990091
0.813485
0.747558
0.129973
1.092823
0.850869
0.071849
0.842787
0.840899
0.781267
0.991754
0.687840
0.975000
0.569243
0.854001
0.924846
0.682584
1.020749
0.762403
0.602567
1.107203
0.819474
0.681823
0.015048
0.550987
0.898272
0.636087
1.123400
0.201160
0.853438
0.805245
0.566702
0.752533
0.844594
0.770391
0.665987
0.910477
0.060643
0.509703
1.035624
0.647600
0.928946
0.799735
0.761521
0.483878
1.110189
0.667776
0.863352
1.012221
0.922707
0.613120
0.024859
0.798199
0.872418
0.903907
0.870011
0.471102
0.996349
0.773672
0.963188
0.110208
1.038491
0.761753
1.096398
1.052176
0.847607
0.944038
0.744055
0.089003
0.659404
0.873594
0.720800
0.908320
0.795312
0.772232
0.988231
1.097847
0.625395
0.844490
1.031211
0.609520
0.877323
0.780486
0.874134
0.716497
0.805036
0.754018
0.928118
0.864870
1.134020
0.762885
0.770925
0.857044
0.814628
0.925125
0.714035
0.665684
1.105528
0.905951
0.884286
0.675361
0.888671
0.666398
0.706955
0.796917
0.940725
0.717834
0.779206
0.650960
0.948828
0.768914
1.102101
0.231667
0.031279
0.625998
0.839750
0.726096
0.790393
0.793667
0.758123
0.739062
1.084820
0.482185
0.734782
0.661832
0.898374
0.761051
0.728148
0.086616
0.872934
0.811259
0.775497
0.827787
1.124771
0.864062
0.829047
0.664919
0.821281
1.010002
1.157634
0.754625
0.677504
0.718108
0.818977
0.922812
0.119674
0.728595
0.649920
1.065686
0.890969
0.959646
0.907431
1.031217
0.821735
0.828064
0.033653
0.977537
0.745091
0.557895
0.773525
0.829373
0.785607
1.102974
0.755294
0.477716
0.868806
1.010293
0.865204
0.798703
0.643488
0.118310
0.808800
0.765220
0.694220
0.767521
1.140716
0.953852
0.699442
0.668950
1.030749
0.607223
0.780506
0.716281
0.903149
0.851714
0.664471
0.756684
1.130161
1.046725
0.811726
0.368766
0.975976
1.002670
0.936253
0.714469
0.906384
0.787925
0.509719
0.652996
0.706585
0.661634
0.811453
0.777310
0.781874
0.720981
0.807416
1.123806
0.823500
0.753189
0.734904
0.799931
0.861242
0.772330
0.958636
0.880333
1.095153
1.131134
0.262164
0.052878
0.770889
0.332034
0.783931
0.900204
0.762237
0.737500
0.631132
0.843083
0.947849
0.017129
0.443312
0.757600
0.848829
0.964404
0.874738
0.680126
0.919637
0.039787
0.937570
0.689513
0.962800
1.149335
0.800132
0.192686
0.870528
0.739669
0.813758
1.137052
1.024675
0.690785
0.912735
0.712037
1.043115
0.705539
0.885826
0.973314
0.734860
0.056211
0.543073
0.753724
0.970372
0.894528
1.109932
0.764467
0.931968
1.082330
0.813855
1.122274
0.974441
0.705150
1.093297
0.793160
0.530924
0.717781
0.845053
0.811205
0.843903
0.937593
0.803368
0.088298
0.719809
0.872659
0.778177
0.865402
0.769239
1.050174
0.977388
0.480967
0.786382
0.685017
0.913744
0.668067
0.841762
0.850340
0.542046
0.104793
0.046689
0.415337
0.793018
0.717932
0.740721
0.811718
0.784646
0.695840
0.782109
0.817851
0.977285
0.957956
0.874792
0.926574
0.739962
0.926592
0.069666
0.583108
0.154891
0.898318
0.743929
0.895984
0.676954
1.147560
0.709383
0.871903
0.793550
0.872055
0.896600
0.849245
0.891914
0.775412
1.125523
0.760594
0.550606
0.823730
0.729319
0.039548
0.666524
0.740472
0.954467
0.442992
0.850040
0.662157
0.704640
0.957879
0.798590
0.656919
0.914665
0.822055
0.834674
1.150549
0.677296
1.053970
1.057275
0.909649
1.150273
0.688160
0.768994
0.872017
1.007901
0.874703
0.193451
0.671784
0.346975
0.645900
0.142503
0.861491
0.607585
0.978944
0.716061
1.023011
1.153885
0.912746
0.731843
0.895717
0.782322
1.058663
0.692586
1.097695
0.663629
0.953226
0.618767
0.632280
0.939933
0.793337
0.133903
0.872672
0.826467
0.894963
1.085633
0.711158
0.770773
0.675108
1.036453
0.709129
1.040127
0.919682
0.768098
1.092642
0.806280
0.928230
0.847118
0.871678
0.783687
0.528769
0.745623
0.665716
0.889841
0.743990
0.944987
0.656670
0.226208
1.016946
0.808857
0.205018
0.877923
0.494684
0.860547
0.835693
1.133806
0.018892
0.414246
0.717906
0.910770
0.565007
0.646985
0.758402
0.826885
0.616514
0.667902
0.833795
1.120740
0.814833
1.000954
0.856602
0.636716
0.703533
0.708442
1.059832
0.712447
0.555926
0.782059
0.933935
0.959285
0.042224
0.903209
1.058388
0.776440
0.776287
0.061460
0.791562
1.004983
0.846432
0.957744
0.706272
0.837517
0.757188
1.079591
1.107351
0.776254
0.648076
0.743021
0.649795
0.771796
0.788199
0.701869
0.956895
0.952287
0.693150
0.909018
0.952333
0.662687
0.924169
1.039229
0.975745
0.802909
0.692998
0.708069
1.027788
1.100531
0.155937
0.573022
1.133003
0.915938
0.916367
0.768853
0.513987
0.724094
0.880492
0.636947
0.882141
0.696792
0.701137
0.696814
0.653873
0.536440
0.874676
0.737906
0.813519
0.754597
0.802464
0.748935
0.501751
0.752323
0.892445
0.753936
0.661613
0.731016
0.984621
0.765146
0.858783
0.271216
0.723153
0.640436
0.747542
1.121154
0.026749
0.640043
0.922820
0.787585
0.850925
0.888620
1.007484
1.021843
0.662000
0.837101
1.053883
0.032832
0.681720
0.919738
0.031274
0.874364
0.792189
0.671183
0.212322
1.143852
0.619770
0.808872
0.895926
0.614677
0.836060
0.080848
1.056304
0.720601
0.849120
0.786829
0.008623
0.680245
0.721187
0.879478
0.756356
0.740371
0.962079
0.753734
0.667419
0.869052
0.938239
0.873407
0.194348
0.787424
0.927278
0.756279
0.721842
0.917107
1.138044
0.539247
1.099845
0.976012
0.738373
0.790479
0.695108
0.998958
0.953797
0.815048
0.744163
1.152903
0.888683
0.716590
0.746368
0.858863
0.766556
0.857430
0.773655
0.879296
1.136769
0.880370
0.713726
0.893684
0.672801
0.040014
1.125961
0.927262
0.857613
0.680770
0.995479
0.861230
0.808501
1.131200
0.778375
0.539405
0.914996
0.418407
1.084237
0.643499
0.692842
0.824194
0.972131
0.801408
0.617069
1.126973
0.195398
0.904177
0.803978
0.601372
1.057539
0.824394
0.997192
0.708074
0.048273
0.736277
0.796126
0.796723
0.884090
0.954443
0.761118
1.103201
1.054698
0.873521
0.744513
1.038130
1.051702
1.009895
0.512857
0.889615
0.058387
0.753559
0.822737
0.718872
0.739904
0.719399
0.869602
0.780686
0.990611
0.681203
0.686718
0.135036
1.128026
0.649146
0.794111
0.798141
0.779156
1.130394
1.130607
0.610150
0.735418
1.111190
0.750190
1.123947
0.017072
0.889939
0.870932
0.621169
0.865097
0.819686
0.232183
0.985114
0.892427
0.692547
0.910804
0.585854
0.014705
0.565330
0.841248
1.059231
0.719452
0.077055
0.898717
0.605696
0.878090
0.804505
0.768314
0.654387
0.866036
0.723707
0.016259
0.853351
0.997538
0.615142
0.914660
0.853964
0.827536
0.612143
0.634628
0.889940
0.949856
0.797510
0.012426
1.028261
0.733897
0.712535
0.608249
0.990548
0.858263
0.135611
0.827900
0.972552
0.913338
0.785842
0.795144
0.873474
0.933786
0.807483
0.159482
0.821894
0.792172
0.884366
0.055280
0.669617
0.832453
0.551559
0.656361
0.701357
0.934988
0.776746
0.176814
0.855602
0.668723
0.749689
0.934797
1.048833
0.726887
0.581337
1.113228
0.787893
0.781403
0.135276
0.774333
0.832224
0.903485
0.791347
0.718515
0.752002
0.656926
0.910494
0.747857
0.700323
1.022233
0.061554
0.631771
0.906341
0.759099
0.573149
0.645728
0.934485
0.936423
0.729492
0.875825
1.118696
0.643193
0.031722
0.744367
0.627983
0.649780
0.852626
1.105516
0.874163
0.799939
0.808368
0.963194
0.780784
0.771113
0.933406
0.700780
0.992183
0.783482
0.901995
1.087089
0.084946
0.930090
1.057222
1.138358
1.069188
0.927971
0.807623
0.849186
0.564797
0.024753
1.134791
0.896322
0.631387
0.722732
0.713235
0.659416
0.765068
0.036759
0.435856
1.089596
0.679515
0.853260
1.130029
1.120908
0.775357
0.723040
0.800278
0.678742
0.673982
0.062559
0.957011
0.771941
0.746293
0.679123
0.723975
0.944707
0.982839
0.871310
0.881426
1.017198
0.736088
0.829532
0.476061
0.696659
0.926262
0.738088
0.872029
0.785001
0.706143
0.611745
1.139092
0.435012
1.042464
0.066860
0.658366
0.566037
0.657379
0.959047
0.524922
1.102394
0.161858
0.840825
0.859189
0.909539
1.131322
0.817232
1.041795
0.817087
0.627852
0.783199
0.725557
0.652559
0.887047
1.127234
0.385198
0.640854
0.684652
0.809490
0.732623
0.695269
1.121675
0.762964
0.988579
0.734060
0.636258
0.763044
0.697631
0.790927
0.812958
0.741298
1.058621
0.688220
1.070972
0.763402
0.715172
0.741034
0.838206
0.728879
0.766084
1.148224
0.655833
0.692190
0.937791
0.991817
0.734812
0.774325
0.756613
1.201883
0.906100
0.030112
0.897198
0.853387
0.920422
0.683359
0.867791
0.968650
0.698526
0.729129
0.804605
0.702419
0.744792
0.851075
0.783384
0.245016
0.545455
0.857672
0.076717
0.817203
0.980413
0.467507
0.673251
0.707654
0.830512
0.846497
0.877833
0.884679
0.677637
0.663176
0.027755
0.770601
0.855127
0.835085
0.564182
1.128816
0.218593
0.714928
1.105903
0.447772
0.613968
0.885137
0.108184
0.754518
0.675078
0.719004
0.088184
0.826255
0.855440
0.809871
0.599028
0.834699
0.751031
0.745515
0.783288
0.641349
0.833591
0.892036
0.695473
1.035740
0.865158
0.921704
0.968435
0.894486
0.743200
0.979262
0.842179
1.073402
0.961699
0.606878
0.591577
0.745976
0.901883
0.437267
0.848605
0.909333
0.904668
0.676454
0.809812
1.098122
0.963734
0.990016
0.984086
0.128181
0.920322
1.136749
0.690871
0.948763
0.803607
0.643189
1.128592
0.867397
0.499800
0.960396
0.695073
0.873692
0.143634
0.722888
0.785273
0.835013
0.839998
1.014832
0.939619
0.723046
0.722042
0.694350
0.870605
0.680246
0.707492
0.792965
0.719294
0.958271
0.776359
0.891272
1.134762
1.003166
0.729644
0.659666
1.009165
0.719761
0.625095
1.033856
0.814508
0.517322
0.742232
0.795706
0.716726
0.651556
0.089468
0.719486
0.772214
0.632341
0.814735
0.864504
0.726917
0.951564
0.683237
0.854166
0.722206
0.740118
1.104910
0.764186
1.097025
0.646210
0.711782
0.762738
0.871865
0.914925
1.096644
1.026151
0.813793
0.653664
0.881021
0.725258
0.793310
0.745689
0.666266
0.875207
0.666859
0.623976
0.786863
0.807284
1.145675
0.684967
0.633250
0.921883
0.794099
0.909241
1.122701
0.146148
0.804698
0.711365
0.990071
0.969707
0.643387
0.779266
0.853665
0.906618
0.857270
0.719735
0.732779
0.778076
0.833506
0.614531
0.798393
0.876675
1.291714
0.717721
0.768678
0.954500
0.034882
0.738396
0.777554
0.582033
0.829767
0.978992
0.867480
0.943395
0.062392
0.721419
0.962471
0.084289
0.990417
0.947237
0.882802
1.013860
0.653841
0.735927
0.482937
0.698104
0.936061
0.683976
0.694641
0.748013
0.746211
0.247669
0.886396
0.840996
0.738131
0.843654
0.496148
0.795421
0.022563
0.610436
0.255457
0.860321
0.929103
0.728961
0.924703
0.929497
0.721597
1.195025
0.549427
1.072187
0.895686
0.807426
1.124808
0.922597
1.125221
0.979275
1.111762
0.679919
0.762546
1.106625
1.021139
0.976047
0.843306
0.982294
0.622774
0.057041
0.664134
0.504752
0.906455
0.819508
0.638547
0.817698
0.686927
0.897863
0.980640
0.744455
0.918819
1.138091
0.706606
0.995165
0.617556
0.927731
0.931971
0.530308
0.764235
0.648923
1.056125
0.677107
0.682340
1.092427
0.890699
0.987766
0.107850
0.768845
0.737046
0.690176
0.637252
0.811598
0.757926
0.675004
0.831131
0.734859
0.878008
0.824934
0.680774
0.123672
0.650316
0.102122
0.792394
0.815589
0.765325
0.029612
0.911793
0.041731
0.492047
0.697995
0.742914
0.675784
0.704857
0.861105
1.081019
0.516040
0.662557
0.826080
0.629639
0.771253
0.724161
0.364890
0.821302
0.725422
0.843160
0.770842
0.810982
0.879991
1.045953
0.768314
0.579035
0.728675
0.945987
0.875945
0.633321
0.777457
0.701918
0.100966
0.679782
0.740098
0.377983
0.891667
0.882522
0.856973
0.904369
0.091021
0.743195
0.827437
0.811812
0.573472
0.016266
0.698886
0.686247
0.813996
0.818068
0.822578
0.695283
0.814588
0.031531
0.703155
0.860594
0.937446
0.812009
1.037924
0.718419
0.722721
0.811901
0.868707
1.072959
0.818235
0.592029
0.695313
0.604391
0.595355
0.850691
0.937746
0.742022
0.170876
1.012912
1.013204
0.751554
1.137159
0.834548
0.810146
0.767946
0.935504
0.988339
0.669816
1.105613
1.035733
0.754686
0.857690
0.791651
0.231740
0.033160
0.675417
0.835888
1.055562
1.094511
0.784328
0.667395
0.711583
0.885136
0.606776
0.843941
0.612564
1.122841
0.874709
0.789230
0.748548
1.006565
0.942058
0.091736
0.690554
0.661303
0.797050
0.673130
0.715162
0.134000
0.069414
0.053040
0.920916
0.591219
0.773234
0.128556
0.832317
0.701076
0.736651
0.597465
0.938804
0.820722
0.826576
0.742810
0.875249
0.757790
0.907669
0.110331
0.880808
0.896256
0.691689
0.861344
0.959828
0.840517
0.905855
0.974809
0.177285
1.008729
0.883510
0.704264
0.793816
0.440520
1.090791
0.790857
0.998300
0.797189
0.916742
0.707380
0.757437
0.376076
1.016783
0.984211
0.241884
1.110547
0.429425
0.845416
0.358661
0.825858
0.818787
0.894157
1.017236
0.788826
0.632349
0.929941
1.105479
0.919652
0.757220
0.539783
1.132821
0.728814
1.145187
0.681876
1.137484
0.132552
0.761206
1.015380
0.739465
0.870065
0.650711
0.807883
0.947234
0.755525
0.496537
0.806060
0.745388
0.498069
1.070891
1.144979
0.841340
0.850130
0.874555
0.825528
0.692306
0.090930
0.802718
0.769509
0.760113
0.944808
0.708453
0.597464
0.984884
0.466437
0.504907
0.850549
0.873457
0.070223
0.731942
0.781536
0.671830
0.900350
0.764957
0.779964
1.124729
0.784264
0.697857
0.625293
0.871996
0.709559
1.028071
0.983783
0.905847
0.767446
0.880331
0.753860
0.910752
0.958622
0.491563
0.898054
0.084091
0.944050
0.932229
1.157582
0.951665
0.883845
0.765469
0.054147
0.802237
0.188089
0.733683
0.829437
0.700447
0.727602
0.797886
0.840538
0.756732
0.103903
0.902592
0.985632
0.393362
0.699924
0.867934
0.901641
0.862319
0.679507
0.727407
0.619157
0.939459
0.709779
0.781259
0.766842
0.890761
0.658874
0.840300
0.972838
0.713224
0.147999
0.727740
0.781920
0.815219
0.731789
0.830036
0.850743
0.735601
1.104644
0.770285
1.116554
0.604161
0.683325
0.032078
0.798652
0.907953
1.082711
0.839878
0.860668
0.625435
0.599299
0.109710
0.904784
0.803895
0.594999
0.812085
1.134853
0.895532
0.885730
0.731019
0.973389
0.728787
0.838083
0.118358
0.884948
0.027657
0.700113
0.705545
0.859646
0.021018
0.280281
0.904193
0.882551
0.015645
0.885894
0.602771
0.943670
0.931193
0.936903
0.754659
0.596034
0.738221
0.776449
0.612575
0.789520
1.077991
0.498962
0.699381
0.922303
0.848268
0.900334
0.673469
0.913590
1.128570
0.590618
0.857685
0.783218
0.720816
0.658739
0.765435
0.751491
0.791081
0.760237
0.835933
0.791074
1.026013
0.722479
0.825260
0.937100
0.703801
0.701525
0.709279
0.815051
0.844300
0.810765
0.922215
0.958251
1.115200
0.195494
0.891284
1.089502
0.686482
0.799986
0.763604
0.916499
0.834057
0.759661
0.888003
0.958669
0.822717
0.606068
0.850789
1.042081
0.740201
0.909803
1.062683
0.145883
0.581691
1.135847
0.685034
0.047934
1.002007
0.046255
0.551192
0.932045
0.663255
0.761208
0.663858
0.913169
0.743311
0.797924
0.033739
1.012853
0.906666
0.670485
0.669681
0.645616
1.129101
0.924029
0.510107
0.882714
0.921926
0.724117
0.713274
0.874505
0.788289
0.497292
0.718728
1.115476
0.704827
0.863512
0.883139
0.869703
0.238433
0.655125
0.764371
0.798802
0.953034
0.835544
0.721816
0.832075
1.028881
0.786530
1.079354
1.052950
0.706716
1.115310
0.931720
0.917802
0.767262
0.857352
0.665381
1.076409
0.723849
0.503977
0.755381
1.039844
0.925089
0.075014
0.873551
0.702104
0.729472
0.635193
0.747310
0.703975
0.798559
0.869335
0.674540
0.563536
0.885990
1.137884
1.031117
0.413946
0.083538
0.827985
0.787664
1.092469
0.943620
0.716570
0.744785
0.716336
0.823743
0.738829
0.639092
0.840592
0.761458
0.569673
0.957937
1.040908
0.932001
0.654060
0.415986
0.889729
0.476273
0.909706
0.815837
0.983129
0.012950
0.713240
0.771716
0.839896
0.060439
0.886539
0.876240
0.554416
0.972334
1.056844
0.789854
0.751212
0.797257
0.836478
0.882723
0.748201
0.579690
0.906237
0.755787
0.950093
0.888483
0.798607
0.989743
0.720852
0.131193
0.896398
0.839411
0.577367
0.894597
1.143788
0.399235
1.147348
0.844339
0.837091
1.125168
0.732303
0.898804
0.767397
0.732121
0.801679
0.843171
1.028987
0.985594
0.829917
1.018385
0.922107
0.798069
0.671663
0.596737
0.836013
0.881329
0.055699
0.836976
0.839949
0.505694
0.831742
0.629695
0.701953
0.924790
0.913046
0.983065
0.623858
0.767267
0.732753
0.599462
0.887560
0.738806
0.926614
0.637363
0.727830
0.921079
0.880133
0.811544
0.709782
0.734894
0.822825
0.785252
0.730533
0.614458
0.644738
0.752795
0.190542
0.823442
1.125904
1.130954
0.891881
0.740087
0.802931
0.820437
0.454120
0.713274
0.605967
0.813899
0.792656
1.122307
0.678792
0.698594
1.134729
0.878219
1.038922
0.795561
0.896822
0.704307
0.955463
0.681073
0.954024
1.020661
0.670810
0.760827
0.856517
0.946475
0.794447
0.866834
0.866246
0.860763
1.071036
0.801941
0.844941
0.775924
0.865863
0.738963
0.652195
0.718709
0.731763
1.037185
0.774629
0.840343
1.121845
0.878695
1.036095
0.957249
0.273460
0.666153
0.634334
0.197285
0.939388
0.902480
0.849449
0.936837
0.990360
0.022667
0.459081
0.748481
0.741307
0.729895
0.922407
0.620526
0.897905
0.978253
1.112059
1.036429
0.865166
0.693177
0.097057
0.627875
0.699535
0.728969
0.673889
0.808944
0.588922
0.915809
0.747551
0.962712
0.702875
0.684685
0.126200
0.663042
0.808798
0.809783
0.792973
0.741842
0.815970
0.867817
0.894815
0.813878
1.100278
1.122734
0.682137
0.597590
1.080599
0.690307
0.428885
0.822027
0.770388
0.863233
0.955401
0.874229
0.826608
0.695780
0.964963
0.198110
1.078829
0.857858
0.671939
0.868967
0.919696
0.714842
0.821792
1.117587
0.672888
0.764859
0.769535
0.803800
0.805369
0.673218
1.057747
0.943652
0.775394
0.724510
0.911675
0.920404
0.911145
0.814348
0.982630
0.844829
0.786053
0.862912
0.712982
0.666689
0.746390
0.686108
0.810277
0.948375
0.054089
0.990199
0.936649
0.759795
1.050004
0.612267
0.872559
0.878158
0.556566
0.677664
1.032481
0.655215
0.880018
0.911602
0.771401
0.643082
1.138629
0.825744
0.690210
0.797071
0.387537
0.727320
0.992614
0.687338
0.959514
0.716135
0.723231
1.139482
0.697176
0.724864
0.689450
0.882229
0.926366
0.585329
0.770341
0.856410
0.733686
0.989768
0.412976
0.601150
0.027823
0.866244
0.644612
1.057813
0.644744
0.818717
0.823759
0.475750
0.878736
0.608309
0.702290
0.703127
0.872807
0.038524
0.752744
0.777323
0.892814
0.810594
0.052292
0.448669
0.991716
0.773790
0.868489
0.835714
0.912096
0.741027
0.660033
0.670229
0.882665
1.116164
1.140643
0.746487
0.712012
0.917337
0.873147
0.677633
0.765487
0.930787
1.133197
0.127207
0.928591
0.556344
0.784339
0.647978
0.550420
0.738200
0.754024
1.039112
1.028796
0.802616
0.946560
0.857762
0.696972
0.930530
0.958034
0.781034
0.898716
0.933590
0.855987
0.708668
0.856082
0.835586
0.644756
0.084435
0.499175
0.309235
0.722748
0.978516
0.791499
1.061085
1.152010
0.865606
0.573168
0.975605
0.806077
0.883497
0.756634
0.672378
0.784037
0.640329
1.106045
0.806292
0.767817
0.877740
1.045899
0.486298
0.989843
0.866734
0.021805
1.147969
0.848770
0.888463
0.719448
0.935339
0.923708
0.848911
0.074564
0.821277
0.810313
0.883036
0.920283
0.438399
0.914988
0.782675
1.083618
0.102664
0.722970
1.080485
0.871365
0.892169
0.831743
0.758900
0.839098
0.759142
0.842652
0.828369
1.020286
0.787956
0.838875
0.883993
0.902202
0.531328
0.957293
0.882383
0.439010
0.734235
0.759770
1.002025
0.928302
0.028704
0.616335
0.882377
0.856461
1.032851
0.800689
0.763958
0.712540
0.763805
0.734274
0.899075
0.441444
0.302128
0.380198
0.316182
0.810605
0.831476
0.636083
0.942881
1.124104
0.020595
0.585342
0.866979
1.080826
0.662252
0.643656
0.861769
0.820795
0.551517
1.099942
0.101952
0.451185
0.842779
0.416287
0.975728
0.555834
0.767861
0.693117
0.827123
1.114597
0.891192
0.925072
0.633478
0.055942
0.984180
0.979615
1.034809
0.104445
1.025357
0.657043
0.717170
0.715434
0.665761
0.662733
0.779269
0.933359
0.858525
0.872513
0.784209
0.844833
0.834282
0.935687
0.784195
0.730395
0.738683
0.728525
0.750122
0.774723
0.673072
0.595127
1.040573
0.892254
0.196262
0.917592
0.686997
0.779110
0.669134
0.838820
0.980648
0.997202
1.027960
0.811521
1.099020
0.662256
0.728295
1.037725
1.072641
0.047798
1.117737
0.840940
0.845959
0.677007
0.175277
0.825470
1.113837
0.732974
0.719466
1.023576
0.686076
1.024415
0.049375
0.882975
0.812145
0.885175
1.002264
1.021381
0.692989
0.653020
0.764832
0.946115
0.829900
0.928675
0.905190
0.058589
0.760704
0.624107
0.407430
0.813096
0.165865
0.866344
0.087891
0.849979
1.137456
0.683357
0.786917
0.885277
0.934604
0.802283
0.762847
0.990042
0.841985
0.644551
0.291918
0.905379
0.951264
1.122439
0.732863
0.570880
1.101086
0.862228
0.681117
0.999111
0.658603
0.331886
0.845876
0.859663
0.095078
0.894178
0.718664
0.613136
1.026806
1.054595
0.119585
1.148631
0.927031
0.913277
0.812026
0.820877
1.103200
1.096212
1.025599
0.755520
0.910666
0.776216
0.972716
0.846139
0.063437
1.046313
0.892461
0.974580
0.913674
0.337791
0.904135
0.912442
0.782278
0.762050
0.782846
0.924882
0.999058
0.838758
0.174088
