0.007203
0.005395
0.005296
0.006891
0.005895
0.005730
0.104923
0.010823
0.004997
0.019412
0.009285
0.009704
0.005148
0.020576
0.006182
0.010983
0.011954
0.014786
0.112448
0.024021
0.017890
0.016768
0.062934
0.015530
0.021621
0.015987
0.061608
0.028375
0.018375
0.048018
0.060549
0.021122
0.019842
0.008930
0.018893
0.009174
0.019490
0.025168
0.026901
0.045663
0.037866
0.009787
0.133026
0.032118
0.025557
0.026950
0.028415
0.020742
0.033686
0.023951
0.030711
0.033865
0.034655
0.042541
0.034572
0.026393
0.028973
0.035148
0.029654
0.039855
0.043404
0.036728
0.069116
0.037768
2.113202
