Query# BSF# BSFresult Leafs# TimeMS
1 1 15.013703 1 1.467000
1 2 14.132036 71 16.305000
1 3 13.107007 84 21.037000
1 4 12.653664 224 44.349000
1 0 12.653664 7355 112.052000
2 1 38.824474 1 0.851000
2 2 38.762806 79 9.030000
2 3 31.016155 90 9.922000
2 0 31.016155 12209 65.393000
3 1 18.627197 1 0.800000
3 2 16.478580 67 6.844000
3 3 15.758414 71 6.890000
3 4 15.599672 88 6.997000
3 5 15.043613 223 7.766000
3 6 14.885098 302 8.288000
3 0 14.885098 6173 30.012000
4 1 58.891865 1 0.849000
4 2 48.019852 82 9.693000
4 3 47.292019 111 9.822000
4 0 47.292019 18823 56.629000
5 1 3.598212 1 1.123000
5 0 3.598212 2508 16.432000
6 1 9.508063 1 1.089000
6 2 5.935335 72 6.111000
6 0 5.935335 4370 146.805000
7 1 48.223293 1 1.276000
7 2 40.858833 129 10.469000
7 0 40.858833 12109 55.988000
8 1 20.874075 1 1.038000
8 2 19.033022 79 7.001000
8 3 17.116901 132 7.364000
8 4 16.722229 208 7.779000
8 0 16.722229 6060 34.731000
9 1 17.802210 1 1.350000
9 2 17.144228 80 9.058000
9 3 16.542110 96 9.255000
9 4 15.300465 110 9.374000
9 0 15.300465 10646 125.086000
10 1 18.535734 1 0.644000
10 2 16.115067 78 6.814000
10 3 15.060676 162 7.148000
10 0 15.060676 10174 43.043000
11 1 19.035065 1 1.225000
11 2 18.122490 75 6.345000
11 3 18.109890 179 6.786000
11 4 16.439409 285 7.227000
11 5 14.809255 391 7.607000
11 0 14.809255 5693 23.713000
12 1 17.412298 1 0.985000
12 2 16.120108 88 5.731000
12 3 14.841640 97 5.767000
12 0 14.841640 1722 11.502000
13 1 68.896324 1 0.880000
13 0 68.896324 34066 81.284000
14 1 32.515781 1 1.013000
14 2 31.179554 95 6.786000
14 3 30.622366 100 6.850000
14 4 29.527401 117 6.978000
14 5 29.149796 130 7.107000
14 6 25.935968 194 7.487000
14 0 25.935968 5543 21.394000
15 1 18.237280 1 0.788000
15 2 17.324356 69 6.144000
15 3 15.311954 70 6.171000
15 4 14.258493 92 6.287000
15 0 14.258493 7120 32.256000
16 1 11.611644 1 1.061000
16 2 11.295005 71 5.834000
16 3 10.708564 90 5.947000
16 4 9.496072 93 5.977000
16 0 9.496072 3761 20.994000
17 1 31.239843 1 1.092000
17 2 30.465366 78 7.634000
17 3 28.908804 119 7.857000
17 4 26.324406 143 7.943000
17 5 23.661840 204 8.191000
17 0 23.661840 9569 40.715000
18 1 11.047306 1 0.834000
18 2 10.582624 85 7.588000
18 3 9.601855 103 7.704000
18 0 9.601855 5951 42.870000
19 1 52.138290 1 0.972000
19 2 46.129711 77 7.506000
19 0 46.129711 17897 67.859000
20 1 36.557922 1 0.667000
20 2 32.703533 67 6.753000
20 3 28.803974 84 6.861000
20 4 28.477757 93 6.894000
20 5 26.292969 131 7.018000
20 0 26.292969 6285 26.104000
21 1 59.142532 1 0.980000
21 2 51.683247 84 6.570000
21 3 51.073071 156 6.833000
21 0 51.073071 9257 23.037000
22 1 54.054348 1 0.816000
22 2 48.177601 116 7.236000
22 3 48.167309 273 7.986000
22 0 48.167309 13554 61.366000
23 1 51.272568 1 1.145000
23 2 51.063957 150 7.078000
23 3 48.515915 158 7.101000
23 0 48.515915 8857 25.279000
24 1 6.991906 1 1.101000
24 2 5.972799 68 5.898000
24 3 5.495656 257 6.863000
24 0 5.495656 4278 111.204000
25 1 24.504807 1 1.041000
25 2 22.920530 78 5.991000
25 3 21.387362 170 6.403000
25 0 21.387362 2616 14.018000
26 1 34.374054 1 0.838000
26 2 30.150242 78 8.216000
26 3 29.237675 83 8.257000
26 4 28.331894 87 8.295000
26 5 27.652582 93 8.323000
26 6 27.149643 121 8.471000
26 7 26.701759 198 8.845000
26 8 25.702553 270 9.168000
26 0 25.702553 7249 32.089000
27 1 103.764511 1 0.495000
27 2 102.993019 89 9.349000
27 3 101.737244 95 9.375000
27 4 101.344833 125 9.480000
27 5 95.662949 144 9.552000
27 6 92.080475 250 9.903000
27 7 88.534935 358 10.290000
27 0 88.534935 45715 73.787000
28 1 28.515768 1 0.738000
28 0 28.515768 4110 15.713000
29 1 23.850967 1 0.809000
29 2 21.909027 111 5.982000
29 0 21.909027 3635 16.740000
30 1 13.600866 1 0.804000
30 2 10.506922 76 5.705000
30 0 10.506922 2925 17.392000
31 1 102.865898 1 0.937000
31 2 98.204407 114 9.578000
31 0 98.204407 50916 97.255000
32 1 30.352341 1 0.841000
32 2 29.108541 86 9.532000
32 3 26.764713 112 9.637000
32 0 26.764713 14356 64.830000
33 1 50.615211 1 0.703000
33 2 49.367046 86 8.169000
33 3 46.645084 109 8.430000
33 4 39.835052 119 8.506000
33 5 39.651726 190 8.853000
33 6 37.464485 233 8.979000
33 0 37.464485 14300 55.521000
34 1 78.691200 1 0.726000
34 2 74.159218 68 7.500000
34 3 73.953407 75 7.529000
34 4 65.720398 97 7.713000
34 5 64.694305 121 7.803000
34 6 61.899193 375 8.722000
34 0 61.899193 16078 35.015000
35 1 19.049181 1 0.992000
35 0 19.049181 5134 21.554000
36 1 37.498577 1 0.282000
36 2 34.064308 125 6.585000
36 3 32.301949 136 6.621000
36 4 32.258995 149 6.655000
36 0 32.258995 5252 20.464000
37 1 71.648399 1 0.935000
37 2 70.005142 92 7.133000
37 3 60.826748 105 7.204000
37 4 59.094036 160 7.390000
37 0 59.094036 12416 23.703000
38 1 34.457718 1 0.602000
38 0 34.457718 4394 19.404000
39 1 23.096592 1 1.207000
39 2 22.151545 112 6.496000
39 3 21.193409 262 7.343000
39 0 21.193409 7383 47.086000
40 1 13.861328 1 1.303000
40 2 13.840487 83 8.539000
40 3 13.542437 134 10.046000
40 4 12.367262 322 11.586000
40 5 12.210710 446 12.166000
40 0 12.210710 7012 40.248000
41 1 14.650533 1 1.077000
41 2 12.170007 80 7.210000
41 0 12.170007 4703 93.109000
42 1 85.673119 1 0.877000
42 2 83.659630 131 9.977000
42 3 83.312485 189 10.333000
42 4 83.078148 208 10.405000
42 5 83.012375 990 12.359000
42 6 82.276184 1517 13.310000
42 0 82.276184 38341 128.911000
43 1 13.063999 1 0.845000
43 2 12.239605 82 6.776000
43 3 9.133092 106 6.940000
43 0 9.133092 5568 61.800000
44 1 41.205013 1 0.736000
44 2 35.278397 70 7.119000
44 3 33.640507 75 7.201000
44 4 32.104149 106 7.343000
44 5 32.027508 137 7.488000
44 6 31.476641 661 9.259000
44 0 31.476641 11048 35.207000
45 1 75.965454 1 0.824000
45 2 73.379135 74 8.424000
45 3 69.189079 83 8.526000
45 4 64.512108 131 8.753000
45 5 64.366402 213 9.055000
45 0 64.366402 26064 72.060000
46 1 97.827408 1 0.151000
46 2 95.243370 95 10.452000
46 3 93.687103 129 10.637000
46 4 90.740616 192 10.930000
46 5 89.935043 431 11.633000
46 6 87.810768 599 12.123000
46 0 87.810768 55258 103.882000
47 1 14.423328 1 0.810000
47 2 14.334147 76 6.541000
47 3 14.063103 81 6.607000
47 4 13.469996 101 6.682000
47 5 12.284555 107 6.706000
47 6 11.908871 263 7.436000
47 0 11.908871 2549 15.982000
48 1 26.670834 1 0.991000
48 2 26.017962 103 6.436000
48 3 25.974239 123 6.571000
48 4 25.220181 157 6.759000
48 5 23.660288 202 6.958000
48 0 23.660288 4368 18.924000
49 1 21.867910 1 1.372000
49 2 19.987654 75 9.385000
49 3 17.893736 102 9.686000
49 4 17.489317 109 9.795000
49 5 17.413004 121 9.953000
49 0 17.413004 10803 51.411000
50 1 11.036539 1 0.882000
50 2 7.763114 66 5.965000
50 3 7.645638 98 6.147000
50 4 7.316115 122 6.237000
50 0 7.316115 4709 24.517000
51 1 13.408750 1 0.797000
51 2 11.825754 71 5.982000
51 3 11.146791 86 6.099000
51 4 10.570334 113 6.272000
51 5 10.065399 215 6.787000
51 0 10.065399 4817 28.047000
52 1 43.364147 1 0.284000
52 2 42.789116 75 5.753000
52 3 40.997467 130 5.985000
52 4 38.687737 161 6.085000
52 0 38.687737 6801 21.820000
53 1 13.992677 1 0.843000
53 2 12.853130 69 6.485000
53 3 12.167494 75 6.532000
53 4 11.543268 91 6.669000
53 5 10.481353 101 6.740000
53 0 10.481353 2594 19.952000
54 1 43.668900 1 0.467000
54 2 41.816742 202 7.976000
54 0 41.816742 18358 47.105000
55 1 32.117199 1 1.345000
55 2 31.737766 71 7.953000
55 3 30.943901 79 8.238000
55 4 28.608225 84 8.320000
55 5 28.279436 130 8.762000
55 0 28.279436 12784 53.251000
56 1 28.449339 1 0.588000
56 2 27.441177 106 5.729000
56 3 25.764309 176 6.018000
56 4 24.271334 202 6.080000
56 0 24.271334 7674 18.353000
57 1 30.476389 1 0.943000
57 2 26.540493 76 5.829000
57 3 25.887146 100 5.960000
57 4 19.866909 108 5.993000
57 0 19.866909 2341 14.332000
58 1 22.712814 1 0.790000
58 0 22.712814 2152 11.386000
59 1 70.758385 1 0.104000
59 2 64.729805 110 7.342000
59 3 64.008629 479 7.770000
59 4 62.659195 661 7.944000
59 0 62.659195 28842 42.080000
60 1 30.903214 1 0.909000
60 2 22.872305 73 7.128000
60 3 22.454615 87 7.282000
60 0 22.454615 9706 103.502000
61 1 14.411415 1 1.653000
61 2 12.449491 70 7.282000
61 3 12.319400 82 7.364000
61 4 11.097429 93 7.419000
61 5 10.018809 198 7.877000
61 0 10.018809 5063 26.025000
62 1 30.802950 1 0.718000
62 2 27.676823 74 7.965000
62 0 27.676823 11736 92.921000
63 1 58.100666 1 0.568000
63 0 58.100666 21979 48.105000
64 1 40.492897 1 0.092000
64 2 29.193832 71 5.656000
64 3 27.908329 79 5.705000
64 4 27.357565 86 5.762000
64 5 26.478640 93 5.797000
64 6 26.026638 109 5.885000
64 7 25.794643 126 5.968000
64 8 22.799372 156 6.100000
64 0 22.799372 5499 100.004000
65 1 10.430875 1 1.193000
65 2 8.637201 71 7.623000
65 3 8.108301 104 7.768000
65 0 8.108301 3040 20.201000
66 1 14.297507 1 1.318000
66 2 14.006902 159 6.461000
66 0 14.006902 1725 36.726000
67 1 27.995413 1 1.440000
67 2 25.368288 74 7.641000
67 3 25.116365 402 9.685000
67 0 25.116365 11293 75.828000
68 1 74.800041 1 0.296000
68 2 68.707596 88 7.999000
68 3 60.156857 120 8.478000
68 0 60.156857 19851 43.324000
69 1 11.235140 1 1.006000
69 2 10.420673 92 5.805000
69 3 9.168284 181 6.204000
69 0 9.168284 2721 17.552000
70 1 36.682598 1 0.350000
70 2 35.232056 85 5.516000
70 3 33.467297 93 5.554000
70 4 32.509850 99 5.583000
70 5 32.235023 100 5.597000
70 6 31.454052 161 5.800000
70 7 29.487644 300 6.266000
70 0 29.487644 4186 16.038000
71 1 17.138416 1 1.065000
71 2 14.963171 79 6.145000
71 0 14.963171 5404 28.730000
72 1 52.561886 1 1.085000
72 0 52.561886 8280 16.608000
73 1 63.914295 1 0.832000
73 2 62.285469 146 6.831000
73 0 62.285469 16010 32.990000
74 1 31.000374 1 0.516000
74 0 31.000374 10899 42.545000
75 1 75.183182 1 0.383000
75 2 72.466713 197 6.866000
75 3 68.418457 310 7.047000
75 0 68.418457 22437 31.555000
76 1 97.308022 1 0.975000
76 2 95.348122 101 9.904000
76 3 85.521378 267 10.283000
76 0 85.521378 41970 112.008000
77 1 115.039894 1 0.603000
77 2 112.241226 70 12.849000
77 3 110.625992 94 13.138000
77 4 109.728416 132 13.449000
77 5 107.346733 183 13.824000
77 6 107.227951 397 14.800000
77 0 107.227951 72663 118.977000
78 1 16.467438 1 1.099000
78 2 15.807213 84 7.757000
78 3 15.186527 97 7.786000
78 4 14.345322 117 7.890000
78 0 14.345322 7429 103.512000
79 1 8.977746 1 1.607000
79 2 7.301265 72 6.791000
79 3 6.332087 74 6.800000
79 4 5.539605 212 7.448000
79 0 5.539605 3362 21.072000
80 1 17.041569 1 1.270000
80 2 15.419508 70 6.842000
80 3 15.348835 75 6.903000
80 4 14.495324 128 7.143000
80 0 14.495324 3027 76.972000
81 1 48.145264 1 1.088000
81 2 46.482269 80 10.484000
81 3 42.699123 89 10.753000
81 4 42.381371 100 10.901000
81 5 42.199570 136 11.354000
81 6 41.283382 269 12.703000
81 0 41.283382 23248 88.909000
82 1 18.086905 1 1.095000
82 2 17.283405 99 7.222000
82 0 17.283405 5100 23.570000
83 1 7.137280 1 1.109000
83 2 6.524137 69 7.304000
83 3 6.011572 74 7.337000
83 4 5.965497 101 7.485000
83 5 5.951190 103 7.494000
83 6 5.368485 128 7.599000
83 0 5.368485 3256 20.459000
84 1 34.684845 1 0.925000
84 2 32.061165 70 7.503000
84 3 31.491737 104 7.779000
84 4 30.611382 134 7.917000
84 5 29.235647 163 8.070000
84 0 29.235647 9753 39.537000
85 1 18.214989 1 0.790000
85 2 17.334225 121 6.193000
85 0 17.334225 5025 24.558000
86 1 13.142127 1 1.010000
86 2 11.632253 68 8.154000
86 3 11.370060 68 8.180000
86 4 9.471430 150 8.713000
86 0 9.471430 7722 41.268000
87 1 10.029005 1 0.957000
87 2 8.892742 65 5.983000
87 3 8.502409 90 6.194000
87 4 8.453652 96 6.222000
87 5 7.741402 104 6.238000
87 6 7.586495 142 6.441000
87 0 7.586495 4957 34.522000
88 1 15.196379 1 1.229000
88 2 13.085484 67 8.539000
88 3 12.238061 70 8.589000
88 4 12.190598 100 8.726000
88 5 11.050232 143 9.058000
88 0 11.050232 5522 46.955000
89 1 8.789843 1 1.143000
89 2 8.199109 83 6.831000
89 3 6.559022 116 7.051000
89 0 6.559022 2247 16.010000
90 1 24.228975 1 0.356000
90 2 23.811783 98 8.258000
90 3 23.400026 139 8.450000
90 4 22.481630 161 8.591000
90 0 22.481630 14089 130.974000
91 1 34.167427 1 1.215000
91 2 33.831364 212 12.175000
91 3 33.720387 241 12.349000
91 4 33.405006 394 13.219000
91 5 30.259232 481 13.626000
91 0 30.259232 22679 114.420000
92 1 29.895807 1 1.066000
92 0 29.895807 6829 59.548000
93 1 80.244026 1 0.496000
93 2 79.239647 251 8.802000
93 3 76.944580 270 8.901000
93 4 74.068207 307 9.045000
93 0 74.068207 26103 50.025000
94 1 76.110741 1 0.900000
94 2 69.016502 322 10.869000
94 0 69.016502 37753 46.058000
95 1 51.960648 1 0.819000
95 0 51.960648 14575 26.718000
96 1 9.594238 1 0.722000
96 2 8.938528 72 6.103000
96 3 8.546796 75 6.183000
96 4 7.324149 83 6.303000
96 5 6.956870 122 6.538000
96 0 6.956870 6102 30.365000
97 1 25.848711 1 1.054000
97 2 22.890560 123 8.872000
97 0 22.890560 5280 115.859000
98 1 23.298857 1 1.204000
98 2 21.835613 65 8.707000
98 3 20.999111 67 8.732000
98 4 20.784376 71 8.760000
98 5 19.527433 79 8.789000
98 6 19.013477 103 8.859000
98 7 17.995733 118 8.930000
98 8 17.601044 140 9.063000
98 0 17.601044 4993 217.765000
99 1 12.827367 1 1.060000
99 0 12.827367 3816 18.684000
100 1 13.594126 1 0.836000
100 2 10.553780 65 6.143000
100 3 10.404337 103 6.293000
100 0 10.404337 5203 70.298000
101 1 6.595138 1 1.307000
101 2 6.351557 101 7.745000
101 3 6.095919 127 7.877000
101 4 5.403164 292 8.665000
101 0 5.403164 3397 21.316000
102 1 18.770857 1 0.309000
102 2 17.362118 70 7.546000
102 3 12.010291 74 7.632000
102 0 12.010291 7880 36.363000
103 1 35.194180 1 1.199000
103 2 29.460945 123 6.768000
103 0 29.460945 5311 55.285000
104 1 16.507042 1 0.361000
104 2 14.590636 71 5.693000
104 3 14.505591 80 5.718000
104 4 12.890022 92 5.760000
104 0 12.890022 2557 43.005000
105 1 22.335091 1 1.338000
105 2 22.215963 84 9.038000
105 3 21.937582 90 9.080000
105 4 19.714270 108 9.351000
105 5 19.349438 148 9.661000
105 0 19.349438 10342 118.185000
106 1 40.172081 1 1.181000
106 2 38.862782 83 11.907000
106 3 37.093712 115 12.684000
106 4 34.849983 137 13.010000
106 5 32.714935 311 15.070000
106 0 32.714935 19541 114.904000
107 1 29.425446 1 0.953000
107 2 27.495970 72 10.396000
107 3 22.687654 84 10.845000
107 0 22.687654 11896 54.377000
108 1 19.438580 1 1.045000
108 2 18.219395 66 6.856000
108 3 16.702047 83 7.160000
108 4 14.978614 100 7.402000
108 0 14.978614 7864 58.753000
109 1 36.194363 1 0.729000
109 2 29.689432 77 5.772000
109 3 25.588598 90 5.846000
109 0 25.588598 3406 74.386000
110 1 76.366066 1 0.983000
110 2 71.722771 128 8.707000
110 3 68.182274 160 8.795000
110 0 68.182274 27667 62.140000
111 1 9.268167 1 1.144000
111 2 7.802037 65 6.166000
111 3 7.619822 67 6.213000
111 4 7.258830 74 6.320000
111 5 7.013164 122 6.507000
111 6 6.796749 174 6.810000
111 7 6.643226 197 6.887000
111 0 6.643226 4176 22.569000
112 1 46.222424 1 0.766000
112 2 44.806744 96 6.386000
112 0 44.806744 10959 98.556000
113 1 28.015680 1 1.190000
113 2 26.893816 91 10.442000
113 3 24.610239 104 10.599000
113 4 23.954826 126 10.987000
113 5 23.839298 149 11.460000
113 0 23.839298 11855 118.056000
114 1 90.058342 1 0.083000
114 2 87.512878 308 10.535000
114 0 87.512878 47497 81.674000
115 1 17.648161 1 1.111000
115 2 17.172819 79 8.633000
115 0 17.172819 9577 49.549000
116 1 37.333744 1 1.195000
116 2 36.127655 93 8.274000
116 3 35.069618 176 8.755000
116 4 33.822865 265 9.152000
116 5 33.391304 316 9.358000
116 0 33.391304 9538 37.060000
117 1 57.477409 1 1.176000
117 2 49.542393 93 6.780000
117 0 49.542393 10192 73.699000
118 1 32.208355 1 0.901000
118 2 28.748598 72 7.989000
118 3 28.739656 211 8.897000
118 0 28.739656 18703 67.202000
119 1 47.071232 1 0.722000
119 2 46.816631 74 8.570000
119 3 41.956512 79 8.751000
119 4 40.640060 214 10.465000
119 0 40.640060 26702 95.638000
120 1 49.144642 1 1.055000
120 0 49.144642 11115 28.069000
121 1 66.599121 1 0.246000
121 2 61.947548 67 10.008000
121 3 57.936584 71 10.077000
121 4 56.474762 74 10.116000
121 5 55.838139 93 10.349000
121 6 54.299419 100 10.441000
121 7 46.115269 108 10.512000
121 8 44.803650 144 10.739000
121 0 44.803650 20261 67.453000
122 1 13.472539 1 1.373000
122 2 12.652650 128 8.268000
122 0 12.652650 5666 29.470000
123 1 71.315308 1 0.578000
123 2 71.302643 122 11.651000
123 3 69.393036 132 11.706000
123 4 68.856354 132 11.723000
123 5 64.864822 147 11.795000
123 6 64.505058 173 11.970000
123 7 64.324509 934 15.322000
123 0 64.324509 35206 108.067000
124 1 14.026912 1 1.282000
124 2 13.218563 93 8.064000
124 3 12.295141 137 8.297000
124 0 12.295141 4629 24.418000
125 1 19.083755 1 0.706000
125 2 17.200344 70 6.553000
125 3 16.811937 107 6.762000
125 4 14.829319 128 6.870000
125 0 14.829319 9721 93.616000
126 1 40.550831 1 0.736000
126 2 37.558781 236 8.075000
126 0 37.558781 5547 103.804000
127 1 34.219612 1 0.928000
127 2 32.794281 83 7.375000
127 3 32.391079 98 7.494000
127 4 30.035498 132 7.992000
127 5 29.503380 221 9.369000
127 6 27.629272 305 10.092000
127 0 27.629272 9383 72.976000
128 1 25.841475 1 0.610000
128 2 23.751217 71 5.156000
128 3 23.157518 107 5.306000
128 0 23.157518 4236 16.180000
129 1 6.669874 1 1.322000
129 2 6.283744 71 6.134000
129 3 6.040834 99 6.255000
129 4 5.697039 111 6.298000
129 5 4.915977 348 7.486000
129 0 4.915977 3862 25.719000
130 1 35.906292 1 0.857000
130 2 32.813293 71 5.997000
130 3 29.563848 72 6.062000
130 0 29.563848 4920 27.019000
131 1 36.128529 1 0.704000
131 2 33.431072 79 5.633000
131 0 33.431072 4001 16.804000
132 1 18.358732 1 0.678000
132 2 18.288656 84 7.604000
132 3 15.646946 112 7.734000
132 0 15.646946 6876 34.724000
133 1 58.652504 1 0.370000
133 2 58.561066 149 6.042000
133 3 57.222301 156 6.068000
133 0 57.222301 12992 34.490000
134 1 69.090904 1 0.707000
134 2 66.835106 119 10.720000
134 3 66.431801 126 10.745000
134 4 62.115955 143 10.772000
134 0 62.115955 25837 89.309000
135 1 14.727881 1 1.040000
135 2 12.205058 66 7.505000
135 0 12.205058 4484 51.668000
136 1 13.291611 1 1.398000
136 2 12.612565 124 7.347000
136 3 12.543446 129 7.377000
136 0 12.543446 11467 49.451000
137 1 17.507788 1 0.606000
137 2 16.918196 72 5.590000
137 3 16.617010 76 5.620000
137 4 15.071983 77 5.628000
137 5 14.372019 85 5.673000
137 6 13.422976 97 5.747000
137 7 11.860717 251 6.302000
137 0 11.860717 2096 12.704000
138 1 31.227856 1 0.430000
138 2 23.872944 71 5.359000
138 0 23.872944 4601 17.523000
139 1 39.263374 1 1.193000
139 0 39.263374 6673 23.195000
140 1 69.702995 1 0.448000
140 2 69.303078 87 6.721000
140 3 57.984612 121 6.767000
140 4 45.045059 172 6.830000
140 0 45.045059 11493 23.086000
141 1 27.471296 1 1.352000
141 2 26.078213 180 6.721000
141 3 26.012283 226 6.833000
141 0 26.012283 3173 13.397000
142 1 14.194386 1 1.169000
142 2 13.953412 142 9.458000
142 3 13.916331 161 9.608000
142 4 13.506620 173 9.764000
142 0 13.506620 8976 44.143000
143 1 25.811819 1 1.015000
143 0 25.811819 6909 28.744000
144 1 77.862167 1 0.574000
144 2 75.392319 124 6.748000
144 3 73.661392 141 6.797000
144 4 69.432449 235 7.038000
144 0 69.432449 15834 32.717000
145 1 62.183601 1 1.040000
145 2 60.607307 81 7.419000
145 3 59.326359 88 7.462000
145 4 59.284233 125 7.606000
145 5 57.486641 133 7.664000
145 6 56.280167 140 7.700000
145 7 52.442112 158 7.750000
145 0 52.442112 12911 27.743000
146 1 30.740477 1 0.785000
146 2 28.310793 73 5.801000
146 3 27.539957 77 5.868000
146 4 22.544783 81 5.895000
146 0 22.544783 3770 16.802000
147 1 77.772514 1 0.373000
147 0 77.772514 38487 84.028000
148 1 4.241274 1 0.857000
148 0 4.241274 2988 18.201000
149 1 60.326256 1 1.269000
149 2 57.750671 73 7.409000
149 3 56.812366 157 7.804000
149 4 48.156319 229 7.995000
149 0 48.156319 10512 24.017000
150 1 20.541082 1 0.846000
150 2 20.307987 68 8.054000
150 3 19.633307 73 8.200000
150 4 18.259398 107 8.507000
150 5 17.693157 116 8.536000
150 6 16.927816 154 8.815000
150 0 16.927816 7050 60.961000
151 1 81.597374 1 0.542000
151 2 80.788597 80 7.508000
151 3 70.556244 85 7.542000
151 4 68.381416 209 7.929000
151 0 68.381416 21149 32.327000
152 1 53.239822 1 0.907000
152 2 50.329453 82 7.838000
152 3 49.564751 109 8.070000
152 4 48.693985 163 8.409000
152 5 46.604546 181 8.517000
152 0 46.604546 18487 83.731000
153 1 52.602371 1 0.497000
153 2 49.823006 68 5.689000
153 3 48.473824 96 5.871000
153 4 48.246433 134 5.991000
153 5 47.174408 213 6.253000
153 6 46.873619 273 6.442000
153 0 46.873619 6969 20.095000
154 1 108.638733 1 0.379000
154 2 98.054077 75 11.288000
154 3 95.453140 105 11.993000
154 4 88.440819 113 12.096000
154 5 87.809364 155 12.352000
154 0 87.809364 51088 90.518000
155 1 13.827610 1 1.007000
155 2 13.756686 69 7.722000
155 3 11.520762 75 7.825000
155 4 11.404756 85 7.880000
155 5 11.089772 137 8.055000
155 6 10.213579 161 8.181000
155 0 10.213579 7138 34.790000
156 1 43.202301 1 0.707000
156 2 42.293953 118 9.234000
156 3 40.799393 120 9.265000
156 0 40.799393 16418 55.024000
157 1 15.959785 1 0.811000
157 0 15.959785 4458 22.397000
158 1 17.117880 1 0.826000
158 2 16.636206 97 7.189000
158 0 16.636206 5946 39.142000
159 1 105.763107 1 0.462000
159 2 104.560081 94 11.464000
159 3 91.818657 97 11.549000
159 4 91.349640 117 11.670000
159 5 89.652901 394 13.128000
159 6 83.462425 414 13.197000
159 0 83.462425 37385 80.795000
160 1 24.940189 1 1.365000
160 2 23.641644 66 7.015000
160 3 20.851181 72 7.300000
160 4 20.760792 89 7.416000
160 5 20.737679 97 7.444000
160 6 19.698383 102 7.454000
160 0 19.698383 9034 40.070000
161 1 57.854050 1 0.626000
161 2 53.976467 78 11.036000
161 3 48.958332 96 11.134000
161 4 48.166645 267 11.620000
161 0 48.166645 24392 76.042000
162 1 63.953663 1 0.802000
162 2 63.761814 127 7.298000
162 3 63.470516 147 7.411000
162 4 61.112930 157 7.492000
162 5 56.696053 324 8.231000
162 0 56.696053 13040 34.017000
163 1 27.296225 1 1.133000
163 2 25.611385 79 7.349000
163 3 20.912930 95 7.448000
163 0 20.912930 4151 54.966000
164 1 11.834640 1 1.137000
164 2 11.692172 74 6.445000
164 3 11.046301 95 6.615000
164 4 10.625687 102 6.679000
164 5 10.588176 159 7.054000
164 0 10.588176 4879 25.918000
165 1 51.020348 1 0.389000
165 2 49.218533 89 8.565000
165 3 45.483154 178 9.104000
165 0 45.483154 15404 50.166000
166 1 8.206213 1 0.742000
166 2 7.559297 84 6.711000
166 3 7.292643 102 6.809000
166 4 6.847405 104 6.826000
166 5 6.590969 153 7.069000
166 0 6.590969 2231 15.626000
167 1 12.179262 1 1.378000
167 2 11.317499 94 8.229000
167 3 10.882123 115 8.299000
167 0 10.882123 4492 24.088000
168 1 20.170416 1 0.998000
168 2 18.639420 95 6.673000
168 0 18.639420 9675 40.199000
169 1 21.822075 1 0.740000
169 0 21.822075 2533 12.959000
170 1 39.655865 1 1.008000
170 2 36.897682 251 6.847000
170 0 36.897682 3314 18.169000
171 1 19.496504 1 1.242000
171 2 17.379210 121 7.594000
171 0 17.379210 13075 53.238000
172 1 12.425753 1 0.644000
172 2 10.880170 65 6.001000
172 3 10.032508 68 6.076000
172 4 9.859007 151 6.463000
172 5 9.594519 285 7.009000
172 0 9.594519 5325 25.944000
173 1 11.432305 1 1.210000
173 2 9.951643 72 6.606000
173 3 9.803976 83 6.655000
173 4 9.626166 106 6.780000
173 5 8.023583 108 6.799000
173 0 8.023583 4988 55.664000
174 1 35.086365 1 1.172000
174 2 31.523989 75 6.717000
174 3 30.997501 154 7.181000
174 0 30.997501 8353 90.645000
175 1 22.012291 1 0.888000
175 2 20.139582 234 9.007000
175 0 20.139582 7306 35.038000
176 1 78.313980 1 0.867000
176 2 74.884674 90 9.723000
176 3 64.138412 106 10.271000
176 4 62.023205 520 14.456000
176 0 62.023205 19851 49.334000
177 1 34.992661 1 1.213000
177 2 32.008812 108 9.745000
177 3 31.759771 116 9.770000
177 4 26.748354 280 11.482000
177 0 26.748354 12650 123.747000
178 1 37.959991 1 0.210000
178 2 26.716022 69 5.868000
178 0 26.716022 7238 63.830000
179 1 16.234396 1 1.158000
179 2 16.220951 134 7.641000
179 0 16.220951 5545 27.734000
180 1 134.245438 1 0.886000
180 2 133.317505 83 17.017000
180 3 126.543251 101 17.529000
180 4 119.084091 101 17.560000
180 5 118.463966 142 18.207000
180 6 110.277130 173 18.818000
180 0 110.277130 93005 162.838000
181 1 22.272205 1 1.152000
181 2 18.193050 75 9.638000
181 3 15.947993 677 12.894000
181 0 15.947993 10288 46.510000
182 1 45.662289 1 0.448000
182 2 40.274498 68 8.692000
182 3 37.434906 73 8.722000
182 4 36.867687 76 8.754000
182 5 32.129890 94 8.832000
182 0 32.129890 15346 75.028000
183 1 66.349144 1 0.980000
183 2 59.228626 70 8.041000
183 3 52.743813 104 8.165000
183 4 52.516731 119 8.199000
183 5 50.728386 1205 11.482000
183 0 50.728386 17624 39.526000
184 1 26.514320 1 1.314000
184 2 23.400524 73 5.875000
184 3 22.180361 105 6.043000
184 4 21.678263 125 6.113000
184 5 19.958508 219 6.517000
184 0 19.958508 2424 25.232000
185 1 9.778799 1 1.438000
185 2 9.385167 67 6.877000
185 3 8.417027 73 6.917000
185 4 8.086297 85 6.993000
185 5 7.082280 97 7.045000
185 6 7.022130 228 7.640000
185 0 7.022130 5878 34.983000
186 1 17.647943 1 0.719000
186 2 16.580965 120 6.931000
186 0 16.580965 5064 24.493000
187 1 26.285984 1 1.279000
187 2 25.224831 72 7.948000
187 3 22.965208 79 8.094000
187 4 21.581652 147 8.435000
187 0 21.581652 13955 55.160000
188 1 54.338211 1 0.730000
188 2 47.302231 66 6.774000
188 3 42.322224 90 6.930000
188 0 42.322224 12602 60.448000
189 1 32.344028 1 1.067000
189 2 31.192081 67 10.215000
189 3 29.676373 81 10.657000
189 4 29.006483 102 11.250000
189 5 26.181408 104 11.297000
189 0 26.181408 11954 148.010000
190 1 6.930939 1 1.207000
190 2 6.071709 85 6.531000
190 0 6.071709 5018 26.519000
191 1 30.535172 1 1.472000
191 2 30.187109 80 7.434000
191 3 29.382742 92 7.510000
191 4 28.716175 132 7.690000
191 5 28.665173 141 7.717000
191 6 27.189493 151 7.749000
191 0 27.189493 8761 36.319000
192 1 95.318909 1 0.318000
192 2 83.614380 131 9.607000
192 0 83.614380 48221 78.291000
193 1 35.873798 1 1.096000
193 2 31.919800 126 8.588000
193 3 30.103151 145 8.674000
193 4 27.593006 252 9.143000
193 0 27.593006 11461 120.736000
194 1 24.111280 1 1.422000
194 2 21.067440 97 7.639000
194 3 20.671362 145 7.871000
194 0 20.671362 12486 48.255000
195 1 76.938828 1 0.688000
195 2 68.242744 104 7.175000
195 3 64.750458 110 7.200000
195 4 61.760662 157 7.303000
195 0 61.760662 18498 85.613000
196 1 19.020737 1 1.381000
196 2 17.072607 122 8.457000
196 3 16.514973 129 8.490000
196 4 14.998755 164 8.653000
196 0 14.998755 5890 48.896000
197 1 92.938393 1 0.563000
197 2 89.264404 107 8.585000
197 3 83.934158 141 8.758000
197 4 83.882072 194 8.963000
197 5 80.616837 213 9.013000
197 6 77.333420 308 9.336000
197 7 72.410034 390 9.493000
197 0 72.410034 23955 37.232000
198 1 16.036068 1 0.874000
198 2 15.586743 76 7.522000
198 3 14.092505 121 7.673000
198 0 14.092505 6289 30.030000
199 1 64.850288 1 0.425000
199 2 63.299694 119 12.395000
199 3 61.845417 364 15.113000
199 4 60.718719 461 15.786000
199 5 59.825394 698 17.580000
199 0 59.825394 40140 142.932000
200 1 17.146135 1 1.083000
200 2 16.128746 99 5.906000
200 3 15.921035 107 5.943000
200 4 14.640678 112 5.983000
200 5 14.555461 122 6.009000
200 6 14.204540 125 6.036000
200 7 13.821662 138 6.063000
200 0 13.821662 1986 75.980000
201 1 9.434811 1 1.391000
201 2 9.292370 67 6.211000
201 3 8.623525 71 6.254000
201 4 8.326843 103 6.363000
201 5 8.265455 111 6.416000
201 6 7.999071 152 6.617000
201 0 7.999071 4270 31.977000
202 1 16.410040 1 0.559000
202 2 12.669691 78 5.587000
202 3 11.534367 332 6.581000
202 0 11.534367 2574 14.832000
203 1 56.646358 1 0.391000
203 2 55.880165 66 8.816000
203 3 54.319191 70 8.850000
203 4 39.996040 98 8.991000
203 5 39.982136 217 9.285000
203 0 39.982136 14115 85.973000
204 1 46.127163 1 0.821000
204 2 43.530647 131 8.441000
204 0 43.530647 20078 66.022000
205 1 21.372627 1 1.300000
205 2 21.112740 100 13.096000
205 3 19.484596 128 15.064000
205 4 18.789354 265 19.009000
205 0 18.789354 12391 71.928000
206 1 45.262417 1 0.844000
206 2 44.773937 83 7.832000
206 3 43.151360 87 7.891000
206 4 31.332809 95 7.940000
206 0 31.332809 6530 28.561000
207 1 63.285217 1 0.095000
207 2 57.002110 71 8.540000
207 3 54.167263 82 8.579000
207 4 50.219902 86 8.622000
207 5 49.363316 90 8.650000
207 6 48.263741 92 8.664000
207 7 45.908188 100 8.690000
207 8 39.933243 106 8.716000
207 0 39.933243 27358 85.557000
208 1 59.124111 1 0.893000
208 2 43.699688 83 7.418000
208 0 43.699688 8302 24.155000
209 1 81.429787 1 1.111000
209 2 80.367744 71 12.695000
209 3 75.737755 71 12.725000
209 4 68.831581 79 12.749000
209 5 57.024502 83 12.770000
209 6 56.824512 168 13.001000
209 0 56.824512 42476 100.718000
210 1 42.047318 1 0.730000
210 2 38.699326 72 6.357000
210 3 34.713440 98 6.548000
210 4 32.056450 184 6.823000
210 0 32.056450 7611 47.068000
211 1 27.570597 1 1.011000
211 2 27.242569 490 8.327000
211 0 27.242569 8090 106.070000
212 1 30.739923 1 1.034000
212 2 27.231339 143 6.581000
212 0 27.231339 4091 17.843000
213 1 45.882969 1 0.942000
213 2 42.455070 112 8.129000
213 3 41.933327 154 8.303000
213 0 41.933327 11611 63.015000
214 1 53.772877 1 0.938000
214 2 46.351410 105 9.056000
214 0 46.351410 25819 97.100000
215 1 18.232012 1 1.227000
215 0 18.232012 6033 35.796000
216 1 38.841686 1 1.189000
216 2 38.356747 68 8.889000
216 3 37.748680 69 8.915000
216 4 33.977272 83 9.331000
216 5 30.443155 85 9.487000
216 6 30.405502 345 12.217000
216 0 30.405502 14215 66.291000
217 1 21.562645 1 0.981000
217 2 21.333210 89 7.013000
217 3 21.224558 95 7.042000
217 4 19.743568 110 7.079000
217 0 19.743568 10645 66.741000
218 1 29.231770 1 0.888000
218 2 28.510569 66 7.656000
218 3 28.352524 68 7.752000
218 4 27.902493 68 7.779000
218 5 25.006464 72 7.806000
218 6 23.730127 106 7.934000
218 7 23.123756 121 8.031000
218 8 22.677494 149 8.217000
218 9 22.472626 834 11.013000
218 0 22.472626 15031 122.273000
219 1 40.201565 1 0.957000
219 2 35.424091 105 9.386000
219 0 35.424091 15065 54.574000
220 1 47.855160 1 0.720000
220 2 44.668308 79 6.827000
220 0 44.668308 12103 122.109000
221 1 55.829388 1 1.072000
221 2 54.118816 113 7.037000
221 3 48.489826 145 7.201000
221 0 48.489826 9693 27.853000
222 1 28.447355 1 0.944000
222 2 27.560226 95 6.590000
222 3 26.888983 110 6.648000
222 4 23.727865 576 8.620000
222 0 23.727865 10260 42.935000
223 1 28.495571 1 0.975000
223 2 26.304836 89 6.382000
223 3 24.849453 96 6.436000
223 4 22.306974 113 6.574000
223 0 22.306974 6380 27.046000
224 1 102.618118 1 0.349000
224 2 98.175926 87 10.942000
224 3 94.064972 124 11.209000
224 4 93.097549 143 11.269000
224 5 84.380920 177 11.634000
224 6 79.329193 427 12.343000
224 0 79.329193 44149 90.539000
225 1 42.673874 1 0.694000
225 2 39.689934 71 6.941000
225 3 33.180946 96 7.173000
225 4 32.281181 101 7.203000
225 5 31.053486 123 7.315000
225 0 31.053486 11038 38.950000
226 1 58.523224 1 0.085000
226 0 58.523224 15697 24.960000
227 1 21.416124 1 1.288000
227 2 20.179808 79 6.072000
227 3 19.527082 82 6.101000
227 4 18.622850 116 6.244000
227 0 18.622850 5005 20.756000
228 1 14.210837 1 0.799000
228 2 12.810244 79 5.785000
228 3 12.625126 83 5.817000
228 4 12.062613 107 5.904000
228 0 12.062613 2510 14.264000
229 1 32.013325 1 0.976000
229 2 29.564287 67 7.389000
229 3 29.130568 74 7.437000
229 4 25.869913 175 7.883000
229 0 25.869913 12133 47.101000
230 1 49.283161 1 0.696000
230 2 38.889061 67 6.663000
230 3 36.725758 74 6.757000
230 4 36.629448 85 6.817000
230 5 35.955128 89 6.848000
230 6 34.557804 126 7.017000
230 7 34.363762 177 7.198000
230 8 33.490658 272 7.519000
230 0 33.490658 4738 17.856000
231 1 75.431274 1 0.346000
231 2 74.019569 71 10.732000
231 3 67.824593 74 10.761000
231 4 66.674416 81 10.809000
231 5 66.164703 98 10.887000
231 6 63.784801 162 11.243000
231 7 60.524189 232 11.526000
231 0 60.524189 29809 69.720000
232 1 14.293027 1 1.051000
232 2 12.730394 70 7.513000
232 3 12.718174 104 7.658000
232 4 12.042723 109 7.681000
232 5 11.780414 128 7.765000
232 0 11.780414 3970 22.570000
233 1 25.106421 1 1.154000
233 2 24.855604 170 8.225000
233 3 21.770510 294 8.701000
233 0 21.770510 7517 28.541000
234 1 12.970745 1 0.861000
234 2 11.875948 65 6.570000
234 3 11.771790 74 6.654000
234 4 11.252407 87 6.720000
234 5 10.756327 95 6.753000
234 6 9.408127 104 6.778000
234 0 9.408127 6080 82.534000
235 1 60.872639 1 0.408000
235 2 52.257229 80 10.718000
235 3 51.488453 632 13.831000
235 0 51.488453 23092 70.690000
236 1 71.948059 1 0.553000
236 2 71.658714 81 8.702000
236 3 71.511200 86 8.769000
236 4 67.822327 89 8.865000
236 5 67.485199 110 9.407000
236 6 62.606655 118 9.591000
236 7 58.432030 130 9.808000
236 8 55.118130 143 9.974000
236 9 54.453190 218 10.769000
236 0 54.453190 19275 44.121000
237 1 48.249794 1 1.422000
237 2 45.826515 76 8.917000
237 3 42.759911 107 9.411000
237 0 42.759911 20722 132.153000
238 1 9.639739 1 1.307000
238 2 9.310372 79 6.898000
238 3 8.286862 80 6.914000
238 4 8.126025 179 7.487000
238 0 8.126025 2331 17.948000
239 1 11.689508 1 1.002000
239 2 11.167097 70 6.348000
239 3 10.104753 73 6.371000
239 4 9.819646 96 6.432000
239 5 9.279648 120 6.525000
239 6 8.825233 175 6.822000
239 0 8.825233 7338 128.353000
240 1 33.940617 1 0.664000
240 2 33.620125 93 6.017000
240 3 32.765938 128 6.212000
240 4 31.888781 129 6.234000
240 5 28.583780 158 6.364000
240 0 28.583780 3136 15.434000
241 1 11.720785 1 0.738000
241 2 11.707083 87 5.508000
241 3 11.503952 104 5.582000
241 4 11.035594 113 5.610000
241 5 10.675538 162 5.900000
241 0 10.675538 3663 77.102000
242 1 50.855701 1 0.638000
242 0 50.855701 11566 26.106000
243 1 21.680290 1 0.366000
243 2 21.557987 68 5.460000
243 3 18.403919 92 5.773000
243 4 18.350903 96 5.830000
243 5 17.908583 152 6.166000
243 6 17.343807 196 6.360000
243 0 17.343807 4604 23.221000
244 1 44.964870 1 1.102000
244 2 44.872036 175 6.888000
244 3 43.257950 208 7.011000
244 0 43.257950 6268 60.766000
245 1 89.238548 1 0.759000
245 2 87.180374 196 15.657000
245 3 86.780678 241 16.057000
245 0 86.780678 63863 172.674000
246 1 91.792374 1 1.165000
246 2 90.899994 87 11.452000
246 3 90.183441 94 11.568000
246 4 85.490669 97 11.598000
246 5 84.802872 108 11.671000
246 6 84.764572 137 11.884000
246 7 77.664757 148 11.980000
246 8 73.276611 239 12.748000
246 9 71.213165 862 15.337000
246 0 71.213165 45418 175.409000
247 1 53.256554 1 0.565000
247 2 46.161304 90 6.581000
247 3 41.106529 110 6.651000
247 4 40.773998 239 6.912000
247 0 40.773998 7122 27.968000
248 1 67.214378 1 0.312000
248 2 59.621925 101 6.607000
248 3 54.781601 156 6.807000
248 0 54.781601 15216 57.873000
249 1 28.962706 1 1.474000
249 2 26.493649 138 7.457000
249 3 26.302553 444 8.653000
249 0 26.302553 12730 42.947000
250 1 62.993835 1 0.495000
250 2 48.109943 346 6.705000
250 0 48.109943 7198 15.707000
251 1 37.351986 1 0.857000
251 2 35.806416 72 7.556000
251 3 30.382257 76 7.615000
251 4 30.064184 86 7.665000
251 5 26.783335 96 7.757000
251 6 25.590815 145 7.952000
251 7 21.456839 156 8.000000
251 0 21.456839 6543 29.589000
252 1 13.617338 1 1.346000
252 2 12.953397 73 6.984000
252 3 11.757726 86 7.107000
252 0 11.757726 7412 35.385000
253 1 26.812981 1 1.278000
253 2 25.582663 70 6.603000
253 3 24.949583 81 6.706000
253 4 23.809769 90 6.768000
253 5 22.869452 146 7.177000
253 0 22.869452 7017 26.520000
254 1 92.031479 1 0.994000
254 2 91.269203 71 9.825000
254 3 87.421867 134 10.119000
254 4 77.985481 216 10.477000
254 0 77.985481 37548 60.315000
255 1 99.221848 1 0.448000
255 2 93.960617 81 10.525000
255 3 77.270119 85 10.589000
255 0 77.270119 33979 64.386000
256 1 17.060545 1 1.140000
256 2 14.984035 81 6.692000
256 3 12.414783 87 6.729000
256 0 12.414783 4928 25.816000
257 1 94.700943 1 0.881000
257 2 91.019836 98 8.964000
257 3 90.828545 150 9.094000
257 4 84.151947 168 9.158000
257 5 80.452744 228 9.297000
257 0 80.452744 31741 80.266000
258 1 18.331551 1 0.841000
258 2 16.582706 65 7.651000
258 3 16.340443 110 8.058000
258 4 15.902990 114 8.085000
258 5 15.556649 119 8.117000
258 6 15.291595 122 8.132000
258 7 13.598579 135 8.187000
258 0 13.598579 5492 55.986000
259 1 17.758486 1 0.618000
259 0 17.758486 2010 34.972000
260 1 11.598276 1 0.840000
260 2 10.646907 82 6.364000
260 3 8.547848 88 6.389000
260 0 8.547848 3817 19.076000
261 1 29.167871 1 1.210000
261 2 24.646297 72 7.856000
261 3 23.473238 138 8.194000
261 0 23.473238 10255 53.702000
262 1 39.929356 1 1.288000
262 2 39.331219 69 8.136000
262 3 39.246460 70 8.213000
262 4 37.924744 74 8.295000
262 5 34.623650 76 8.327000
262 6 34.267204 93 8.613000
262 7 31.552841 96 8.709000
262 0 31.552841 11779 61.245000
263 1 111.274590 1 0.222000
263 2 108.521751 86 9.274000
263 3 85.276680 127 9.390000
263 0 85.276680 32144 44.613000
264 1 14.132929 1 1.126000
264 0 14.132929 4755 22.056000
265 1 58.708466 1 0.852000
265 2 47.367374 65 8.612000
265 3 45.273972 68 8.700000
265 4 43.899910 73 8.786000
265 5 42.178261 95 8.966000
265 6 40.111931 99 8.996000
265 7 40.064522 201 9.611000
265 0 40.064522 14371 53.146000
266 1 18.620056 1 0.730000
266 2 17.580198 79 6.701000
266 3 13.766337 83 6.830000
266 0 13.766337 4068 24.339000
267 1 38.501400 1 0.316000
267 2 35.703617 81 7.170000
267 3 31.644300 103 7.277000
267 0 31.644300 10406 56.510000
268 1 35.790585 1 0.695000
268 2 35.238026 79 7.021000
268 3 30.504337 87 7.045000
268 4 30.219088 98 7.072000
268 5 29.895609 135 7.248000
268 6 26.280151 257 7.809000
268 0 26.280151 10990 49.422000
269 1 88.809204 1 1.121000
269 2 85.144585 134 9.346000
269 3 82.806671 189 9.658000
269 4 77.489151 412 10.343000
269 0 77.489151 24837 108.754000
270 1 12.829797 1 0.633000
270 2 10.380638 81 5.744000
270 3 10.114202 121 5.925000
270 0 10.114202 3540 19.619000
271 1 9.917477 1 1.572000
271 2 7.809739 98 8.416000
271 3 7.752475 114 8.499000
271 4 7.669943 132 8.580000
271 0 7.669943 4390 27.359000
272 1 30.934345 1 0.881000
272 2 25.387707 142 5.982000
272 0 25.387707 3176 49.795000
273 1 71.848534 1 0.392000
273 2 66.213318 111 6.376000
273 0 66.213318 16073 28.333000
274 1 5.598367 1 1.108000
274 2 4.886457 73 6.876000
274 3 4.391227 74 6.886000
274 4 4.287015 74 6.895000
274 0 4.287015 2194 17.045000
275 1 30.506083 1 0.924000
275 2 26.794127 89 5.921000
275 3 23.704229 146 6.163000
275 4 23.514751 155 6.200000
275 5 22.465446 203 6.348000
275 0 22.465446 2248 21.487000
276 1 24.379517 1 0.850000
276 2 22.499596 75 6.973000
276 3 21.801340 85 7.017000
276 4 20.250772 99 7.059000
276 0 20.250772 7052 42.978000
277 1 187.345947 1 0.502000
277 2 176.481293 163 18.362000
277 3 151.236603 185 18.431000
277 0 151.236603 115161 211.185000
278 1 27.586720 1 0.953000
278 2 26.923706 69 8.341000
278 3 20.267567 77 8.533000
278 4 19.484398 319 9.912000
278 0 19.484398 11962 49.314000
279 1 13.860378 1 1.345000
279 2 13.286036 70 8.466000
279 3 13.211248 86 8.710000
279 4 12.771613 90 8.737000
279 5 12.593530 116 8.903000
279 6 11.735620 177 9.312000
279 0 11.735620 6275 31.066000
280 1 25.341961 1 1.025000
280 2 24.038364 65 6.742000
280 3 21.507416 70 6.936000
280 4 18.663803 76 6.995000
280 0 18.663803 8931 36.156000
281 1 105.486481 1 0.521000
281 2 102.361389 103 11.686000
281 3 100.861168 126 11.743000
281 4 100.507523 134 11.758000
281 5 95.697563 142 11.779000
281 6 94.334534 536 12.791000
281 7 93.953941 601 12.926000
281 8 89.275795 1654 15.158000
281 0 89.275795 50457 82.893000
282 1 66.287201 1 0.520000
282 2 62.997597 146 6.995000
282 0 62.997597 16684 54.568000
283 1 90.954437 1 0.125000
283 0 90.954437 50692 67.725000
284 1 98.328667 1 0.414000
284 0 98.328667 70052 101.597000
285 1 52.265816 1 1.508000
285 2 51.311390 71 10.129000
285 3 50.215187 73 10.241000
285 4 49.967464 73 10.258000
285 5 47.742802 81 10.440000
285 6 44.320152 86 10.658000
285 0 44.320152 24005 143.436000
286 1 74.611702 1 0.190000
286 2 73.461494 80 6.525000
286 3 71.612335 102 6.582000
286 4 71.089325 146 6.707000
286 5 65.767532 153 6.733000
286 6 61.919933 209 6.842000
286 7 61.330715 237 6.884000
286 0 61.330715 15640 63.078000
287 1 47.620457 1 1.244000
287 2 45.463223 78 6.535000
287 3 38.461239 90 6.638000
287 4 32.388657 168 6.934000
287 0 32.388657 3238 17.967000
288 1 70.474716 1 0.686000
288 2 69.140640 77 9.911000
288 3 66.273529 85 10.003000
288 4 57.099228 91 10.076000
288 5 56.094639 199 10.743000
288 0 56.094639 41489 102.473000
289 1 19.285284 1 1.186000
289 2 13.081139 68 7.093000
289 3 12.828173 125 7.406000
289 4 12.725244 211 7.875000
289 0 12.725244 5803 43.399000
290 1 21.806099 1 1.244000
290 2 20.424889 73 6.464000
290 3 19.814699 79 6.512000
290 4 19.567705 108 6.703000
290 5 18.305429 117 6.734000
290 6 17.805691 123 6.755000
290 0 17.805691 5411 39.904000
291 1 29.425423 1 0.645000
291 2 22.574213 78 7.921000
291 0 22.574213 9418 38.215000
292 1 45.246307 1 1.302000
292 2 44.661716 127 8.093000
292 3 38.502357 158 8.231000
292 0 38.502357 14439 47.859000
293 1 25.074284 1 1.184000
293 2 21.039944 67 6.199000
293 3 18.900799 74 6.343000
293 0 18.900799 5898 63.130000
294 1 13.402651 1 1.205000
294 0 13.402651 3272 21.911000
295 1 170.922775 1 0.059000
295 2 156.671280 17 14.098000
295 3 121.617630 38 14.111000
295 4 111.921913 85 14.139000
295 5 111.223618 216 14.263000
295 6 105.539307 225 14.279000
295 7 102.088127 490 14.518000
295 8 101.314522 790 14.765000
295 0 101.314522 49232 82.347000
296 1 68.601532 1 0.748000
296 2 62.084103 85 7.105000
296 0 62.084103 14976 27.567000
297 1 65.570419 1 0.532000
297 2 62.304405 63 9.219000
297 3 55.287151 88 9.251000
297 4 52.526363 98 9.277000
297 5 51.286175 168 9.403000
297 6 49.661007 176 9.414000
297 7 46.734135 187 9.437000
297 8 46.617985 195 9.461000
297 9 46.541183 334 9.748000
297 0 46.541183 24210 60.376000
298 1 25.995300 1 0.802000
298 2 25.951273 101 6.443000
298 3 23.263653 152 6.907000
298 0 23.263653 9123 36.155000
299 1 45.215359 1 0.546000
299 2 44.879845 195 6.275000
299 0 44.879845 6922 20.321000
300 1 83.799263 1 0.274000
300 2 81.042442 84 6.813000
300 3 77.965752 284 7.579000
300 4 71.176537 341 7.712000
300 5 68.420677 352 7.741000
300 0 68.420677 18088 26.502000
301 1 42.866241 1 1.201000
301 2 38.460587 96 6.594000
301 0 38.460587 8394 27.453000
302 1 22.765942 1 0.585000
302 2 16.638559 88 6.736000
302 0 16.638559 5636 26.235000
303 1 93.924583 1 0.766000
303 2 79.574097 69 9.081000
303 3 79.358932 286 9.775000
303 0 79.358932 32869 111.555000
304 1 26.431919 1 1.043000
304 2 25.504854 120 6.915000
304 3 22.844482 147 7.040000
304 0 22.844482 4902 21.509000
305 1 24.802462 1 1.520000
305 2 23.536629 68 8.514000
305 3 22.632658 120 8.860000
305 4 22.423878 257 9.540000
305 0 22.423878 6484 31.592000
306 1 59.676926 1 0.750000
306 2 57.447910 118 6.996000
306 0 57.447910 11896 24.832000
307 1 7.045442 1 1.083000
307 2 6.780504 100 5.786000
307 3 5.262585 102 5.798000
307 0 5.262585 2262 35.219000
308 1 56.129219 1 0.146000
308 2 54.110176 76 7.497000
308 3 53.662987 94 7.619000
308 4 50.979572 95 7.627000
308 5 50.328049 105 7.675000
308 6 47.158012 115 7.749000
308 7 47.013813 132 7.818000
308 8 46.557549 136 7.844000
308 9 45.741127 181 8.005000
308 10 45.398396 198 8.064000
308 0 45.398396 24073 76.079000
309 1 18.106445 1 1.141000
309 2 17.467131 65 5.945000
309 3 14.814928 73 6.114000
309 0 14.814928 4379 32.857000
310 1 35.024410 1 1.300000
310 2 33.126556 151 9.814000
310 3 32.892467 438 12.216000
310 0 32.892467 15634 152.984000
311 1 68.533424 1 1.136000
311 2 64.496948 68 12.520000
311 3 63.598499 108 12.914000
311 4 60.830944 112 12.950000
311 5 60.644836 173 13.435000
311 6 59.590794 372 14.685000
311 7 59.065060 1093 17.824000
311 0 59.065060 34571 199.069000
312 1 22.176168 1 0.976000
312 0 22.176168 3725 17.448000
313 1 75.733406 1 1.013000
313 2 74.731277 71 7.743000
313 3 69.582428 82 7.856000
313 4 67.947266 88 7.911000
313 5 65.782669 118 8.160000
313 6 62.889679 139 8.281000
313 0 62.889679 17599 35.931000
314 1 36.527294 1 0.586000
314 2 34.217289 94 5.901000
314 0 34.217289 9920 71.665000
315 1 46.076473 1 0.623000
315 2 45.166752 116 8.070000
315 3 44.208988 195 8.564000
315 4 44.074203 250 9.050000
315 5 43.794312 260 9.094000
315 6 42.421612 300 9.245000
315 7 42.198910 318 9.298000
315 0 42.198910 17161 55.434000
316 1 24.043589 1 0.770000
316 2 21.159006 80 5.836000
316 3 20.851164 154 6.117000
316 0 20.851164 5443 109.284000
317 1 72.540817 1 0.187000
317 2 65.184219 182 10.974000
317 0 65.184219 30120 81.056000
318 1 39.530128 1 0.653000
318 2 35.744801 92 7.205000
318 3 32.640472 120 7.325000
318 0 32.640472 7255 27.097000
319 1 30.908104 1 0.823000
319 2 28.845659 112 7.234000
319 3 27.990435 125 7.354000
319 4 26.475021 167 7.537000
319 5 25.869419 286 7.942000
319 0 25.869419 11169 32.935000
320 1 35.276264 1 0.926000
320 2 33.614189 100 6.988000
320 3 32.341450 131 7.310000
320 4 31.407364 155 7.455000
320 5 30.464754 163 7.514000
320 0 30.464754 10475 37.022000
321 1 15.439363 1 0.718000
321 2 13.616532 73 7.392000
321 3 12.312813 79 7.500000
321 0 12.312813 6435 41.906000
322 1 12.434557 1 1.164000
322 2 12.031251 76 6.467000
322 3 10.151990 89 6.559000
322 0 10.151990 5143 114.067000
323 1 63.619595 1 0.375000
323 2 59.738480 81 6.057000
323 3 58.399677 97 6.099000
323 4 52.006710 110 6.125000
323 0 52.006710 12361 67.915000
324 1 122.263199 1 0.572000
324 0 122.263199 98197 183.951000
325 1 50.409733 1 0.550000
325 2 49.545853 75 6.885000
325 3 46.545422 95 6.993000
325 4 45.376507 106 7.044000
325 5 44.195122 107 7.052000
325 6 41.095673 184 7.386000
325 0 41.095673 13932 62.029000
326 1 27.032333 1 0.692000
326 2 17.625374 98 5.731000
326 0 17.625374 2140 65.144000
327 1 63.247150 1 0.661000
327 2 63.061123 83 8.230000
327 3 62.088711 85 8.269000
327 4 61.716019 89 8.300000
327 5 54.036278 106 8.442000
327 6 47.440365 144 8.597000
327 0 47.440365 14623 51.742000
328 1 70.867325 1 0.914000
328 2 69.492859 66 7.632000
328 3 68.940605 77 7.937000
328 4 62.764584 86 8.101000
328 5 61.098938 190 8.862000
328 6 54.309521 326 9.444000
328 0 54.309521 14956 32.386000
329 1 30.981951 1 1.187000
329 2 30.371750 84 8.617000
329 3 30.020542 90 8.730000
329 4 29.049955 98 8.798000
329 5 26.677576 116 8.929000
329 6 26.444012 134 9.024000
329 0 26.444012 9561 41.878000
330 1 18.181826 1 1.029000
330 2 17.183786 133 9.780000
330 3 13.194973 141 9.806000
330 0 13.194973 6548 32.575000
331 1 73.653763 1 0.455000
331 2 68.980400 68 8.220000
331 3 63.309391 86 8.336000
331 4 61.921440 92 8.366000
331 5 51.880177 98 8.388000
331 0 51.880177 18355 46.960000
332 1 21.944611 1 1.193000
332 0 21.944611 2668 14.532000
333 1 16.736441 1 0.924000
333 2 12.355291 70 7.030000
333 0 12.355291 2639 22.576000
334 1 43.476315 1 0.556000
334 2 36.354790 72 7.832000
334 3 34.228447 113 8.059000
334 0 34.228447 11122 36.659000
335 1 31.494469 1 0.271000
335 0 31.494469 10425 25.708000
336 1 9.923520 1 0.859000
336 2 9.782163 105 6.502000
336 3 9.084373 114 6.554000
336 4 9.060693 201 7.048000
336 0 9.060693 3769 21.107000
337 1 36.291733 1 0.819000
337 2 34.622078 84 6.808000
337 3 34.021420 84 6.819000
337 4 29.092741 86 6.845000
337 5 28.307783 103 6.901000
337 0 28.307783 8408 27.261000
338 1 24.030258 1 1.010000
338 2 23.833149 86 7.350000
338 3 21.825829 108 7.439000
338 0 21.825829 12655 84.179000
339 1 43.440971 1 0.425000
339 2 42.588528 71 8.690000
339 3 40.921345 85 8.806000
339 4 36.935505 99 8.884000
339 0 36.935505 22028 72.104000
340 1 63.630032 1 0.796000
340 2 61.620319 79 10.365000
340 3 59.080544 101 10.463000
340 4 53.035175 551 12.236000
340 0 53.035175 25884 63.857000
341 1 68.546936 1 0.581000
341 2 67.734352 74 7.529000
341 3 64.151047 79 7.609000
341 4 61.831558 88 7.850000
341 5 60.147095 93 7.905000
341 6 58.890705 116 8.176000
341 7 53.870697 164 8.619000
341 8 53.670834 262 9.259000
341 9 49.554394 425 10.031000
341 0 49.554394 12989 38.466000
342 1 84.186874 1 0.909000
342 2 83.749588 241 8.835000
342 0 83.749588 34221 42.647000
343 1 26.630363 1 1.420000
343 2 26.561216 111 8.208000
343 3 24.915709 124 8.272000
343 4 23.726969 152 8.449000
343 5 22.861544 157 8.478000
343 6 21.078646 209 8.654000
343 0 21.078646 8552 58.962000
344 1 20.507805 1 0.831000
344 2 19.470985 72 7.454000
344 3 18.079168 75 7.476000
344 4 17.157700 82 7.509000
344 5 16.806047 105 7.627000
344 6 16.465092 116 7.655000
344 7 15.060000 177 7.985000
344 0 15.060000 4738 55.935000
345 1 20.490967 1 0.990000
345 0 20.490967 8313 35.950000
346 1 64.176132 1 0.829000
346 0 64.176132 16808 28.446000
347 1 56.732716 1 0.451000
347 2 47.921986 70 5.647000
347 3 46.920368 83 5.686000
347 0 46.920368 7705 18.226000
348 1 32.139935 1 0.966000
348 2 31.761938 79 5.648000
348 3 28.852098 107 5.774000
348 0 28.852098 2767 41.501000
349 1 35.474667 1 0.844000
349 2 34.292114 93 7.008000
349 3 29.984821 102 7.045000
349 4 29.959848 344 7.781000
349 0 29.959848 10644 34.611000
350 1 7.314769 1 1.318000
350 2 6.491225 78 7.472000
350 0 6.491225 3497 20.899000
351 1 95.111313 1 0.407000
351 2 94.935417 227 8.360000
351 3 91.323082 282 8.432000
351 4 88.642456 393 8.548000
351 5 87.296227 741 8.817000
351 0 87.296227 33824 44.930000
352 1 48.644268 1 0.751000
352 2 46.511971 75 6.326000
352 3 41.363380 94 6.453000
352 4 39.447868 107 6.519000
352 5 38.506374 126 6.578000
352 6 36.643795 202 6.781000
352 0 36.643795 7144 24.633000
353 1 33.424278 1 1.040000
353 2 31.225964 79 8.801000
353 3 29.254686 96 8.882000
353 4 28.941195 135 9.067000
353 0 28.941195 10828 44.308000
354 1 88.579079 1 0.449000
354 2 70.171570 119 9.601000
354 0 70.171570 28217 55.913000
355 1 45.744602 1 0.171000
355 2 45.554367 70 8.195000
355 3 43.772121 84 8.267000
355 4 39.359879 119 8.497000
355 5 38.514450 148 8.663000
355 6 36.171936 177 8.772000
355 0 36.171936 11278 41.850000
356 1 22.172586 1 1.125000
356 2 21.793409 79 6.173000
356 3 21.540911 132 6.414000
356 4 20.536301 144 6.463000
356 5 19.007570 400 7.798000
356 0 19.007570 2722 25.565000
357 1 44.163208 1 0.651000
357 2 42.615185 102 5.842000
357 3 37.572594 114 5.876000
357 0 37.572594 6871 22.994000
358 1 26.671249 1 0.861000
358 2 24.679724 116 5.979000
358 3 24.336267 227 6.530000
358 0 24.336267 4538 19.519000
359 1 19.745308 1 0.846000
359 2 18.897488 107 10.228000
359 3 18.539953 152 12.401000
359 4 18.443037 248 14.618000
359 0 18.443037 14390 78.662000
360 1 16.765860 1 0.646000
360 2 16.535505 66 7.614000
360 3 14.708600 66 7.638000
360 4 14.568221 73 7.700000
360 5 12.581177 76 7.737000
360 6 11.732190 93 7.866000
360 7 11.502243 116 7.983000
360 8 11.042344 189 8.379000
360 0 11.042344 4714 43.682000
361 1 48.974384 1 1.297000
361 2 39.578209 71 6.950000
361 0 39.578209 9786 145.104000
362 1 28.652567 1 0.874000
362 2 22.726357 80 5.893000
362 0 22.726357 1639 13.283000
363 1 32.352005 1 1.186000
363 2 31.363134 89 9.255000
363 3 29.409849 100 9.322000
363 4 25.936710 151 9.755000
363 0 25.936710 11622 48.333000
364 1 29.049221 1 0.511000
364 2 28.247843 119 5.566000
364 3 26.418085 129 5.606000
364 0 26.418085 7390 64.450000
365 1 19.526316 1 1.592000
365 2 18.212103 75 7.775000
365 3 18.189587 137 8.348000
365 4 16.701225 153 8.494000
365 0 16.701225 7422 34.901000
366 1 29.158884 1 0.890000
366 2 27.682512 68 8.614000
366 3 23.177080 73 8.703000
366 4 21.376087 79 8.762000
366 0 21.376087 12082 49.739000
367 1 21.353537 1 0.288000
367 2 18.840050 68 7.643000
367 0 18.840050 9847 41.457000
368 1 49.786304 1 0.680000
368 2 46.697594 126 6.314000
368 3 44.925079 154 6.391000
368 0 44.925079 8961 23.781000
369 1 34.627907 1 0.992000
369 2 30.110229 74 6.611000
369 0 30.110229 8821 28.604000
370 1 20.666655 1 1.040000
370 2 20.471832 67 5.494000
370 3 19.807325 74 5.586000
370 4 18.281542 104 5.741000
370 5 17.426239 131 5.793000
370 6 16.112509 175 6.009000
370 0 16.112509 2622 74.142000
371 1 6.348934 1 1.506000
371 2 5.969583 65 6.951000
371 3 5.622606 77 7.059000
371 0 5.622606 1662 15.549000
372 1 48.314728 1 0.970000
372 2 45.278477 82 10.182000
372 3 43.312798 94 10.287000
372 4 42.165001 192 11.362000
372 0 42.165001 18364 61.528000
373 1 15.967815 1 1.189000
373 2 15.613760 100 6.391000
373 3 13.841569 119 6.469000
373 0 13.841569 3495 17.016000
374 1 6.070475 1 0.913000
374 2 5.347394 69 6.772000
374 3 4.611691 69 6.780000
374 4 4.410363 109 6.879000
374 0 4.410363 2946 19.130000
375 1 45.287556 1 0.461000
375 2 41.667854 65 6.494000
375 3 38.366589 78 6.522000
375 4 37.835106 107 6.579000
375 5 37.592533 142 6.636000
375 6 31.939405 197 6.710000
375 0 31.939405 11001 27.127000
376 1 65.449005 1 0.962000
376 2 63.718346 142 6.729000
376 3 62.542820 161 6.762000
376 4 58.751316 196 6.816000
376 0 58.751316 10627 16.577000
377 1 11.344059 1 0.927000
377 2 10.374391 88 7.554000
377 3 9.710496 109 7.646000
377 0 9.710496 7396 34.925000
378 1 5.300845 1 0.840000
378 2 5.288003 68 5.929000
378 3 5.194843 81 5.992000
378 4 4.847039 84 6.002000
378 5 4.704422 85 6.005000
378 6 4.603002 90 6.020000
378 7 3.924169 101 6.109000
378 8 3.538710 125 6.227000
378 0 3.538710 3060 18.748000
379 1 11.157496 1 0.894000
379 2 10.805189 65 6.152000
379 3 10.327080 92 6.351000
379 4 10.076281 102 6.366000
379 0 10.076281 3847 20.592000
380 1 18.370028 1 0.780000
380 2 16.347542 76 5.450000
380 0 16.347542 1811 11.309000
381 1 12.476779 1 0.764000
381 2 9.820321 66 6.145000
381 3 9.397694 67 6.184000
381 4 7.754525 88 6.313000
381 0 7.754525 4810 29.577000
382 1 6.369781 1 1.469000
382 2 6.284477 94 6.380000
382 0 6.284477 3277 50.884000
383 1 18.942860 1 1.115000
383 2 18.753445 149 6.415000
383 0 18.753445 6765 116.316000
384 1 22.745899 1 1.178000
384 2 20.175285 77 8.150000
384 3 19.588097 111 8.291000
384 4 17.938375 116 8.315000
384 0 17.938375 7380 35.635000
385 1 33.807392 1 1.095000
385 2 33.290222 82 7.537000
385 3 31.786278 116 7.796000
385 4 31.003403 143 7.957000
385 5 29.755976 166 8.116000
385 0 29.755976 12154 46.754000
386 1 12.921602 1 0.510000
386 2 12.480149 114 7.891000
386 0 12.480149 9333 50.050000
387 1 9.517067 1 1.309000
387 2 7.907454 65 8.031000
387 3 7.700378 71 8.115000
387 4 6.554882 78 8.179000
387 5 6.449205 88 8.219000
387 6 6.075525 155 8.549000
387 0 6.075525 2767 19.248000
388 1 61.229103 1 0.799000
388 2 60.939156 163 7.573000
388 3 56.842453 180 7.611000
388 4 56.096802 196 7.664000
388 0 56.096802 14751 128.488000
389 1 29.120043 1 1.212000
389 0 29.120043 1617 14.476000
390 1 38.376480 1 0.924000
390 2 28.806959 68 6.853000
390 0 28.806959 9016 62.928000
391 1 38.584328 1 0.966000
391 2 38.029701 73 5.888000
391 3 35.377552 76 5.916000
391 4 34.256504 97 5.993000
391 5 33.070351 152 6.145000
391 0 33.070351 2930 12.920000
392 1 46.946903 1 0.314000
392 2 44.950527 83 7.661000
392 3 41.609585 140 7.825000
392 0 41.609585 9676 31.586000
393 1 25.102633 1 1.443000
393 2 22.951328 65 7.273000
393 3 20.646835 76 7.381000
393 4 20.495308 97 7.473000
393 5 20.410147 100 7.490000
393 6 18.219389 108 7.524000
393 7 15.631980 141 7.667000
393 0 15.631980 6739 28.703000
394 1 26.297190 1 0.439000
394 0 26.297190 6299 59.491000
395 1 56.348480 1 0.778000
395 0 56.348480 19106 81.056000
396 1 19.579828 1 1.232000
396 2 18.806524 66 6.527000
396 3 17.497263 72 6.580000
396 4 15.947980 82 6.639000
396 0 15.947980 5290 21.972000
397 1 11.334350 1 1.115000
397 2 9.815624 111 7.981000
397 0 9.815624 4001 77.964000
398 1 46.001743 1 0.415000
398 0 46.001743 15511 61.977000
399 1 39.350746 1 0.350000
399 2 38.089504 85 7.713000
399 3 35.243134 118 8.013000
399 4 34.398918 128 8.056000
399 0 34.398918 16575 55.622000
400 1 15.306464 1 1.329000
400 2 14.564005 85 7.503000
400 3 14.260801 103 7.693000
400 4 14.224065 134 7.862000
400 0 14.224065 4617 24.211000
401 1 8.992871 1 1.390000
401 2 7.966871 72 6.028000
401 3 7.848930 129 6.303000
401 0 7.848930 2382 15.939000
402 1 18.242985 1 0.789000
402 2 15.560979 69 6.889000
402 3 14.717036 80 7.003000
402 4 11.653912 93 7.058000
402 0 11.653912 2592 25.070000
403 1 21.547232 1 0.612000
403 2 19.832712 65 8.980000
403 3 19.042696 75 9.146000
403 4 18.586760 76 9.172000
403 5 17.536158 116 9.356000
403 6 16.681145 120 9.379000
403 7 15.521926 513 11.223000
403 0 15.521926 11663 50.600000
404 1 21.325851 1 1.143000
404 2 18.593754 313 8.847000
404 0 18.593754 12879 49.705000
405 1 12.542205 1 0.706000
405 2 12.525093 74 7.174000
405 3 12.415114 76 7.228000
405 4 10.906639 80 7.266000
405 5 8.313807 105 7.436000
405 0 8.313807 3976 22.393000
406 1 28.862183 1 0.757000
406 2 27.793411 112 6.002000
406 3 27.302567 124 6.043000
406 4 27.088020 132 6.073000
406 5 24.836723 161 6.204000
406 0 24.836723 6472 42.408000
407 1 11.321165 1 0.878000
407 2 7.511391 68 6.254000
407 0 7.511391 3924 20.814000
408 1 42.856747 1 1.145000
408 2 39.909073 65 10.042000
408 3 38.762177 78 10.162000
408 4 36.962044 90 10.229000
408 5 35.767471 93 10.268000
408 6 33.476883 126 10.414000
408 7 30.713985 265 11.077000
408 0 30.713985 11455 46.955000
409 1 75.416245 1 0.855000
409 0 75.416245 29867 45.638000
410 1 42.293861 1 1.221000
410 2 38.414734 72 7.569000
410 3 37.471176 91 7.671000
410 0 37.471176 7229 25.840000
411 1 25.726070 1 0.994000
411 2 24.846760 78 6.241000
411 3 22.099380 100 6.350000
411 0 22.099380 7334 26.077000
412 1 24.790640 1 0.737000
412 0 24.790640 6189 21.783000
413 1 24.239883 1 0.857000
413 2 23.029360 118 6.682000
413 3 20.243774 126 6.707000
413 0 20.243774 5713 36.511000
414 1 9.538077 1 1.204000
414 0 9.538077 5173 26.167000
415 1 18.572578 1 0.824000
415 2 16.349348 69 8.225000
415 3 15.458628 116 8.707000
415 4 14.577776 140 8.923000
415 0 14.577776 6906 34.436000
416 1 44.089581 1 0.947000
416 2 43.659649 68 7.585000
416 3 42.406193 68 7.624000
416 4 41.744453 78 7.992000
416 5 36.779457 81 8.078000
416 6 36.594139 103 8.413000
416 0 36.594139 16077 59.619000
417 1 41.889893 1 0.687000
417 2 41.550449 91 8.199000
417 3 35.745434 92 8.208000
417 0 35.745434 23050 84.070000
418 1 28.479225 1 0.932000
418 2 28.342529 68 7.154000
418 3 25.931284 76 7.259000
418 4 20.247419 81 7.299000
418 0 20.247419 7256 32.828000
419 1 22.771339 1 1.271000
419 2 21.458227 98 7.076000
419 3 20.554873 115 7.131000
419 4 20.410976 135 7.191000
419 0 20.410976 4029 19.962000
420 1 19.718884 1 0.731000
420 2 18.721788 82 6.570000
420 3 18.284513 90 6.595000
420 4 16.805107 102 6.653000
420 5 16.411215 107 6.672000
420 0 16.411215 8463 62.090000
421 1 10.034508 1 1.188000
421 2 9.116458 76 6.893000
421 0 9.116458 8696 38.737000
422 1 12.646748 1 0.826000
422 2 10.630730 78 5.764000
422 0 10.630730 2151 22.277000
423 1 79.539398 1 0.917000
423 2 70.260391 74 12.375000
423 3 66.235596 165 13.878000
423 4 62.139999 253 14.971000
423 0 62.139999 37082 122.653000
424 1 63.932148 1 0.189000
424 2 61.761013 67 6.748000
424 3 52.761795 101 7.092000
424 4 50.068684 125 7.195000
424 5 45.532177 133 7.427000
424 0 45.532177 10816 31.237000
425 1 42.777439 1 1.112000
425 2 37.903683 65 7.839000
425 3 37.705231 92 8.304000
425 4 37.674706 93 8.319000
425 5 32.352440 101 8.357000
425 0 32.352440 11959 47.401000
426 1 24.855444 1 0.904000
426 2 23.181559 115 6.766000
426 3 21.427452 142 7.253000
426 0 21.427452 4538 58.546000
427 1 19.247629 1 1.253000
427 0 19.247629 8649 49.666000
428 1 84.102875 1 0.125000
428 2 80.087097 75 8.145000
428 3 70.084694 80 8.182000
428 4 64.889877 84 8.213000
428 5 63.383133 149 8.802000
428 6 62.511284 197 9.071000
428 0 62.511284 29497 60.023000
429 1 61.645786 1 0.508000
429 2 55.375458 122 6.735000
429 3 55.128162 188 6.884000
429 4 54.346333 237 6.997000
429 0 54.346333 11960 25.196000
430 1 28.391733 1 0.367000
430 2 19.573618 66 6.556000
430 3 19.474611 73 6.599000
430 4 16.855486 197 7.086000
430 0 16.855486 11542 45.173000
431 1 19.231415 1 1.029000
431 2 18.239435 98 5.541000
431 3 17.988409 253 6.129000
431 0 17.988409 2106 39.954000
432 1 54.846455 1 0.656000
432 2 50.461632 103 7.510000
432 3 50.409500 127 7.716000
432 4 49.275269 173 8.024000
432 5 46.899639 451 9.380000
432 0 46.899639 14472 37.707000
433 1 41.364235 1 0.626000
433 2 40.284214 74 8.218000
433 3 36.075615 79 8.251000
433 4 35.999710 160 8.754000
433 5 34.535038 202 8.935000
433 0 34.535038 11975 43.536000
434 1 7.147393 1 1.362000
434 2 6.822206 97 6.821000
434 3 6.558920 103 6.837000
434 4 5.875139 106 6.857000
434 5 5.711447 109 6.866000
434 0 5.711447 5497 28.618000
435 1 139.630890 1 0.088000
435 2 113.778000 29 11.367000
435 3 99.893799 82 11.428000
435 4 94.246216 284 11.758000
435 5 89.687622 318 11.802000
435 0 89.687622 41911 58.762000
436 1 63.626038 1 0.509000
436 2 61.362766 220 6.483000
436 3 61.259232 249 6.523000
436 4 59.229958 301 6.599000
436 0 59.229958 17078 29.224000
437 1 48.942039 1 0.496000
437 2 45.958572 74 5.501000
437 3 45.922634 122 5.697000
437 4 45.679119 127 5.707000
437 5 44.800816 134 5.733000
437 6 42.724339 183 5.908000
437 7 42.457069 195 5.941000
437 0 42.457069 5877 15.595000
438 1 23.978931 1 1.640000
438 2 23.551088 78 7.033000
438 3 20.056664 90 7.109000
438 0 20.056664 6775 110.442000
439 1 36.725838 1 1.255000
439 2 36.174606 74 7.209000
439 3 35.105965 141 7.706000
439 4 33.342396 169 7.821000
439 0 33.342396 10896 36.835000
440 1 16.891451 1 0.947000
440 2 16.841183 118 6.111000
440 3 16.702791 137 6.203000
440 4 15.078267 193 6.471000
440 0 15.078267 6343 27.529000
441 1 13.991954 1 0.773000
441 2 12.421504 69 7.657000
441 3 11.681762 85 7.791000
441 4 11.518877 103 7.872000
441 5 11.500100 107 7.889000
441 6 11.366105 131 7.975000
441 7 10.849086 218 8.412000
441 0 10.849086 5728 28.897000
442 1 62.842266 1 0.393000
442 2 60.855545 104 6.682000
442 3 59.209980 123 6.781000
442 4 54.948414 154 6.897000
442 0 54.948414 15362 28.436000
443 1 24.747992 1 1.226000
443 2 23.111879 216 8.599000
443 0 23.111879 9357 126.048000
444 1 44.891792 1 0.449000
444 2 44.275776 70 6.308000
444 3 43.493404 72 6.370000
444 4 40.472885 73 6.417000
444 5 38.457226 95 6.556000
444 6 37.812088 98 6.585000
444 7 32.702240 108 6.634000
444 8 31.272226 114 6.666000
444 0 31.272226 5361 19.321000
445 1 5.749493 1 1.241000
445 2 5.732063 113 7.235000
445 0 5.732063 3303 20.062000
446 1 56.276299 1 0.208000
446 2 45.394600 81 5.740000
446 0 45.394600 11281 18.684000
447 1 48.738819 1 0.961000
447 2 45.518608 132 6.382000
447 3 39.988487 144 6.421000
447 0 39.988487 6148 19.466000
448 1 8.843998 1 1.204000
448 2 8.508633 76 7.271000
448 3 7.904229 252 8.300000
448 0 7.904229 3902 22.839000
449 1 66.300697 1 1.038000
449 2 64.790253 81 11.525000
449 3 63.562286 93 11.964000
449 4 61.388874 115 12.449000
449 5 56.202274 122 12.765000
449 0 56.202274 31981 101.338000
450 1 83.763023 1 0.605000
450 2 74.503334 463 8.721000
450 0 74.503334 28776 41.491000
451 1 68.697708 1 0.280000
451 2 67.069695 75 7.028000
451 3 66.031792 159 7.187000
451 0 66.031792 24889 38.261000
452 1 107.545929 1 0.118000
452 2 106.815392 86 10.260000
452 3 104.193085 95 10.308000
452 4 101.312622 198 10.919000
452 5 98.186050 202 10.951000
452 6 96.117554 313 11.388000
452 0 96.117554 56549 78.599000
453 1 29.406898 1 1.156000
453 0 29.406898 8201 31.045000
454 1 20.038946 1 1.346000
454 0 20.038946 3852 19.406000
455 1 26.463438 1 0.727000
455 2 25.898138 120 6.936000
455 3 22.936890 126 7.028000
455 0 22.936890 6610 36.427000
456 1 85.323471 1 0.818000
456 2 81.302498 73 8.524000
456 3 80.398064 100 8.969000
456 4 80.169060 104 9.003000
456 5 77.993927 119 9.198000
456 0 77.993927 31340 44.114000
457 1 35.818237 1 1.011000
457 2 34.947292 136 9.110000
457 3 34.329666 342 10.730000
457 4 32.846367 693 12.442000
457 0 32.846367 10384 63.884000
458 1 28.849138 1 0.755000
458 2 23.057899 67 6.262000
458 3 21.069492 119 6.705000
458 4 20.724140 351 8.070000
458 0 20.724140 2021 14.317000
459 1 34.342209 1 0.822000
459 2 32.406998 91 7.536000
459 3 29.421207 95 7.571000
459 4 29.094067 175 8.346000
459 5 28.669262 418 9.989000
459 0 28.669262 14595 74.291000
460 1 114.283554 1 0.564000
460 2 99.212708 249 10.941000
460 3 98.523499 398 11.213000
460 0 98.523499 51288 76.140000
461 1 88.095024 1 0.360000
461 0 88.095024 30341 32.937000
462 1 91.799698 1 0.107000
462 2 65.565994 65 11.202000
462 3 65.062691 68 11.237000
462 4 58.104198 72 11.290000
462 5 54.877159 78 11.317000
462 6 54.003368 85 11.333000
462 7 48.490055 108 11.406000
462 8 48.373688 766 13.047000
462 0 48.373688 28382 80.072000
463 1 57.697372 1 0.811000
463 2 52.179001 71 9.732000
463 3 48.389675 96 9.861000
463 4 47.184021 152 10.060000
463 0 47.184021 12826 42.936000
464 1 20.078978 1 0.461000
464 2 19.124186 65 5.862000
464 3 18.314875 80 6.162000
464 4 16.667681 99 6.274000
464 0 16.667681 6798 31.937000
465 1 31.082516 1 0.570000
465 2 30.473560 72 9.104000
465 3 27.709881 84 9.574000
465 4 24.898340 123 10.183000
465 0 24.898340 13001 144.330000
466 1 34.168777 1 1.008000
466 2 27.798933 82 7.326000
466 0 27.798933 12508 48.062000
467 1 13.126725 1 0.863000
467 2 11.343494 93 6.934000
467 0 11.343494 3425 19.948000
468 1 13.279819 1 1.151000
468 2 12.838999 72 5.786000
468 3 11.108543 76 5.852000
468 4 11.058477 115 5.999000
468 5 11.050451 135 6.130000
468 6 10.712493 242 6.652000
468 0 10.712493 3227 30.636000
469 1 18.090460 1 0.670000
469 2 17.975813 78 5.779000
469 3 17.673281 112 6.060000
469 4 17.253651 114 6.086000
469 5 16.424364 143 6.282000
469 6 15.122327 159 6.354000
469 0 15.122327 6084 36.231000
470 1 25.844795 1 1.132000
470 2 21.625692 75 6.377000
470 3 21.434525 131 6.719000
470 4 19.693316 195 7.051000
470 0 19.693316 3347 33.920000
471 1 23.197546 1 1.337000
471 2 21.545469 87 6.145000
471 3 20.612492 138 6.338000
471 0 20.612492 3361 15.875000
472 1 54.543949 1 0.984000
472 2 49.989086 113 6.350000
472 0 49.989086 9771 20.625000
473 1 36.021317 1 0.565000
473 2 33.018940 101 5.622000
473 0 33.018940 5016 13.756000
474 1 30.421171 1 0.866000
474 2 30.349594 69 7.546000
474 3 28.958212 71 7.557000
474 4 25.266273 77 7.584000
474 5 24.350689 95 7.730000
474 6 22.771852 104 7.785000
474 7 22.492977 111 7.810000
474 0 22.492977 11841 50.541000
475 1 26.657257 1 1.149000
475 2 25.120953 70 9.182000
475 3 22.854788 93 9.680000
475 4 22.449636 174 10.548000
475 0 22.449636 10351 46.062000
476 1 45.602806 1 0.800000
476 2 40.997150 127 5.841000
476 3 38.463348 202 5.930000
476 4 31.715965 313 6.097000
476 0 31.715965 3530 11.643000
477 1 37.228077 1 0.825000
477 2 28.640846 85 8.153000
477 3 26.900654 212 8.509000
477 0 26.900654 13091 56.310000
478 1 56.339211 1 0.960000
478 2 52.665890 83 9.976000
478 3 50.792080 140 10.305000
478 4 50.567230 154 10.368000
478 5 48.247593 231 10.649000
478 0 48.247593 22138 61.826000
479 1 29.758791 1 1.105000
479 2 29.111200 65 8.392000
479 3 29.086636 154 9.008000
479 4 28.581209 264 9.507000
479 5 27.438965 413 10.098000
479 0 27.438965 9206 37.941000
480 1 36.901451 1 0.685000
480 2 27.404623 65 6.512000
480 3 26.825426 137 6.930000
480 0 26.825426 7406 30.731000
481 1 62.038239 1 0.937000
481 0 62.038239 11388 19.182000
482 1 22.542381 1 0.635000
482 2 20.036688 77 8.155000
482 3 19.628860 1138 14.287000
482 0 19.628860 15296 66.103000
483 1 34.120728 1 1.234000
483 2 29.347864 65 7.050000
483 3 28.754295 66 7.072000
483 4 27.523514 77 7.265000
483 5 24.967337 79 7.296000
483 6 22.553555 172 7.834000
483 0 22.553555 8162 58.377000
484 1 34.219406 1 0.732000
484 2 33.809570 116 5.815000
484 3 31.811104 127 5.845000
484 4 31.281736 155 5.929000
484 0 31.281736 4047 17.386000
485 1 22.424156 1 0.753000
485 2 20.269156 74 7.247000
485 3 18.879652 90 7.503000
485 4 18.715847 123 7.712000
485 5 18.216993 131 7.784000
485 0 18.216993 10833 48.938000
486 1 82.963013 1 0.881000
486 2 82.281090 120 8.603000
486 3 81.110573 199 8.853000
486 0 81.110573 32842 58.936000
487 1 39.732567 1 1.277000
487 2 36.790375 94 6.902000
487 3 33.058510 140 7.088000
487 0 33.058510 6529 22.544000
488 1 17.044901 1 0.949000
488 2 16.092903 122 5.744000
488 3 13.963348 133 5.783000
488 0 13.963348 2854 15.253000
489 1 25.714279 1 0.809000
489 2 25.061481 106 7.857000
489 3 23.894089 120 7.919000
489 0 23.894089 15834 59.413000
490 1 38.035362 1 0.632000
490 2 36.120815 89 5.615000
490 3 33.844929 93 5.638000
490 0 33.844929 3673 27.137000
491 1 73.547432 1 0.655000
491 2 66.454941 200 11.402000
491 0 66.454941 42594 100.655000
492 1 15.294859 1 0.936000
492 2 14.774199 87 6.180000
492 0 14.774199 6123 74.213000
493 1 29.836590 1 0.842000
493 2 28.778221 236 6.615000
493 0 28.778221 5886 22.004000
494 1 61.168076 1 0.612000
494 2 59.477058 99 6.484000
494 3 59.284180 143 6.635000
494 4 55.330513 210 6.832000
494 0 55.330513 11085 63.105000
495 1 15.463355 1 0.983000
495 2 14.486485 78 8.794000
495 3 14.156023 91 8.869000
495 4 13.319346 98 8.891000
495 0 13.319346 7251 170.890000
496 1 118.172501 1 1.052000
496 2 97.960335 154 13.276000
496 0 97.960335 64784 97.912000
497 1 11.543880 1 1.098000
497 2 11.036568 71 6.836000
497 3 10.636255 76 6.873000
497 4 9.857813 81 6.901000
497 5 9.491401 82 6.907000
497 6 9.145881 87 6.952000
497 7 8.874596 115 7.056000
497 8 8.786072 121 7.075000
497 9 8.589478 184 7.366000
497 0 8.589478 1747 13.857000
498 1 57.793442 1 0.524000
498 2 52.568211 91 9.687000
498 0 52.568211 26405 105.383000
499 1 6.106771 1 1.236000
499 2 6.019251 83 7.655000
499 3 5.943542 99 7.739000
499 4 4.962969 113 7.790000
499 0 4.962969 2074 16.337000
500 1 75.167000 1 1.052000
500 2 71.351814 72 8.131000
500 3 69.395340 76 8.165000
500 4 54.785934 79 8.205000
500 0 54.785934 17309 32.176000
