0.006755
0.009741
0.044165
0.008775
0.011291
0.005298
0.006635
0.009284
0.004926
0.012769
0.009028
0.008953
0.005792
0.011137
0.005487
0.049183
0.011968
0.045916
0.048205
0.012479
0.016176
0.017097
0.019094
0.019700
0.005322
0.013095
0.019368
0.016601
0.048802
0.020119
0.021215
0.030958
0.009711
0.005683
0.019047
0.005502
0.016467
0.045335
0.024683
0.024159
0.060172
0.008191
0.013652
0.030212
0.046723
0.026605
0.053410
0.021482
0.031066
0.040488
0.029134
0.015012
0.040945
0.029018
0.030622
0.025760
0.027684
0.035274
0.029824
0.034481
0.044223
0.034734
0.049052
0.034956
2.165133
