0.010646
0.005165
0.021140
0.005414
0.014828
0.005001
0.005716
0.005707
0.008358
0.018239
0.036358
0.045988
0.011630
0.030461
0.017960
0.005633
0.013537
0.014049
0.054771
0.024314
0.061757
0.009324
0.018070
0.068147
0.039337
0.046412
0.083721
0.074168
0.052964
0.045947
0.045778
0.065843
0.090158
0.201053
0.175937
0.093157
0.133044
0.174632
0.077223
0.065543
0.043500
0.053722
0.036510
0.052252
0.025302
0.038727
0.046484
0.046656
0.050676
0.023640
0.025815
0.032739
0.035488
0.034581
0.040655
0.046101
0.044802
0.038234
0.031250
0.034985
0.029668
0.059995
0.073211
0.073513
0.083741
0.076650
0.071221
0.048428
0.060688
0.101101
0.155523
0.136612
0.093984
0.095199
0.105034
0.145482
0.160693
0.188246
0.157359
0.138932
0.416932
0.454110
0.473813
0.465330
0.450240
0.430475
0.372968
0.211904
0.182709
0.207059
0.211933
0.228725
0.203300
0.191868
0.209238
0.247903
0.337287
0.437213
0.461307
0.565161
