Query# BSF# BSFresult Leafs# TimeMS
1 0 1.137334 0 2001.464000
2 0 1.157034 0 2621.030000
3 0 0.994460 0 2103.280000
4 0 1.061207 0 1899.363000
5 0 1.183955 0 2599.571000
6 0 1.011604 0 2252.531000
7 0 0.923832 0 2059.735000
8 0 1.074320 0 2137.713000
9 0 1.054738 0 2310.933000
10 0 1.047010 0 2451.759000
11 0 0.922701 0 1972.030000
12 0 1.095960 0 2024.758000
13 0 1.024033 0 2269.733000
14 0 1.144114 0 2189.327000
15 0 1.102329 0 2588.895000
16 0 1.155207 0 2351.927000
17 0 1.071671 0 2107.308000
18 0 1.223237 0 2215.109000
19 0 1.059201 0 2040.327000
20 0 1.304264 0 1957.779000
21 0 1.028955 0 1912.087000
22 0 1.054768 0 2151.599000
23 0 1.054486 0 2517.854000
24 0 1.085647 0 2034.784000
25 0 1.081142 0 2069.240000
26 0 1.125866 0 1908.628000
27 0 0.946762 0 2011.403000
28 0 1.087835 0 2144.576000
29 0 0.983604 0 2118.242000
30 0 1.129097 0 2191.593000
31 0 1.077119 0 2048.233000
32 0 1.216085 0 2181.199000
33 0 1.246764 0 2440.185000
34 0 1.251316 0 2452.813000
35 0 1.072360 0 2381.759000
36 0 1.112985 0 2409.486000
37 0 1.059104 0 2354.437000
38 0 1.111930 0 2460.348000
39 0 1.140719 0 1984.019000
40 0 1.072835 0 2305.282000
41 0 1.240251 0 2025.731000
42 0 0.982470 0 2154.996000
43 0 1.136620 0 2077.956000
44 0 1.113962 0 2342.021000
45 0 1.237527 0 2175.046000
46 0 0.945451 0 2186.942000
47 0 0.855156 0 2089.384000
48 0 1.185485 0 2196.756000
49 0 0.940611 0 2233.504000
50 0 1.140332 0 2470.470000
51 0 1.091885 0 2181.838000
52 0 1.188139 0 2109.950000
53 0 1.329602 0 2293.473000
54 0 1.253754 0 2203.904000
55 0 0.872527 0 1912.244000
56 0 0.966546 0 1954.233000
57 0 1.062126 0 2264.687000
58 0 0.850837 0 2041.266000
59 0 1.027745 0 2293.665000
60 0 1.277377 0 2532.319000
61 0 0.914955 0 2003.706000
62 0 1.045181 0 2187.597000
63 0 1.048615 0 2183.724000
64 0 1.114144 0 2346.514000
65 0 1.028069 0 2346.506000
66 0 1.081071 0 2269.519000
67 0 1.240370 0 2376.218000
68 0 0.836104 0 2137.421000
69 0 1.224029 0 2368.073000
70 0 1.221349 0 2159.161000
71 0 1.107270 0 2358.951000
72 0 1.056681 0 2217.906000
73 0 1.053222 0 1977.924000
74 0 1.105517 0 2191.835000
75 0 1.128719 0 2553.542000
76 0 1.182448 0 2208.502000
77 0 1.018496 0 2458.691000
78 0 1.125567 0 2082.097000
79 0 1.006042 0 2438.884000
80 0 1.225412 0 2556.955000
81 0 1.225700 0 2566.340000
82 0 1.033590 0 1951.140000
83 0 1.405233 0 2254.075000
84 0 1.048479 0 2221.826000
85 0 1.088121 0 2009.235000
86 0 1.176764 0 1990.987000
87 0 1.178504 0 1919.008000
88 0 1.177319 0 2044.615000
89 0 1.031446 0 2154.486000
90 0 1.047539 0 2221.712000
91 0 1.032948 0 2205.034000
92 0 1.057770 0 2112.133000
93 0 0.897911 0 1996.312000
94 0 0.850374 0 2008.526000
95 0 0.955279 0 2162.474000
96 0 0.942466 0 1877.573000
97 0 1.085792 0 2424.263000
98 0 1.286259 0 2326.077000
99 0 1.072450 0 2317.851000
100 0 0.955914 0 2237.343000
101 0 1.314935 0 2012.220000
102 0 1.227303 0 2030.227000
103 0 1.217450 0 2344.515000
104 0 1.055549 0 2527.802000
105 0 1.057098 0 1992.484000
106 0 1.159374 0 2470.667000
107 0 0.940988 0 1980.475000
108 0 0.972110 0 2132.946000
109 0 1.109924 0 2067.862000
110 0 0.907291 0 2024.448000
111 0 0.976540 0 2418.495000
112 0 0.941591 0 2266.917000
113 0 1.057699 0 2553.811000
114 0 0.970568 0 2086.878000
115 0 1.166368 0 2261.021000
116 0 1.058489 0 2221.889000
117 0 1.034964 0 2132.749000
118 0 1.181679 0 1991.266000
119 0 1.247310 0 2314.850000
120 0 0.999163 0 2320.477000
121 0 1.144515 0 2151.248000
122 0 0.990855 0 2154.743000
123 0 1.130182 0 2221.913000
124 0 1.008421 0 2099.482000
125 0 1.108794 0 2360.954000
126 0 1.121749 0 2002.688000
127 0 1.153738 0 2313.932000
128 0 1.019488 0 1918.558000
129 0 1.103176 0 1896.936000
130 0 1.051867 0 2088.682000
131 0 1.113714 0 1892.598000
132 0 1.117693 0 2342.836000
133 0 0.926883 0 1905.757000
134 0 1.061884 0 2274.517000
135 0 1.200455 0 2163.159000
136 0 0.977063 0 1812.341000
137 0 0.924248 0 1947.684000
138 0 1.148642 0 2346.002000
139 0 1.409647 0 2261.625000
140 0 1.219026 0 2316.010000
141 0 1.096710 0 2152.327000
142 0 1.255456 0 1879.345000
143 0 1.021114 0 1958.771000
144 0 1.028762 0 2110.781000
145 0 1.052527 0 1944.502000
146 0 1.157224 0 2043.168000
147 0 1.279879 0 2082.855000
148 0 1.079591 0 2304.149000
149 0 1.197668 0 1944.820000
150 0 0.938227 0 2015.580000
151 0 1.158219 0 2107.621000
152 0 1.047367 0 2147.503000
153 0 0.903819 0 1944.113000
154 0 1.012526 0 2031.199000
155 0 1.100706 0 1990.509000
156 0 0.917806 0 2088.533000
157 0 1.003646 0 2018.375000
158 0 1.061625 0 1995.678000
159 0 1.110133 0 2204.293000
160 0 1.248365 0 2097.007000
161 0 1.106979 0 2026.902000
162 0 1.074437 0 1824.303000
163 0 0.974082 0 2005.003000
164 0 1.128937 0 2193.929000
165 0 1.035517 0 2043.878000
166 0 0.886239 0 2224.553000
167 0 1.253506 0 1948.760000
168 0 1.087980 0 2157.755000
169 0 1.097454 0 2241.574000
170 0 0.955689 0 1851.692000
171 0 1.107035 0 1911.917000
172 0 0.968397 0 1923.923000
173 0 1.101431 0 1934.627000
174 0 1.004931 0 1859.748000
175 0 1.142827 0 2277.677000
176 0 0.951058 0 1836.515000
177 0 1.026573 0 2085.242000
178 0 0.991364 0 2098.647000
179 0 1.118810 0 2255.100000
180 0 1.096257 0 2273.530000
181 0 0.923136 0 1837.421000
182 0 1.141272 0 1840.540000
183 0 1.329840 0 1746.875000
184 0 1.078600 0 1985.983000
185 0 1.172013 0 1863.029000
186 0 1.133937 0 1768.728000
187 0 1.112398 0 1795.520000
188 0 1.098623 0 2206.727000
189 0 1.012846 0 2111.163000
190 0 1.011403 0 1775.568000
191 0 1.285849 0 2055.692000
192 0 1.085512 0 2222.215000
193 0 1.240377 0 2016.379000
194 0 1.035161 0 1887.160000
195 0 0.986457 0 1833.543000
196 0 1.241485 0 2080.551000
197 0 1.173809 0 2054.625000
198 0 1.113590 0 2066.107000
199 0 1.241691 0 1896.790000
200 0 1.159283 0 2244.450000
201 0 1.150904 0 2104.231000
202 0 1.107530 0 1863.421000
203 0 1.059499 0 1860.162000
204 0 1.160531 0 1927.387000
205 0 1.109217 0 1947.421000
206 0 1.085665 0 1910.977000
207 0 1.275733 0 1892.486000
208 0 1.187589 0 2066.336000
209 0 1.143609 0 2031.572000
210 0 1.113385 0 2000.065000
211 0 1.156154 0 1798.796000
212 0 0.932375 0 1950.447000
213 0 1.019083 0 1924.012000
214 0 1.116500 0 1989.445000
215 0 1.028406 0 2080.517000
216 0 1.109878 0 2069.651000
217 0 0.966276 0 2006.660000
218 0 1.036986 0 1861.623000
219 0 1.036213 0 1929.172000
220 0 1.322241 0 1909.876000
221 0 1.324610 0 1961.406000
222 0 1.205523 0 2041.756000
223 0 1.075754 0 1899.082000
224 0 1.127109 0 1939.263000
225 0 1.218368 0 2000.485000
226 0 1.127640 0 1885.605000
227 0 0.969389 0 1793.502000
228 0 0.904053 0 1822.927000
229 0 1.026594 0 1820.446000
230 0 0.955340 0 1835.518000
231 0 0.989806 0 1864.550000
232 0 1.302336 0 1917.651000
233 0 0.882646 0 1872.965000
234 0 0.998623 0 1862.819000
235 0 1.183553 0 1856.463000
236 0 1.245437 0 1912.051000
237 0 1.049697 0 1783.983000
238 0 1.164739 0 2013.222000
239 0 1.033777 0 1927.587000
240 0 1.036273 0 1838.440000
241 0 1.036438 0 1736.290000
242 0 1.146561 0 1795.006000
243 0 0.996713 0 1792.079000
244 0 1.090551 0 1840.622000
245 0 0.944419 0 1754.481000
246 0 0.951118 0 1803.268000
247 0 1.165706 0 1952.113000
248 0 1.095807 0 1944.412000
249 0 1.270478 0 2029.807000
250 0 1.030740 0 1915.919000
251 0 1.104404 0 1763.834000
252 0 1.196856 0 1963.434000
253 0 1.398041 0 1985.969000
254 0 0.958649 0 1837.624000
255 0 1.203505 0 1992.060000
256 0 1.040471 0 1858.614000
257 0 1.231810 0 1860.446000
258 0 1.149212 0 1885.419000
259 0 1.177702 0 1876.624000
260 0 1.143394 0 1935.811000
261 0 1.133161 0 1806.981000
262 0 1.098994 0 1928.649000
263 0 1.134267 0 1903.433000
264 0 1.091022 0 1905.726000
265 0 1.060592 0 1999.239000
266 0 1.038355 0 1937.562000
267 0 1.100927 0 1786.887000
268 0 1.128487 0 1910.960000
269 0 1.082430 0 1962.625000
270 0 0.974868 0 1931.014000
271 0 1.094961 0 1903.453000
272 0 1.059896 0 2012.440000
273 0 1.018805 0 2009.870000
274 0 1.217016 0 1809.366000
275 0 1.043429 0 1860.833000
276 0 1.139217 0 1879.420000
277 0 1.226406 0 1939.943000
278 0 1.070708 0 1889.486000
279 0 1.041380 0 1836.179000
280 0 1.126896 0 1755.405000
281 0 1.053921 0 1942.516000
282 0 1.022888 0 1873.817000
283 0 1.170076 0 1740.599000
284 0 1.171033 0 1966.653000
285 0 1.325354 0 1834.660000
286 0 0.975363 0 1811.246000
287 0 0.945435 0 1789.200000
288 0 1.033442 0 1921.417000
289 0 1.132362 0 1979.206000
290 0 0.834649 0 1738.136000
291 0 1.133903 0 2032.892000
292 0 1.155408 0 1956.459000
293 0 0.958011 0 1853.841000
294 0 1.152891 0 1701.417000
295 0 1.174993 0 2030.142000
296 0 1.119949 0 1815.488000
297 0 0.839481 0 1885.112000
298 0 1.059199 0 1793.936000
299 0 1.219403 0 1751.266000
300 0 1.094179 0 1729.330000
301 0 1.130799 0 1780.063000
302 0 0.952793 0 1826.135000
303 0 1.165712 0 1820.893000
304 0 0.918658 0 1772.588000
305 0 0.938869 0 1783.448000
306 0 1.186666 0 1851.507000
307 0 0.906214 0 1782.268000
308 0 1.088070 0 1924.711000
309 0 1.206930 0 1890.514000
310 0 0.953886 0 1757.869000
311 0 1.112424 0 2094.049000
312 0 1.097312 0 1734.820000
313 0 0.989604 0 1844.802000
314 0 1.235120 0 1801.873000
315 0 1.246546 0 1927.365000
316 0 0.993979 0 2011.755000
317 0 1.161571 0 1901.065000
318 0 1.042449 0 1969.028000
319 0 1.029859 0 1959.435000
320 0 1.300387 0 1781.350000
321 0 1.082465 0 1932.414000
322 0 1.143825 0 1941.484000
323 0 0.981158 0 1837.401000
324 0 1.155510 0 2029.515000
325 0 1.261564 0 1887.160000
326 0 1.089683 0 1818.041000
327 0 1.069148 0 1934.300000
328 0 1.031675 0 1791.720000
329 0 1.501186 0 1765.051000
330 0 1.209936 0 2046.962000
331 0 1.075597 0 1868.045000
332 0 1.107238 0 1911.619000
333 0 0.965480 0 1716.172000
334 0 0.969606 0 1875.984000
335 0 1.016770 0 1801.064000
336 0 1.161947 0 2017.967000
337 0 1.155662 0 1743.369000
338 0 1.115221 0 1919.425000
339 0 0.898173 0 1713.775000
340 0 1.036986 0 1757.828000
341 0 0.975894 0 1851.508000
342 0 1.112343 0 1810.246000
343 0 1.107781 0 1911.540000
344 0 1.227077 0 1860.351000
345 0 0.877887 0 1832.620000
346 0 1.079556 0 1844.383000
347 0 1.239837 0 1866.394000
348 0 1.207936 0 2000.886000
349 0 1.175705 0 2057.267000
350 0 1.140039 0 1860.276000
351 0 1.027907 0 1869.764000
352 0 1.138059 0 1895.400000
353 0 1.162953 0 1954.972000
354 0 1.063120 0 1882.373000
355 0 1.117820 0 1884.596000
356 0 0.954322 0 1993.368000
357 0 1.121339 0 1977.582000
358 0 1.255547 0 1912.421000
359 0 1.080343 0 1964.765000
360 0 0.960081 0 1759.985000
361 0 1.187644 0 1864.254000
362 0 1.166149 0 2003.372000
363 0 0.923247 0 1815.412000
364 0 1.364572 0 1802.882000
365 0 1.083631 0 1909.617000
366 0 0.858997 0 1707.514000
367 0 1.041567 0 1938.409000
368 0 1.208627 0 2028.150000
369 0 1.169874 0 1772.714000
370 0 1.221024 0 1795.994000
371 0 1.223069 0 1877.184000
372 0 1.082192 0 1801.005000
373 0 1.066348 0 1667.674000
374 0 0.963849 0 1784.173000
375 0 0.931790 0 1783.047000
376 0 1.001124 0 1809.241000
377 0 1.216072 0 1777.261000
378 0 0.876367 0 1808.564000
379 0 1.306554 0 1909.911000
380 0 1.088619 0 1656.507000
381 0 0.854721 0 1679.481000
382 0 1.076028 0 1859.827000
383 0 0.907835 0 1711.542000
384 0 1.084825 0 1923.526000
385 0 1.128695 0 1814.744000
386 0 1.044968 0 1819.736000
387 0 1.143595 0 1745.954000
388 0 0.957285 0 1802.778000
389 0 1.035715 0 1854.528000
390 0 1.091722 0 1909.333000
391 0 1.246152 0 1778.357000
392 0 1.002794 0 1789.227000
393 0 1.063819 0 1687.839000
394 0 1.140993 0 2034.922000
395 0 0.942210 0 1647.019000
396 0 1.101498 0 1867.053000
397 0 0.831911 0 1792.040000
398 0 1.174199 0 1835.635000
399 0 0.951715 0 1955.446000
400 0 1.145457 0 1970.153000
401 0 1.098565 0 1868.217000
402 0 1.195995 0 1886.544000
403 0 1.096296 0 1974.665000
404 0 0.976181 0 1860.182000
405 0 1.108901 0 1680.193000
406 0 1.291566 0 1925.770000
407 0 1.126764 0 1719.142000
408 0 1.068744 0 1787.098000
409 0 1.100055 0 1916.226000
410 0 1.398594 0 1639.887000
411 0 1.086127 0 1711.389000
412 0 1.039954 0 1832.559000
413 0 1.057261 0 1914.462000
414 0 1.057312 0 1837.007000
415 0 1.096582 0 1913.354000
416 0 1.199261 0 1865.805000
417 0 0.851934 0 1666.393000
418 0 1.225294 0 1778.574000
419 0 1.109774 0 1926.319000
420 0 1.046292 0 1766.918000
421 0 1.118871 0 1849.950000
422 0 1.198301 0 1848.716000
423 0 1.291282 0 1739.815000
424 0 1.170731 0 1846.218000
425 0 0.853314 0 1686.258000
426 0 1.013514 0 1825.608000
427 0 0.924202 0 1734.549000
428 0 1.085577 0 1714.454000
429 0 0.982647 0 1884.389000
430 0 1.113719 0 1775.959000
431 0 1.101518 0 1746.483000
432 0 0.954130 0 1700.657000
433 0 1.308303 0 1853.155000
434 0 1.239651 0 1834.619000
435 0 1.002166 0 1911.892000
436 0 1.191467 0 1774.134000
437 0 1.139390 0 1615.238000
438 0 1.103859 0 1864.913000
439 0 0.997182 0 1725.690000
440 0 1.000983 0 1791.200000
441 0 1.036344 0 1717.372000
442 0 1.056058 0 1687.637000
443 0 1.041491 0 1802.219000
444 0 1.209367 0 1590.691000
445 0 1.000239 0 1782.084000
446 0 1.213161 0 1840.400000
447 0 1.099408 0 1885.407000
448 0 1.034549 0 1787.485000
449 0 1.143298 0 1894.214000
450 0 0.963986 0 1769.331000
451 0 1.169724 0 1825.080000
452 0 1.413751 0 1645.799000
453 0 1.058596 0 1981.550000
454 0 0.977980 0 1903.932000
455 0 1.199178 0 1727.128000
456 0 1.236831 0 1704.688000
457 0 1.121733 0 1774.031000
458 0 1.045599 0 1676.113000
459 0 1.029916 0 1999.751000
460 0 1.167343 0 1829.751000
461 0 0.850516 0 1720.499000
462 0 1.377585 0 1687.724000
463 0 1.164256 0 1737.436000
464 0 1.173866 0 1690.264000
465 0 1.066684 0 1966.572000
466 0 1.150081 0 1702.812000
467 0 1.164889 0 2022.262000
468 0 1.277831 0 1697.482000
469 0 1.104557 0 1816.724000
470 0 1.154957 0 1861.331000
471 0 0.969371 0 1845.793000
472 0 1.025855 0 1808.686000
473 0 0.937741 0 1731.238000
474 0 1.189046 0 1759.681000
475 0 0.994397 0 1767.642000
476 0 0.996492 0 1828.060000
477 0 1.176295 0 1780.096000
478 0 0.931884 0 1839.639000
479 0 1.094897 0 1904.736000
480 0 0.923381 0 1745.169000
481 0 0.861218 0 1618.336000
482 0 0.946398 0 1590.624000
483 0 0.927661 0 1749.961000
484 0 1.120333 0 1881.935000
485 0 1.050127 0 1806.871000
486 0 1.031100 0 1843.746000
487 0 1.168252 0 1932.060000
488 0 1.121252 0 1898.945000
489 0 1.185628 0 1939.263000
490 0 1.047440 0 1692.927000
491 0 1.102684 0 1929.168000
492 0 1.333783 0 1732.611000
493 0 0.956562 0 1848.042000
494 0 0.983283 0 1744.653000
495 0 1.236031 0 1762.063000
496 0 1.436738 0 1782.545000
497 0 1.171099 0 1929.197000
498 0 0.960441 0 1820.699000
499 0 1.239238 0 1733.105000
500 0 1.108666 0 1961.309000
501 0 1.165651 0 1942.382000
502 0 1.186525 0 1891.000000
503 0 1.215193 0 1725.409000
504 0 1.100279 0 1807.165000
505 0 1.276446 0 2018.965000
506 0 1.345953 0 1810.362000
507 0 1.232085 0 1674.131000
508 0 1.044518 0 1970.192000
509 0 1.129051 0 1796.906000
510 0 1.346579 0 1743.051000
511 0 1.226342 0 1661.495000
512 0 0.982490 0 1708.943000
513 0 1.115690 0 1855.250000
514 0 1.336335 0 1681.999000
515 0 0.993173 0 1679.480000
516 0 1.147426 0 1681.728000
517 0 0.989623 0 1857.262000
518 0 1.021258 0 1801.739000
519 0 0.906318 0 1803.028000
520 0 0.912414 0 1760.084000
521 0 0.981272 0 1915.900000
522 0 1.020119 0 1728.949000
523 0 1.104770 0 1817.256000
524 0 1.114676 0 1888.614000
525 0 1.117136 0 1698.416000
526 0 1.043154 0 1832.980000
527 0 1.175000 0 1671.777000
528 0 0.850590 0 1632.400000
529 0 1.119922 0 1764.931000
530 0 1.181603 0 1816.762000
531 0 0.919523 0 1792.498000
532 0 1.094970 0 1896.678000
533 0 1.052860 0 1823.836000
534 0 1.096644 0 1724.606000
535 0 1.198880 0 1807.268000
536 0 1.186481 0 1765.969000
537 0 0.962695 0 1646.961000
538 0 1.195570 0 1781.449000
539 0 1.110080 0 1841.070000
540 0 1.147028 0 1930.594000
541 0 0.989656 0 1821.622000
542 0 1.238096 0 1799.673000
543 0 1.044876 0 1754.483000
544 0 1.065568 0 1896.015000
545 0 0.999292 0 1756.642000
546 0 1.062872 0 1656.716000
547 0 0.978233 0 1845.884000
548 0 1.296677 0 1716.416000
549 0 1.148420 0 1868.607000
550 0 1.139505 0 1815.318000
551 0 0.821790 0 1740.981000
552 0 1.172324 0 1921.888000
553 0 1.094429 0 1786.546000
554 0 1.065052 0 1743.325000
555 0 1.039829 0 1860.478000
556 0 1.140816 0 1772.855000
557 0 1.195237 0 1969.114000
558 0 0.857311 0 1742.037000
559 0 1.194385 0 1984.528000
560 0 1.096330 0 1946.460000
561 0 1.151942 0 1745.212000
562 0 1.121140 0 1658.359000
563 0 1.213945 0 1892.009000
564 0 0.931520 0 1851.826000
565 0 1.032160 0 1800.323000
566 0 0.990380 0 1910.899000
567 0 0.791327 0 1721.224000
568 0 1.044043 0 1969.345000
569 0 1.148969 0 1924.615000
570 0 1.304919 0 1716.239000
571 0 1.046175 0 1781.864000
572 0 1.123394 0 1882.860000
573 0 1.306550 0 1632.183000
574 0 1.038776 0 1789.215000
575 0 1.092790 0 1722.805000
576 0 1.059186 0 1817.693000
577 0 1.059188 0 1869.248000
578 0 1.085113 0 1878.466000
579 0 1.104762 0 1894.095000
580 0 1.258888 0 1879.972000
581 0 1.024882 0 1750.809000
582 0 0.915392 0 1766.412000
583 0 1.145529 0 1884.279000
584 0 1.349700 0 1779.781000
585 0 1.164293 0 1682.510000
586 0 1.096010 0 1775.562000
587 0 1.131781 0 1683.435000
588 0 1.035846 0 1910.715000
589 0 1.037005 0 1841.961000
590 0 0.927760 0 1650.151000
591 0 1.238714 0 1727.438000
592 0 0.953597 0 1834.600000
593 0 0.871687 0 1722.600000
594 0 1.134225 0 1878.114000
595 0 1.043283 0 1828.696000
596 0 1.180027 0 1914.250000
597 0 1.045741 0 1809.691000
598 0 0.960293 0 1787.453000
599 0 1.281762 0 1746.131000
600 0 1.051422 0 1840.164000
601 0 1.200762 0 1666.449000
602 0 1.128846 0 1805.091000
603 0 1.092197 0 1668.823000
604 0 1.079922 0 1869.059000
605 0 1.105453 0 1735.722000
606 0 1.173544 0 1751.661000
607 0 1.132072 0 1648.084000
608 0 1.105062 0 1901.224000
609 0 1.193474 0 1898.757000
610 0 1.023063 0 1839.735000
611 0 1.051254 0 1861.655000
612 0 0.958802 0 1679.210000
613 0 1.215618 0 1762.159000
614 0 0.971911 0 1827.289000
615 0 1.212402 0 1967.886000
616 0 1.098444 0 1898.319000
617 0 1.056958 0 1838.568000
618 0 1.257622 0 1786.114000
619 0 1.131493 0 2017.671000
620 0 1.188270 0 1933.329000
621 0 1.071481 0 1786.994000
622 0 0.965000 0 1689.123000
623 0 1.191935 0 1813.601000
624 0 1.052989 0 1866.460000
625 0 0.996803 0 1690.967000
626 0 1.299297 0 1762.843000
627 0 1.096612 0 1710.338000
628 0 1.121237 0 1863.378000
629 0 1.112193 0 1667.700000
630 0 0.943754 0 1826.596000
631 0 1.288865 0 1925.470000
632 0 1.027593 0 1801.383000
633 0 1.135653 0 1762.596000
634 0 1.087224 0 1706.382000
635 0 1.125277 0 1912.827000
636 0 1.058431 0 1905.147000
637 0 1.033624 0 1676.524000
638 0 1.242370 0 1840.221000
639 0 0.970569 0 1772.907000
640 0 1.248812 0 1833.023000
641 0 1.064823 0 1842.108000
642 0 1.236841 0 1681.423000
643 0 1.011338 0 1803.425000
644 0 1.154596 0 1820.304000
645 0 1.248230 0 2038.476000
646 0 1.203472 0 1775.268000
647 0 1.129897 0 1835.280000
648 0 1.093131 0 1749.536000
649 0 1.220155 0 1911.860000
650 0 1.073447 0 1762.641000
651 0 1.074115 0 1715.663000
652 0 1.095524 0 1838.872000
653 0 0.992519 0 1787.348000
654 0 1.075194 0 1749.054000
655 0 1.164544 0 1927.709000
656 0 1.002400 0 1824.787000
657 0 1.113671 0 1752.067000
658 0 0.970339 0 1782.090000
659 0 1.072003 0 1900.286000
660 0 1.180916 0 1804.654000
661 0 1.083290 0 1747.238000
662 0 1.219834 0 1849.731000
663 0 1.043126 0 1665.265000
664 0 1.096196 0 1841.064000
665 0 1.111504 0 1686.241000
666 0 0.960846 0 1747.040000
667 0 1.134965 0 1824.160000
668 0 1.339305 0 1706.537000
669 0 1.060609 0 1988.242000
670 0 1.215852 0 1716.992000
671 0 1.109904 0 1933.845000
672 0 0.986078 0 1693.688000
673 0 1.127092 0 2010.224000
674 0 1.032839 0 1799.870000
675 0 1.428061 0 1712.954000
676 0 1.000942 0 1646.490000
677 0 1.079894 0 1774.276000
678 0 0.826155 0 1724.979000
679 0 1.211478 0 1797.557000
680 0 1.018738 0 1673.402000
681 0 1.039180 0 1697.375000
682 0 1.004809 0 1939.829000
683 0 0.936380 0 1674.189000
684 0 1.077629 0 1867.534000
685 0 1.164240 0 1866.393000
686 0 1.159925 0 1947.877000
687 0 1.071192 0 1752.435000
688 0 1.064699 0 1786.323000
689 0 1.247605 0 1837.609000
690 0 1.110765 0 1859.246000
691 0 1.045269 0 1812.032000
692 0 0.995291 0 1816.114000
693 0 1.252493 0 1765.182000
694 0 1.281541 0 1891.446000
695 0 1.205756 0 1882.771000
696 0 0.995013 0 1806.013000
697 0 1.109311 0 1840.740000
698 0 1.205307 0 1959.767000
699 0 1.163096 0 1817.192000
700 0 1.157290 0 1938.949000
701 0 1.100302 0 1706.097000
702 0 1.149495 0 1789.782000
703 0 1.043866 0 1840.901000
704 0 1.164829 0 1851.821000
705 0 1.045459 0 1821.320000
706 0 1.089308 0 1904.461000
707 0 1.044889 0 1820.158000
708 0 0.993119 0 1918.809000
709 0 0.999264 0 1797.433000
710 0 1.142931 0 1952.900000
711 0 1.054277 0 1711.079000
712 0 1.242002 0 1814.893000
713 0 1.035107 0 1844.199000
714 0 0.996904 0 1780.038000
715 0 0.825620 0 1739.878000
716 0 1.002475 0 1681.179000
717 0 1.238827 0 1981.511000
718 0 1.000413 0 1738.638000
719 0 0.739955 0 1671.811000
720 0 0.845094 0 1673.507000
721 0 1.121647 0 1738.672000
722 0 1.089744 0 1818.448000
723 0 1.098794 0 1995.672000
724 0 1.267789 0 1590.436000
725 0 0.977779 0 1783.769000
726 0 1.187879 0 1785.130000
727 0 1.101566 0 1819.407000
728 0 1.156495 0 1992.272000
729 0 1.022316 0 1662.654000
730 0 1.146575 0 1893.356000
731 0 1.180066 0 1866.877000
732 0 1.105853 0 1865.124000
733 0 1.147723 0 1853.082000
734 0 1.081664 0 1833.995000
735 0 1.112683 0 1711.593000
736 0 1.110676 0 1713.214000
737 0 1.243721 0 1926.851000
738 0 1.138260 0 1829.481000
739 0 1.165920 0 1845.856000
740 0 1.129265 0 1764.577000
741 0 0.961883 0 1715.965000
742 0 0.960004 0 1866.254000
743 0 1.179864 0 2030.329000
744 0 1.135901 0 1825.362000
745 0 0.923348 0 1689.511000
746 0 1.268894 0 1797.055000
747 0 1.037033 0 1841.000000
748 0 1.033631 0 1870.321000
749 0 1.076022 0 1802.494000
750 0 1.102020 0 1927.422000
751 0 1.038917 0 1715.963000
752 0 1.163770 0 1679.001000
753 0 1.113744 0 1745.893000
754 0 1.327768 0 1796.939000
755 0 1.008901 0 1739.723000
756 0 1.180465 0 1915.497000
757 0 1.189458 0 1793.438000
758 0 1.289309 0 1871.537000
759 0 1.150351 0 1937.818000
760 0 1.277827 0 1692.369000
761 0 1.028223 0 1766.218000
762 0 0.996352 0 1873.278000
763 0 1.126896 0 1706.671000
764 0 0.980357 0 1769.152000
765 0 1.010762 0 1883.433000
766 0 1.008359 0 1806.738000
767 0 0.961062 0 1664.076000
768 0 0.759291 0 1677.569000
769 0 1.196062 0 1744.743000
770 0 1.013210 0 1801.688000
771 0 0.951775 0 1754.448000
772 0 1.194333 0 1688.553000
773 0 0.960391 0 1909.173000
774 0 0.980632 0 1692.183000
775 0 0.970774 0 1754.283000
776 0 0.839021 0 1701.076000
777 0 1.017258 0 1766.613000
778 0 0.951902 0 1755.887000
779 0 1.020052 0 1797.156000
780 0 0.741512 0 1612.497000
781 0 1.154663 0 1758.254000
782 0 1.138026 0 1757.401000
783 0 1.120857 0 1794.160000
784 0 1.053150 0 1759.248000
785 0 1.007300 0 1850.561000
786 0 0.986846 0 1864.129000
787 0 0.813799 0 1777.917000
788 0 1.099638 0 1896.667000
789 0 1.195658 0 1886.050000
790 0 1.375437 0 1718.978000
791 0 1.231305 0 1823.143000
792 0 1.341388 0 1824.326000
793 0 1.048553 0 1763.413000
794 0 1.153709 0 1877.833000
795 0 1.267023 0 1871.185000
796 0 1.142038 0 1791.066000
797 0 1.153811 0 1757.669000
798 0 1.072341 0 1913.713000
799 0 0.992812 0 1681.026000
800 0 1.168712 0 1894.588000
801 0 1.080242 0 1805.431000
802 0 1.072893 0 1808.832000
803 0 1.239786 0 1744.247000
804 0 1.149598 0 2002.926000
805 0 1.230961 0 1615.857000
806 0 1.168000 0 1930.257000
807 0 1.216399 0 1713.000000
808 0 0.795761 0 1671.799000
809 0 1.208326 0 1911.580000
810 0 1.106321 0 1757.702000
811 0 1.053306 0 1791.076000
812 0 1.111439 0 1666.346000
813 0 1.129517 0 1900.535000
814 0 1.023737 0 1794.119000
815 0 1.062597 0 1892.996000
816 0 1.162957 0 1702.791000
817 0 1.173337 0 1766.207000
818 0 1.130001 0 1786.151000
819 0 1.167980 0 1915.970000
820 0 1.216083 0 1971.460000
821 0 1.063380 0 1824.598000
822 0 0.853251 0 1674.673000
823 0 1.129400 0 1876.339000
824 0 1.059996 0 1910.946000
825 0 1.059849 0 1928.222000
826 0 1.084796 0 1793.972000
827 0 1.054238 0 1811.808000
828 0 1.047216 0 1885.421000
829 0 1.116495 0 1949.696000
830 0 1.160897 0 1812.464000
831 0 1.092974 0 1981.267000
832 0 1.107540 0 1944.399000
833 0 1.096344 0 1653.194000
834 0 1.139152 0 1812.440000
835 0 1.057802 0 1635.136000
836 0 1.053935 0 1811.101000
837 0 1.022055 0 1966.401000
838 0 1.252964 0 1796.634000
839 0 1.077911 0 1924.960000
840 0 0.958569 0 1826.011000
841 0 1.180364 0 1630.752000
842 0 1.256028 0 1876.074000
843 0 1.022198 0 1740.935000
844 0 1.098482 0 1848.986000
845 0 0.945969 0 1952.355000
846 0 1.456009 0 1649.944000
847 0 1.106822 0 1842.661000
848 0 1.167730 0 2048.568000
849 0 1.027277 0 1761.010000
850 0 1.189767 0 1832.526000
851 0 0.952858 0 1811.854000
852 0 1.135813 0 1858.815000
853 0 1.038030 0 1731.720000
854 0 0.823749 0 1761.770000
855 0 1.173801 0 1769.895000
856 0 1.123123 0 1756.064000
857 0 0.944861 0 1789.636000
858 0 1.136017 0 1699.918000
859 0 1.080153 0 1947.295000
860 0 1.068312 0 1890.036000
861 0 1.070199 0 1973.632000
862 0 1.239516 0 1802.361000
863 0 1.244937 0 1741.837000
864 0 1.024476 0 1866.182000
865 0 1.001605 0 1699.221000
866 0 1.071272 0 1853.145000
867 0 0.960351 0 1694.666000
868 0 0.987150 0 1811.382000
869 0 1.290057 0 1757.005000
870 0 1.271806 0 1660.426000
871 0 1.080913 0 1980.325000
872 0 1.047721 0 1861.127000
873 0 1.077191 0 1997.776000
874 0 1.082730 0 1794.024000
875 0 1.256508 0 1709.212000
876 0 0.995288 0 1828.106000
877 0 1.060470 0 1611.391000
878 0 1.047688 0 1937.430000
879 0 1.138439 0 1676.313000
880 0 1.055686 0 1890.445000
881 0 1.168861 0 1879.098000
882 0 1.079814 0 1910.348000
883 0 1.181746 0 1732.003000
884 0 1.168837 0 1910.758000
885 0 1.093254 0 1990.299000
886 0 1.180977 0 1794.608000
887 0 1.130221 0 1924.149000
888 0 0.935424 0 1722.956000
889 0 1.006068 0 1883.805000
890 0 1.076178 0 1953.358000
891 0 1.040602 0 1897.216000
892 0 1.000042 0 1856.767000
893 0 1.125298 0 1752.865000
894 0 1.201253 0 1859.728000
895 0 1.001107 0 1824.344000
896 0 1.236202 0 1909.529000
897 0 1.240377 0 1707.057000
898 0 1.197291 0 1761.885000
899 0 1.116740 0 1820.596000
900 0 1.133116 0 1686.070000
901 0 0.927081 0 1761.581000
902 0 1.132285 0 2024.911000
903 0 0.927156 0 2036.352000
904 0 1.164735 0 1700.867000
905 0 1.115261 0 1717.327000
906 0 1.080907 0 1924.301000
907 0 0.938572 0 1759.578000
908 0 1.094467 0 1789.325000
909 0 0.896574 0 1807.065000
910 0 1.245260 0 1712.273000
911 0 1.195790 0 1846.549000
912 0 0.898920 0 1703.652000
913 0 0.938227 0 1728.856000
914 0 0.990386 0 1846.194000
915 0 1.078445 0 1907.127000
916 0 1.131153 0 1894.294000
917 0 1.195591 0 1742.829000
918 0 1.086634 0 1857.416000
919 0 1.089584 0 1897.883000
920 0 1.063291 0 1705.345000
921 0 1.088771 0 1838.792000
922 0 0.918675 0 1670.125000
923 0 1.000143 0 1661.198000
924 0 1.217277 0 1762.658000
925 0 0.961971 0 1763.241000
926 0 1.150198 0 1755.961000
927 0 1.189676 0 1849.853000
928 0 1.208273 0 1799.641000
929 0 0.982996 0 1767.982000
930 0 1.158419 0 1863.873000
931 0 0.958562 0 1844.863000
932 0 0.976898 0 1711.137000
933 0 0.931193 0 1794.406000
934 0 1.115207 0 1671.315000
935 0 1.086860 0 1812.140000
936 0 1.061306 0 1859.722000
937 0 1.024510 0 1742.972000
938 0 1.135488 0 1750.833000
939 0 1.134120 0 1933.185000
940 0 1.118337 0 1764.209000
941 0 1.167817 0 1848.215000
942 0 1.008803 0 1858.149000
943 0 1.049564 0 1762.196000
944 0 1.319663 0 1811.338000
945 0 1.177531 0 1810.691000
946 0 1.055377 0 1690.760000
947 0 1.043660 0 1852.580000
948 0 1.092408 0 1753.370000
949 0 1.024141 0 1882.302000
950 0 0.964235 0 1717.830000
951 0 1.170668 0 1852.215000
952 0 0.977234 0 1647.936000
953 0 1.146352 0 1648.750000
954 0 1.062871 0 1904.590000
955 0 1.068410 0 1863.676000
956 0 1.128137 0 1800.844000
957 0 1.096843 0 1854.396000
958 0 1.055567 0 1829.313000
959 0 0.973950 0 1790.827000
960 0 1.151580 0 1975.673000
961 0 0.953076 0 1803.041000
962 0 1.264035 0 1885.694000
963 0 1.089462 0 1684.174000
964 0 1.001678 0 1704.577000
965 0 1.158743 0 1909.837000
966 0 1.266940 0 1966.868000
967 0 1.147836 0 1845.650000
968 0 1.073953 0 1618.431000
969 0 1.073492 0 1784.603000
970 0 1.075371 0 1886.892000
971 0 1.083952 0 2002.065000
972 0 1.077247 0 1850.724000
973 0 1.125542 0 1800.450000
974 0 0.870563 0 1710.349000
975 0 1.168230 0 1859.944000
976 0 1.079836 0 1969.003000
977 0 1.158972 0 1838.799000
978 0 0.998760 0 1883.225000
979 0 1.153913 0 1891.268000
980 0 1.000872 0 1813.841000
981 0 1.192587 0 1909.447000
982 0 0.882149 0 1765.055000
983 0 1.176961 0 1780.654000
984 0 1.177387 0 1961.314000
985 0 1.222450 0 1907.789000
986 0 0.951216 0 1792.536000
987 0 1.097170 0 1874.300000
988 0 1.054504 0 1668.358000
989 0 1.033136 0 1735.579000
990 0 1.148906 0 1879.008000
991 0 1.156819 0 1934.231000
992 0 1.135953 0 2027.912000
993 0 0.938874 0 1838.169000
994 0 1.226271 0 1919.488000
995 0 1.255692 0 1860.575000
996 0 1.057449 0 1781.506000
997 0 1.047378 0 1909.309000
998 0 1.215025 0 1685.012000
999 0 1.064781 0 1955.125000
1000 0 1.105438 0 1876.005000
