#query #bsf #th #total_pqs #per_pq_size
0 78.557671 2147483647 64 801 1005 513 1321 418 505 531 1262 367 441 355 490 376 474 478 708 489 324 267 351 214 342 321 369 202 276 213 355 180 340 302 602 617 474 520 525 553 482 471 509 598 401 439 513 461 472 487 717 460 422 397 450 429 379 377 476 637 343 397 448 740 401 873 1860 
1 48.065742 2147483647 26 37 92 82 18 30 98 93 21 25 16 441 393 395 261 443 285 288 342 1138 690 673 504 1781 1003 2496 9079 
2 62.220787 2147483647 63 1028 2243 333 2441 140 219 163 1307 152 248 140 305 77 144 106 337 483 244 137 294 51 96 69 176 94 150 84 178 3 71 23 241 304 323 346 320 335 124 111 121 371 133 181 223 80 80 84 312 120 229 255 151 391 49 93 111 249 145 289 106 312 59 178 
3 29.512600 2147483647 17 32 87 108 73 70 98 103 81 86 992 390 369 380 1562 536 1742 1954 
4 75.183395 2147483647 64 14763 1212 751 441 664 387 359 263 590 266 325 232 413 156 393 87 773 237 460 141 539 327 339 302 396 187 331 174 456 126 351 73 1382 171 300 121 402 187 237 115 301 192 155 34 291 117 148 17 1090 190 272 125 332 222 189 89 581 155 124 51 370 116 161 17 
5 23.695219 2147483647 13 6918 1238 123 100 61 25 591 129 62 25 9 56 10 
6 17.405193 2147483647 5 10656 818 276 157 11 
7 68.977707 2147483647 51 43 326 493 90 399 744 71 424 398 46 495 991 244 4 413 491 130 477 413 98 475 509 4 70 578 1653 3 282 381 82 283 428 232 290 510 49 442 710 382 501 241 359 628 197 6 371 669 294 27 2018 6962 
8 98.719101 2147483647 64 718 842 784 1052 448 758 736 1163 333 473 449 652 439 599 560 1258 138 292 429 441 331 511 477 370 196 315 423 533 254 518 500 917 372 494 483 645 471 498 585 711 502 428 442 530 499 482 571 816 147 330 452 553 317 409 525 614 218 325 404 611 814 523 1742 2777 
9 30.696520 2147483647 12 4 92 114 9 388 7 5 213 145 66 14 13951 
10 8.917220 2147483647 2 3331 311 
11 14.536794 2147483647 2 61 4187 
12 33.992737 2147483647 64 197 79 18 58 4 54 3 112 11 36 7 66 3 57 4 3 238 50 87 31 68 54 30 243 42 48 56 164 31 93 58 50 593 74 92 66 96 33 79 47 121 49 61 47 93 33 73 447 712 92 127 91 130 55 108 78 1321 100 143 95 1156 91 761 215 
13 19.324631 2147483647 63 82 25 10 68 20 91 88 98 11 9 10 87 24 105 14 149 25 5 5 10 10 15 13 56 8 9 7 100 17 108 9 96 72 8 17 9 33 9 32 36 28 4 7 4 39 10 37 121 5 18 4 51 9 43 31 249 20 45 13 644 48 564 308 
14 76.771339 2147483647 49 52 293 304 979 314 540 696 2093 238 434 551 724 595 796 901 1878 796 171 249 500 263 503 651 687 272 458 554 748 585 813 910 2658 3 13 66 130 53 24 55 161 573 11 114 113 53 84 73 500 3220 
15 26.753395 2147483647 10 3 3 116 131 49 56 244 42 2913 4428 
16 49.980087 2147483647 63 6 208 152 624 21 149 164 980 41 223 196 243 44 245 249 642 687 154 123 268 8 161 176 245 71 238 229 280 42 269 272 1540 2 60 85 234 154 50 57 203 262 103 157 267 37 158 173 594 70 135 226 241 51 89 281 296 145 329 345 353 208 777 5771 
17 63.051701 2147483647 41 6116 2644 91 117 4 52 807 696 53 41 772 750 47 36 86 707 683 24 14 1325 889 133 46 41 4 498 729 284 36 10 19 980 763 161 32 32 642 694 313 20 9 
18 22.822550 2147483647 8 21 7 6 11 940 310 1875 4336 
19 56.106674 2147483647 41 12312 258 388 206 424 144 128 168 481 96 117 116 266 11 149 724 44 225 11 371 78 90 251 314 59 144 74 262 5 135 2 363 3 18 28 7 233 3 18 59 8 
20 36.795181 2147483647 20 16112 3251 765 1555 274 229 197 373 329 203 203 172 139 123 131 109 37 147 3 23 
21 22.503887 2147483647 29 508 794 58 697 48 60 31 341 8 23 19 39 2 23 7 121 26 119 23 113 20 16 12 64 9 60 75 17 4 
22 32.623833 2147483647 42 1308 514 85 207 59 27 31 61 22 7 4 27 97 38 21 14 13 11 7 13 35 14 9 3 20 152 12 35 5 7 4 7 7 2 100 56 29 3 6 4 43 16 
23 19.887535 2147483647 64 13 26 10 33 11 21 12 54 10 19 9 22 12 23 12 19 64 29 13 31 13 26 15 31 15 29 13 32 15 31 15 87 49 61 63 61 74 64 49 56 85 60 58 74 47 72 51 118 52 85 84 69 89 74 70 86 120 93 99 89 127 115 144 757 
24 83.098167 2147483647 64 1327 3345 861 3391 752 862 935 2105 204 524 240 550 314 663 269 1204 375 702 267 700 360 595 485 636 35 326 49 324 102 439 94 748 317 767 331 706 462 725 408 744 418 195 203 299 109 408 136 552 126 461 202 378 331 429 300 610 183 88 109 96 100 183 108 621 
25 37.549919 2147483647 18 9 47 32 12 25 61 324 18 29 62 273 84 20 185 244 332 2290 12611 
26 34.741680 2147483647 41 8592 254 115 273 174 181 36 229 171 42 29 191 100 47 62 305 2 19 10 48 20 174 18 12 8 66 34 3 17 557 12 45 10 54 7 35 7 26 4 10 5 
27 8.819000 2147483647 1 6694 
28 27.668446 2147483647 48 1602 422 273 316 35 200 178 210 29 35 27 120 18 114 17 92 132 39 43 37 31 26 25 124 17 22 24 87 7 40 21 37 57 30 31 27 5 14 13 5 5 8 7 12 15 18 6 7 
29 47.564453 2147483647 50 5 5 2 2 63 66 53 118 337 351 344 528 470 63 64 58 115 211 222 198 274 482 493 498 1545 3 5 17 15 9 59 101 104 111 356 397 387 647 61 115 112 116 432 372 413 302 1160 878 1843 10179 
30 57.516903 2147483647 32 132 137 259 319 186 180 348 367 280 268 356 418 371 325 499 692 191 234 360 376 278 226 402 443 1214 421 484 648 2376 601 3677 6863 
31 89.589500 2147483647 59 1856 174 192 383 758 417 550 338 1021 623 792 642 1010 1052 1000 1042 847 14 292 31 798 256 492 523 913 655 879 621 972 1054 1010 978 126 339 23 125 10 713 303 563 98 920 471 919 371 108 7 369 96 166 22 2372 316 680 207 2673 694 2461 508 
32 8.596439 2147483647 2 7421 451 
33 11.954028 2147483647 5 7805 206 80 5 10 
34 46.149212 2147483647 33 13184 3365 714 1807 478 380 307 480 164 97 42 25 97 69 53 47 108 54 33 33 40 50 33 12 383 112 83 75 105 97 68 53 10 
35 162.043961 2147483647 64 15952 4389 1604 3822 1175 1290 1252 3105 1121 1002 947 1221 1046 1136 1059 2008 2141 991 950 1000 945 947 945 1272 995 987 945 1180 1006 1110 1071 2875 2647 1078 1094 1000 1174 947 982 985 1279 948 949 942 1003 946 991 1791 2302 1152 1164 999 1268 949 996 1104 3294 1288 1352 1169 3868 1671 4429 8732 
36 28.705664 2147483647 10 13 46 30 33 62 147 702 382 2078 6876 
37 45.341782 2147483647 24 7410 3350 1061 2192 594 701 584 735 97 118 88 138 83 120 77 123 10 16 5 14 6 10 10 6 
38 38.715439 2147483647 24 6 5 4 4 14 10 17 155 80 115 85 98 123 89 119 154 1002 282 317 343 1748 514 2327 3465 
39 53.876648 2147483647 63 7858 410 380 331 303 284 128 293 413 162 197 272 219 120 167 39 657 166 275 66 298 164 149 353 304 155 216 213 235 117 225 61 1389 44 165 25 186 31 83 247 48 136 24 177 28 82 285 1098 62 180 33 192 36 122 7 1127 63 164 32 520 30 149 6 
40 9.085390 2147483647 6 2785 132 49 50 103 4 
41 30.382429 2147483647 19 3791 182 70 10 238 37 29 787 65 9 29 9 5 3 392 66 9 17 10 
42 11.631001 2147483647 4 7966 1760 254 486 
43 44.210930 2147483647 29 11907 2799 472 671 461 263 168 148 499 322 235 170 338 249 120 9 416 269 140 41 245 101 16 60 288 226 98 204 84 
44 29.258657 2147483647 15 14 174 568 460 10 9 250 1420 2 158 546 7 9 615 6202 
45 14.210245 2147483647 7 31 4 7 788 161 1258 1461 
46 75.520378 2147483647 56 15604 2914 664 460 769 300 317 74 734 317 309 51 586 147 147 603 144 130 380 33 30 29 390 73 46 268 1751 412 412 81 559 288 223 126 423 398 258 83 455 187 96 9 706 161 107 41 191 191 18 7 235 198 27 8 112 117 
47 17.607529 2147483647 8 19 6 285 3 88 119 149 5732 
48 85.198524 2147483647 64 510 2122 163 1663 277 565 160 1267 157 474 89 372 147 494 73 685 307 634 140 498 212 481 165 428 168 473 87 341 128 463 72 700 370 745 240 517 378 604 266 410 398 415 298 394 190 489 131 513 366 697 295 440 418 551 312 527 335 466 374 385 317 619 305 2559 
49 29.390224 2147483647 9 247 478 222 2298 58 201 2289 77 432 
50 17.920624 2147483647 64 2139 169 119 221 69 163 124 200 50 36 29 179 45 119 20 81 226 40 44 19 58 37 25 179 34 33 23 148 34 90 33 45 332 40 31 9 60 18 32 10 59 13 9 2 52 12 23 280 150 35 36 6 70 15 29 5 434 28 28 3 335 24 68 3 
51 19.130531 2147483647 24 6380 122 72 210 71 8 5 296 3 7 3 165 4 2 977 7 12 4 75 2 221 456 3 259 
52 86.588173 2147483647 63 2419 2366 395 1302 720 725 334 1177 840 777 462 625 841 844 484 948 1130 780 322 454 594 579 269 464 853 815 475 598 839 803 458 1201 318 256 126 19 100 180 135 72 369 278 125 173 335 103 113 250 270 226 20 43 190 173 3 167 516 483 107 186 615 347 220 
53 51.899746 2147483647 52 5 45 83 132 261 34 162 188 223 513 62 6 148 218 238 203 5 25 71 240 292 265 846 2 164 208 237 250 139 6 30 54 229 267 277 444 15 16 58 65 222 263 271 382 234 121 180 257 985 673 2104 8274 
54 18.235868 2147483647 17 28 12 9 2 3 62 2 12 32 151 4 99 49 194 71 204 9636 
55 146.099762 2147483647 64 4183 2206 1312 2143 1041 1204 1182 2038 1035 974 947 1168 1000 1105 1008 1907 1339 968 950 964 945 947 945 1200 973 964 945 1144 973 1086 1022 2157 2235 1081 1047 1015 1095 946 983 1001 1175 946 946 942 999 945 988 1686 2102 1134 1092 1020 1190 946 1001 1130 3138 1224 1254 1170 3961 1572 5261 17590 
56 23.794188 2147483647 17 3 3 7 7 9 54 69 59 104 143 108 85 157 1126 397 2060 4287 
57 40.999275 2147483647 41 13249 784 78 172 268 51 136 252 54 72 117 499 119 33 15 191 30 152 161 46 39 107 1212 124 4 134 22 132 43 63 9 177 660 79 9 105 36 297 32 69 14 
58 19.892879 2147483647 8 3961 2410 374 1318 92 79 79 173 
59 104.331017 2147483647 64 9952 2249 1249 1579 731 669 726 823 858 557 703 707 556 446 533 451 1083 660 752 594 684 443 563 640 720 592 704 710 605 461 609 398 2587 854 855 767 810 710 729 742 860 721 783 687 758 672 718 1098 2193 825 924 780 837 696 754 738 2654 833 909 770 2456 806 2099 1438 
60 9.576138 2147483647 6 4 63 12 42 124 2894 
61 23.738617 2147483647 43 6 8 14 17 3 2 10 11 15 5 52 7 49 2 6 7 33 16 45 39 3 2 7 7 44 16 48 65 8 28 26 68 19 64 51 74 20 50 40 913 69 926 516 
62 18.104595 2147483647 14 8675 1213 369 342 25 9 64 35 16 4 235 45 15 8 
63 62.051323 2147483647 43 8 6 6 9 9 7 6 2 2 2 2 909 343 296 323 321 275 296 313 317 254 262 271 317 256 289 696 897 425 379 367 436 349 386 395 1574 380 381 362 1746 403 1503 1118 
64 18.260294 2147483647 11 5180 28 35 59 70 8 15 115 4 23 9 
65 34.221642 2147483647 64 913 178 116 198 43 138 122 229 67 60 52 172 59 158 31 175 120 35 37 24 25 23 18 151 49 49 42 158 37 114 43 99 256 57 44 39 48 15 39 31 80 35 36 35 71 33 56 235 89 47 46 35 62 13 39 24 541 62 74 50 548 49 419 182 
66 7.492200 2147483647 1 4188 
67 59.696156 2147483647 32 280 283 220 252 274 255 251 286 331 235 241 277 254 301 289 546 332 281 270 272 353 310 314 447 625 354 364 405 1316 774 2301 8451 
68 38.099640 2147483647 50 9 10 12 17 10 23 14 51 9 21 17 58 9 29 17 55 9 29 20 374 21 9 19 33 9 11 11 61 19 31 10 13 13 85 42 71 81 78 169 47 68 152 167 76 166 155 177 193 267 5740 
69 43.394554 2147483647 28 55 42 125 5 63 56 149 177 233 60 15 97 48 112 30 506 142 20 122 87 745 297 93 23 714 284 144 17 
70 70.028870 2147483647 64 1000 1526 350 1695 289 293 303 1310 214 255 183 270 208 235 220 352 756 300 232 320 204 223 217 277 206 244 175 246 184 209 201 716 427 300 373 303 389 257 248 264 380 232 220 248 178 225 188 391 362 408 397 285 409 256 245 304 528 369 353 273 624 383 728 2718 
71 9.390830 2147483647 2 882 1928 
72 5.655797 2147483647 1 4604 
73 27.107750 2147483647 62 11 5 48 7 20 14 242 11 5 20 9 27 22 128 287 10 5 18 6 10 10 55 5 12 5 24 16 34 35 587 6 10 18 3 66 13 17 18 149 6 8 8 13 19 26 236 9 18 51 9 118 17 24 34 218 56 106 16 189 164 322 4917 
74 63.626038 2147483647 32 866 786 670 744 674 685 626 695 500 409 370 395 301 392 297 576 994 876 770 786 778 720 695 816 840 597 535 585 1012 675 1122 2687 
75 35.464878 2147483647 47 9821 401 342 214 275 154 156 80 110 11 33 39 67 5 39 286 51 117 24 144 66 67 38 37 15 8 44 15 624 24 92 6 107 29 76 15 15 15 82 319 4 56 7 80 21 46 4 
76 19.160765 2147483647 27 3 38 3 5 38 10 5 19 21 335 3 5 51 12 112 4 46 9 17 45 159 15 12 93 77 181 4343 
77 76.979942 2147483647 64 2912 356 186 219 301 133 117 211 486 263 182 231 319 125 131 52 897 419 409 332 485 366 327 514 599 467 397 494 499 380 374 289 1493 226 190 97 270 135 118 63 317 314 243 127 332 164 121 415 1711 463 436 356 503 365 363 233 1822 579 490 358 1273 434 712 408 
78 40.251011 2147483647 8 1911 640 385 99 2888 1059 2520 1225 
79 36.353901 2147483647 24 53 229 805 23 244 670 389 55 227 261 11 261 1191 2 145 234 229 214 584 136 320 231 669 3973 
80 35.243080 2147483647 57 23 32 202 23 53 403 20 22 89 28 57 278 329 19 26 98 17 42 116 26 31 101 39 69 815 3 33 69 78 137 28 51 89 236 21 47 83 35 35 73 428 3 56 117 100 228 32 76 183 294 55 185 182 331 104 586 7653 
81 62.059349 2147483647 64 15 431 74 841 24 219 81 1073 24 241 91 327 30 250 22 736 551 275 55 381 23 212 112 347 54 282 92 374 22 307 32 1524 7 258 116 335 194 211 75 252 356 160 135 325 49 248 60 701 14 302 200 311 335 186 144 402 343 241 368 416 405 379 400 8898 
82 57.863464 2147483647 58 2397 67 248 128 25 237 143 14 204 70 11 10 463 75 28 21 192 43 287 118 28 5 148 113 45 18 1502 130 59 7 254 98 45 4 261 109 40 4 232 81 35 341 1314 188 87 22 313 152 77 18 1460 163 80 17 1034 137 125 14 
83 52.664959 2147483647 22 234 554 566 87 159 327 1026 1879 186 133 358 237 65 100 217 1032 1922 3 836 946 2917 4156 
84 22.254646 2147483647 8 165 106 120 135 673 340 1277 3047 
85 21.114672 2147483647 17 7 59 60 64 57 81 66 65 97 342 334 372 297 963 595 1665 5754 
86 68.800636 2147483647 64 7525 1724 670 1244 459 479 410 727 318 203 162 318 248 298 163 325 505 208 169 132 236 175 136 274 149 123 86 188 155 197 95 157 1759 417 282 259 397 308 282 252 304 224 185 130 279 194 189 560 1032 269 211 179 278 188 193 156 1092 196 166 111 936 183 508 325 
87 37.488808 2147483647 59 94 5 358 3 68 21 793 39 3 89 4 75 26 436 502 33 2 78 2 45 19 134 39 2 82 3 75 29 979 30 28 20 118 19 32 50 212 4 18 27 26 32 29 320 19 68 22 154 15 38 84 239 6 111 30 199 32 212 2883 
88 16.875834 2147483647 10 9 41 8 24 10 60 345 332 1193 7482 
89 30.216761 2147483647 20 9061 1078 395 538 181 210 111 154 50 21 12 66 25 19 17 11 28 6 8 3 
90 45.994057 2147483647 59 3609 124 84 225 149 131 14 188 147 45 6 168 83 15 65 397 19 54 9 136 55 12 228 38 26 23 102 80 13 55 1045 26 65 4 160 19 59 4 153 13 43 129 11 45 62 990 20 61 4 160 16 58 4 709 13 46 356 11 55 
91 18.298355 2147483647 8 3576 1911 172 778 98 56 35 100 
92 99.908455 2147483647 64 18435 4977 1536 3049 865 777 711 1172 1116 989 946 986 820 761 772 841 1249 974 942 946 574 517 467 733 991 972 945 929 647 597 591 601 1434 723 648 615 187 82 69 48 565 741 713 629 177 119 105 106 860 523 493 477 136 21 14 6 794 634 579 527 161 40 30 24 
93 31.385912 2147483647 64 88 163 45 309 47 63 52 553 44 52 29 67 50 67 63 101 582 48 29 63 31 35 31 81 45 55 29 63 62 68 67 718 69 22 89 25 127 31 35 33 181 32 36 31 36 37 44 252 45 91 134 37 172 36 44 46 287 145 189 50 340 220 388 2194 
94 17.079287 2147483647 8 26 58 23 36 95 64 1334 7176 
95 28.792084 2147483647 19 53 61 751 46 42 93 17 17 404 677 67 69 17 52 1141 63 74 15 319 
96 52.884029 2147483647 42 2 3 5 5 16 16 40 51 55 40 28 34 48 67 105 143 160 356 11 6 7 2 25 20 42 54 48 39 73 61 125 117 189 214 350 143 205 212 1077 395 1745 2928 
97 26.304090 2147483647 20 5 13 7 19 21 138 3 11 10 9 16 58 69 58 74 127 224 215 740 2630 
98 37.560078 2147483647 24 45 9 807 26 14 1271 16 9 143 30 16 476 767 34 60 36 349 7 92 9 157 8 17 191 
99 49.436684 2147483647 33 6552 3767 888 2163 255 319 299 619 173 213 158 206 122 134 108 193 15 267 277 196 228 161 122 121 123 106 110 100 94 22 46 24 48 
