#query #bsf #th #total_pqs #per_pq_size
0 25.744576 2147483647 64 1074 1069 1046 1085 1056 1054 1046 1054 1029 1022 1020 1138 1028 1035 1084 1315 1084 1073 1165 1280 1234 1188 1636 1652 1046 1055 1105 1498 1149 1177 1883 2380 1106 1358 1136 1413 1077 1102 1101 1089 1047 1232 1063 1359 1031 1037 1131 1203 1148 1179 1183 1317 1349 1281 1611 1407 1120 1186 1209 1504 1253 1276 1761 1731 
1 3.772447 2147483647 21 94 20 233 810 84 611 2 250 91 99 6 20 190 875 98 617 41 243 31 85 11 
2 27.554768 2147483647 64 1074 1069 1046 1085 1056 1054 1046 1054 1029 1022 1020 1138 1028 1035 1084 1315 1084 1073 1165 1280 1234 1188 1636 1652 1046 1055 1105 1498 1149 1177 1883 2380 1106 1363 1136 1417 1083 1130 1101 1089 1047 1238 1064 1368 1033 1038 1132 1203 1156 1183 1183 1317 1361 1303 1611 1408 1120 1186 1209 1504 1253 1276 1761 1732 
3 50.364594 2147483647 64 1074 1069 1046 1085 1056 1054 1046 1054 1029 1022 1020 1138 1028 1035 1084 1315 1084 1073 1165 1280 1234 1188 1636 1652 1046 1055 1105 1498 1149 1177 1883 2380 1106 1363 1136 1417 1083 1130 1101 1089 1047 1238 1064 1368 1033 1038 1132 1203 1156 1183 1183 1317 1361 1303 1611 1408 1120 1186 1209 1504 1253 1276 1761 1732 
4 45.000088 2147483647 64 1074 1069 1046 1085 1056 1054 1046 1054 1029 1022 1020 1138 1028 1035 1084 1315 1084 1073 1165 1280 1234 1188 1636 1652 1046 1055 1105 1498 1149 1177 1883 2380 1106 1363 1136 1417 1083 1130 1101 1089 1047 1238 1064 1368 1033 1038 1132 1203 1156 1183 1183 1317 1361 1303 1611 1408 1120 1186 1209 1504 1253 1276 1761 1732 
5 6.722102 2147483647 58 59 104 68 107 22 317 345 320 348 45 67 45 69 71 109 76 109 4 323 358 325 442 45 69 46 73 340 425 350 445 61 89 61 87 725 949 758 1088 349 338 357 422 420 434 378 435 87 98 76 98 755 877 852 1142 401 407 421 516 
6 71.635399 2147483647 64 1074 1069 1046 1085 1056 1054 1046 1054 1029 1022 1020 1138 1028 1035 1084 1315 1084 1073 1165 1280 1234 1188 1636 1652 1046 1055 1105 1498 1149 1177 1883 2380 1106 1363 1136 1417 1083 1130 1101 1089 1047 1238 1064 1368 1033 1038 1132 1203 1156 1183 1183 1317 1361 1303 1611 1408 1120 1186 1209 1504 1253 1276 1761 1732 
7 38.627037 2147483647 64 1074 1069 1046 1085 1056 1054 1046 1054 1029 1022 1020 1138 1028 1035 1084 1315 1084 1073 1165 1280 1234 1188 1636 1652 1046 1055 1105 1498 1149 1177 1883 2380 1106 1363 1136 1417 1083 1130 1101 1089 1047 1238 1064 1368 1033 1038 1132 1203 1156 1183 1183 1317 1361 1303 1611 1408 1120 1186 1209 1504 1253 1276 1761 1732 
8 60.719597 2147483647 64 1074 1069 1046 1085 1056 1054 1046 1054 1029 1022 1020 1138 1028 1035 1084 1315 1084 1073 1165 1280 1234 1188 1636 1652 1046 1055 1105 1498 1149 1177 1883 2380 1106 1363 1136 1417 1083 1130 1101 1089 1047 1238 1064 1368 1033 1038 1132 1203 1156 1183 1183 1317 1361 1303 1611 1408 1120 1186 1209 1504 1253 1276 1761 1732 
9 4.796785 2147483647 64 367 351 386 367 361 332 375 361 325 289 335 315 325 285 362 395 358 349 450 491 396 370 568 604 328 284 350 443 338 303 593 685 326 366 349 366 323 298 345 321 289 278 291 348 286 255 314 316 317 300 389 364 334 300 460 372 291 260 324 343 297 261 417 370 
10 5.018837 2147483647 64 522 617 419 524 651 739 541 644 757 831 657 816 851 923 803 1051 691 795 650 806 886 950 1068 1177 885 942 843 1154 1032 1086 1551 2045 519 711 415 553 650 761 564 648 747 898 670 836 840 911 818 952 718 812 665 813 905 946 1074 994 905 1001 910 1111 1065 1130 1432 1438 
11 29.159447 2147483647 64 1074 1069 1046 1085 1056 1054 1046 1054 1029 1022 1020 1138 1028 1035 1084 1315 1084 1073 1165 1280 1234 1188 1636 1652 1046 1055 1105 1498 1149 1177 1883 2380 1106 1363 1136 1417 1083 1130 1101 1089 1047 1238 1064 1368 1033 1038 1132 1203 1156 1183 1183 1317 1361 1303 1611 1408 1120 1186 1209 1504 1253 1276 1761 1732 
12 36.588875 2147483647 64 1074 1069 1046 1085 1056 1054 1046 1054 1029 1022 1020 1138 1028 1035 1084 1315 1084 1073 1165 1280 1234 1188 1636 1652 1046 1055 1105 1498 1149 1177 1883 2380 1106 1363 1136 1417 1083 1130 1101 1089 1047 1238 1064 1368 1033 1038 1132 1203 1156 1183 1183 1317 1361 1303 1611 1408 1120 1186 1209 1504 1253 1276 1761 1732 
13 4.235114 2147483647 58 276 330 426 502 292 360 475 543 262 290 390 509 278 333 446 546 2 13 87 170 5 35 140 252 45 148 22 127 260 312 562 521 726 342 431 543 587 315 438 444 651 321 377 529 613 34 36 178 277 34 302 380 35 120 271 39 289 416 
14 33.770660 2147483647 64 1074 1069 1046 1085 1056 1054 1046 1054 1029 1022 1020 1138 1028 1035 1084 1315 1084 1073 1165 1280 1234 1188 1636 1652 1046 1055 1105 1498 1149 1177 1883 2380 1106 1361 1136 1391 1083 1130 1101 1089 1047 1226 1063 1348 1033 1038 1132 1203 1156 1183 1183 1317 1361 1303 1611 1408 1120 1185 1209 1504 1253 1276 1761 1732 
15 9.535137 2147483647 64 641 589 653 627 585 562 639 582 636 576 717 665 627 582 738 621 625 573 769 676 695 603 1015 749 660 581 775 758 736 628 1201 1020 666 794 767 877 615 586 698 602 680 756 774 840 641 575 773 642 620 583 785 753 714 621 1029 712 697 645 864 842 771 693 1209 927 
16 44.854599 2147483647 64 1074 1069 1046 1085 1056 1054 1046 1054 1029 1022 1020 1138 1028 1035 1084 1315 1084 1073 1165 1280 1234 1188 1636 1652 1046 1055 1105 1498 1149 1177 1883 2380 1106 1363 1136 1417 1083 1130 1101 1089 1047 1238 1064 1368 1033 1038 1132 1203 1156 1183 1183 1317 1361 1303 1611 1408 1120 1186 1209 1504 1253 1276 1761 1732 
17 26.637444 2147483647 64 1074 1069 1046 1085 1056 1054 1046 1054 1029 1022 1020 1138 1028 1035 1084 1315 1084 1073 1165 1280 1234 1188 1636 1652 1046 1055 1105 1498 1149 1177 1883 2380 1106 1363 1136 1417 1083 1130 1101 1089 1047 1238 1064 1368 1033 1038 1132 1203 1156 1183 1183 1317 1361 1303 1611 1408 1120 1186 1209 1504 1253 1276 1761 1732 
18 40.892418 2147483647 64 1074 1069 1046 1085 1056 1054 1046 1054 1029 1022 1020 1138 1028 1035 1084 1315 1084 1073 1165 1280 1234 1188 1636 1652 1046 1055 1105 1498 1149 1177 1883 2380 1106 1363 1136 1417 1083 1130 1101 1089 1047 1238 1064 1368 1033 1038 1132 1203 1156 1183 1183 1317 1361 1303 1611 1408 1120 1186 1209 1504 1253 1276 1761 1732 
19 4.372248 2147483647 64 228 203 69 87 208 194 66 81 299 276 126 135 287 265 120 134 235 225 82 84 221 219 79 74 305 304 146 139 303 299 159 165 378 429 215 259 348 365 198 177 415 529 283 345 409 410 307 277 370 393 276 253 400 412 333 267 425 458 324 353 490 481 502 418 
20 2.874646 2147483647 64 103 268 101 254 92 253 91 249 93 236 91 239 82 235 81 247 91 254 94 254 99 310 125 320 75 263 80 341 74 321 97 450 30 216 30 209 27 185 30 182 29 177 31 179 29 168 30 168 35 179 36 179 34 183 35 175 34 174 35 186 36 186 34 197 
21 5.264428 2147483647 64 141 415 143 415 158 413 155 420 148 396 144 412 159 406 168 580 96 306 93 374 100 344 117 481 96 285 92 350 105 316 150 652 145 455 140 394 162 393 162 370 166 365 168 382 192 344 197 413 134 251 107 264 126 275 126 284 115 244 107 267 124 266 129 350 
22 19.569317 2147483647 64 1074 1069 1046 1085 1056 1054 1046 1054 1029 1022 1020 1138 1028 1035 1084 1315 1083 1073 1165 1280 1232 1188 1628 1642 1045 1055 1105 1498 1149 1177 1870 2362 1106 1363 1136 1417 1083 1130 1101 1089 1047 1238 1064 1368 1033 1038 1132 1203 1156 1183 1183 1317 1361 1303 1611 1408 1120 1186 1209 1504 1253 1276 1761 1732 
23 69.764641 2147483647 64 1074 1069 1046 1085 1056 1054 1046 1054 1029 1022 1020 1138 1028 1035 1084 1315 1084 1073 1165 1280 1234 1188 1636 1652 1046 1055 1105 1498 1149 1177 1883 2380 1106 1363 1136 1417 1083 1130 1101 1089 1047 1238 1064 1368 1033 1038 1132 1203 1156 1183 1183 1317 1361 1303 1611 1408 1120 1186 1209 1504 1253 1276 1761 1732 
24 54.163898 2147483647 64 1074 1069 1046 1085 1056 1054 1046 1054 1029 1022 1020 1138 1028 1035 1084 1315 1084 1073 1165 1280 1234 1188 1636 1652 1046 1055 1105 1498 1149 1177 1883 2380 1106 1363 1136 1417 1083 1130 1101 1089 1047 1238 1064 1368 1033 1038 1132 1203 1156 1183 1183 1317 1361 1303 1611 1408 1120 1186 1209 1504 1253 1276 1761 1732 
25 4.301842 2147483647 58 11 107 249 428 16 167 328 465 16 166 322 458 26 213 387 737 11 109 274 622 6 188 548 1035 2 158 316 790 25 222 847 1723 93 213 481 153 293 512 151 281 547 9 185 378 636 103 234 515 156 447 715 153 300 663 9 202 630 959 
26 7.321271 2147483647 64 492 500 506 510 483 499 506 510 513 508 509 512 508 508 519 611 510 511 534 566 538 526 692 681 508 512 525 663 546 550 867 1144 721 966 819 1041 756 831 834 857 845 1022 913 1183 855 895 978 1120 1075 1136 1144 1203 1283 1213 1564 1383 1111 1182 1206 1478 1244 1262 1744 1720 
27 26.308287 2147483647 64 1074 1069 1046 1085 1056 1054 1046 1054 1029 1022 1020 1138 1028 1035 1084 1315 1084 1073 1165 1280 1234 1188 1636 1652 1046 1055 1105 1498 1149 1177 1883 2380 1106 1363 1136 1417 1083 1130 1101 1089 1047 1238 1064 1368 1033 1038 1132 1203 1156 1183 1183 1317 1361 1303 1611 1408 1120 1186 1209 1504 1253 1276 1761 1732 
28 14.463400 2147483647 64 1073 1068 1046 1085 1046 1050 1038 1043 1029 1022 1020 1138 1024 1033 1062 1244 977 1016 1034 1091 609 719 651 749 961 1021 988 1219 591 726 643 816 1106 1363 1136 1417 1083 1130 1092 1089 1047 1238 1064 1368 1033 1038 1125 1182 1132 1179 1162 1314 892 1011 960 981 1105 1183 1185 1484 825 1009 985 1148 
29 4.288096 2147483647 64 1052 1054 1042 1062 1052 1051 1043 1044 1024 1020 1020 1108 1024 1032 1073 1285 1055 1059 1136 1220 1204 1168 1579 1569 1034 1038 1083 1385 1134 1157 1788 2269 1066 1266 1074 1177 1070 1098 1075 1065 1027 1117 1026 1182 1024 1037 1083 1173 1097 1125 1121 1224 1281 1216 1531 1337 1091 1139 1152 1373 1219 1230 1659 1647 
30 25.178251 2147483647 64 1074 1069 1046 1085 1056 1054 1046 1054 1029 1022 1020 1138 1028 1035 1084 1315 1084 1073 1165 1280 1234 1188 1636 1652 1046 1055 1105 1498 1149 1177 1883 2380 1103 1361 1133 1358 1083 1129 1101 1089 1043 1230 1059 1341 1033 1038 1132 1203 1142 1177 1173 1314 1356 1301 1611 1408 1119 1183 1206 1500 1253 1276 1760 1727 
31 41.157013 2147483647 64 1074 1069 1046 1085 1056 1054 1046 1054 1029 1022 1020 1138 1028 1035 1084 1315 1084 1073 1165 1280 1234 1188 1636 1652 1046 1055 1105 1498 1149 1177 1883 2380 1106 1363 1136 1417 1083 1130 1101 1089 1047 1238 1064 1368 1033 1038 1132 1203 1156 1183 1183 1317 1361 1303 1611 1408 1120 1186 1209 1504 1253 1276 1761 1732 
32 82.224731 2147483647 64 1074 1069 1046 1085 1056 1054 1046 1054 1029 1022 1020 1138 1028 1035 1084 1315 1084 1073 1165 1280 1234 1188 1636 1652 1046 1055 1105 1498 1149 1177 1883 2380 1106 1363 1136 1417 1083 1130 1101 1089 1047 1238 1064 1368 1033 1038 1132 1203 1156 1183 1183 1317 1361 1303 1611 1408 1120 1186 1209 1504 1253 1276 1761 1732 
33 23.691410 2147483647 64 1074 1069 1046 1085 1056 1054 1046 1054 1029 1022 1020 1138 1028 1035 1084 1315 1084 1073 1165 1280 1234 1188 1636 1652 1046 1055 1105 1498 1149 1177 1883 2380 1105 1363 1135 1417 1078 1129 1095 1089 1047 1238 1064 1368 1033 1038 1132 1203 1149 1183 1183 1317 1351 1300 1607 1408 1120 1186 1209 1504 1252 1276 1759 1732 
34 24.416882 2147483647 64 1074 1069 1046 1085 1056 1054 1046 1054 1029 1022 1020 1138 1028 1035 1084 1315 1084 1073 1165 1280 1234 1188 1636 1652 1046 1055 1105 1498 1149 1177 1883 2380 1106 1363 1136 1417 1083 1130 1101 1089 1047 1238 1064 1368 1033 1038 1132 1203 1156 1183 1183 1317 1361 1303 1611 1408 1120 1186 1209 1504 1253 1276 1761 1732 
35 3.654958 2147483647 62 245 265 238 245 21 28 19 27 140 158 134 148 2 8 280 298 271 289 39 52 34 46 174 185 167 183 11 9 3 7 458 687 462 638 163 196 143 162 302 361 309 429 77 71 55 66 473 581 531 585 243 242 201 203 346 390 358 445 113 95 80 99 
36 30.287489 2147483647 64 1074 1069 1046 1085 1056 1054 1046 1054 1029 1022 1020 1138 1028 1035 1084 1315 1084 1073 1165 1280 1234 1188 1636 1652 1046 1055 1105 1498 1149 1177 1879 2375 1106 1363 1136 1417 1083 1130 1101 1089 1047 1238 1064 1368 1033 1038 1132 1203 1156 1183 1183 1317 1361 1303 1611 1408 1120 1186 1209 1504 1253 1276 1761 1732 
37 49.193451 2147483647 64 1074 1069 1046 1085 1056 1054 1046 1054 1029 1022 1020 1138 1028 1035 1084 1315 1084 1073 1165 1280 1234 1188 1636 1652 1046 1055 1105 1498 1149 1177 1883 2380 1106 1363 1136 1417 1083 1130 1101 1089 1047 1238 1064 1368 1033 1038 1132 1203 1156 1183 1183 1317 1361 1303 1611 1408 1120 1186 1209 1504 1253 1276 1761 1732 
38 19.352982 2147483647 64 1074 1069 1046 1085 1056 1054 1046 1054 1029 1022 1020 1138 1028 1035 1084 1315 1084 1073 1165 1280 1234 1188 1636 1652 1046 1055 1105 1498 1149 1177 1883 2380 1106 1363 1136 1417 1083 1130 1101 1089 1047 1238 1064 1368 1033 1038 1132 1203 1156 1183 1183 1317 1361 1303 1611 1408 1120 1186 1209 1504 1253 1276 1761 1732 
39 50.334801 2147483647 64 1074 1069 1046 1085 1056 1054 1046 1054 1029 1022 1020 1138 1028 1035 1084 1315 1084 1073 1165 1280 1234 1188 1636 1652 1046 1055 1105 1498 1149 1177 1883 2380 1106 1363 1136 1417 1083 1130 1101 1089 1047 1238 1064 1368 1033 1038 1132 1203 1156 1183 1183 1317 1361 1303 1611 1408 1120 1186 1209 1504 1253 1276 1761 1732 
40 5.885241 2147483647 64 97 124 130 156 97 125 128 158 30 43 45 65 28 39 47 93 126 162 163 290 142 190 277 441 43 63 67 152 44 67 132 277 103 152 128 180 108 134 142 168 39 44 49 70 31 39 67 87 134 187 177 266 180 201 277 338 64 64 72 133 53 60 131 177 
41 6.441410 2147483647 46 236 532 250 557 190 5 215 228 564 228 620 3 204 11 214 10 894 1275 943 1376 61 244 65 259 505 975 566 1062 63 29 34 844 1151 926 1290 121 232 102 256 503 876 596 1095 97 34 39 
42 4.420920 2147483647 42 31 31 31 33 7 229 220 227 249 376 352 413 430 110 109 124 166 244 249 361 499 3 29 31 31 33 212 226 219 224 378 361 408 374 132 108 112 128 244 235 308 311 
43 53.908524 2147483647 64 1074 1069 1046 1085 1056 1054 1046 1054 1029 1022 1020 1138 1028 1035 1084 1315 1084 1073 1165 1280 1234 1188 1636 1652 1046 1055 1105 1498 1149 1177 1883 2380 1106 1363 1136 1417 1083 1130 1101 1089 1047 1238 1064 1368 1033 1038 1132 1203 1156 1183 1183 1317 1361 1303 1611 1408 1120 1186 1209 1504 1253 1276 1761 1732 
44 37.605827 2147483647 64 1074 1069 1046 1085 1056 1054 1046 1054 1029 1022 1020 1138 1028 1035 1084 1315 1084 1073 1165 1280 1234 1188 1636 1652 1046 1055 1105 1498 1149 1177 1883 2380 1106 1363 1136 1417 1083 1130 1101 1089 1047 1238 1064 1368 1033 1038 1132 1203 1156 1183 1183 1317 1361 1303 1611 1408 1120 1186 1209 1504 1253 1276 1761 1732 
45 44.414871 2147483647 64 1074 1069 1046 1085 1056 1054 1046 1054 1029 1022 1020 1138 1028 1035 1084 1315 1084 1073 1165 1280 1234 1188 1636 1652 1046 1055 1105 1498 1149 1177 1883 2380 1106 1363 1136 1417 1083 1130 1101 1089 1047 1238 1064 1368 1033 1038 1132 1203 1156 1183 1183 1317 1361 1303 1611 1408 1120 1186 1209 1504 1253 1276 1761 1732 
46 35.320488 2147483647 64 1074 1069 1046 1085 1056 1054 1046 1054 1029 1022 1020 1138 1028 1035 1084 1315 1084 1073 1165 1280 1234 1188 1636 1652 1046 1055 1105 1498 1149 1177 1883 2380 1106 1363 1136 1417 1083 1130 1101 1089 1047 1238 1064 1368 1033 1038 1132 1203 1156 1183 1183 1317 1361 1303 1611 1408 1120 1186 1209 1504 1253 1276 1761 1732 
47 58.136669 2147483647 64 1074 1069 1046 1085 1056 1054 1046 1054 1029 1022 1020 1138 1028 1035 1084 1315 1084 1073 1165 1280 1234 1188 1636 1652 1046 1055 1105 1498 1149 1177 1883 2380 1106 1363 1136 1417 1083 1130 1101 1089 1047 1238 1064 1368 1033 1038 1132 1203 1156 1183 1183 1317 1361 1303 1611 1408 1120 1186 1209 1504 1253 1276 1761 1732 
48 5.374548 2147483647 56 12 71 22 6 21 150 61 17 93 34 11 24 178 123 283 194 542 549 447 305 942 885 319 208 527 664 438 327 1127 1428 84 32 7 171 80 111 45 17 205 115 338 220 619 561 553 363 1034 808 368 252 623 734 527 379 1148 1043 
49 38.622314 2147483647 64 1074 1069 1046 1085 1056 1054 1046 1054 1029 1022 1020 1138 1028 1035 1084 1315 1084 1073 1165 1280 1234 1188 1636 1652 1046 1055 1105 1498 1149 1177 1883 2380 1106 1363 1136 1417 1083 1130 1101 1089 1047 1238 1064 1368 1033 1038 1132 1203 1156 1183 1183 1317 1361 1303 1611 1408 1120 1186 1209 1504 1253 1276 1761 1732 
50 73.628433 2147483647 64 1074 1069 1046 1085 1056 1054 1046 1054 1029 1022 1020 1138 1028 1035 1084 1315 1084 1073 1165 1280 1234 1188 1636 1652 1046 1055 1105 1498 1149 1177 1883 2380 1106 1363 1136 1417 1083 1130 1101 1089 1047 1238 1064 1368 1033 1038 1132 1203 1156 1183 1183 1317 1361 1303 1611 1408 1120 1186 1209 1504 1253 1276 1761 1732 
51 4.221187 2147483647 14 161 129 51 17 599 12 373 14 182 119 70 33 49 5 
52 71.987450 2147483647 64 1074 1069 1046 1085 1056 1054 1046 1054 1029 1022 1020 1138 1028 1035 1084 1315 1084 1073 1165 1280 1234 1188 1636 1652 1046 1055 1105 1498 1149 1177 1883 2380 1106 1363 1136 1417 1083 1130 1101 1089 1047 1238 1064 1368 1033 1038 1132 1203 1156 1183 1183 1317 1361 1303 1611 1408 1120 1186 1209 1504 1253 1276 1761 1732 
53 38.557251 2147483647 64 1074 1069 1046 1085 1056 1054 1046 1054 1029 1022 1020 1138 1028 1035 1084 1315 1084 1073 1165 1280 1234 1188 1636 1652 1046 1055 1105 1498 1149 1177 1883 2380 1106 1363 1136 1417 1083 1130 1101 1089 1047 1238 1064 1368 1033 1038 1132 1203 1156 1183 1183 1317 1361 1303 1611 1408 1120 1186 1209 1504 1253 1276 1761 1732 
54 33.569859 2147483647 64 1074 1069 1046 1085 1056 1054 1046 1054 1029 1022 1020 1138 1028 1035 1084 1315 1084 1073 1165 1280 1234 1188 1636 1652 1046 1055 1105 1498 1149 1177 1883 2380 1106 1363 1136 1417 1083 1130 1101 1089 1047 1238 1064 1368 1033 1038 1132 1203 1156 1183 1183 1317 1361 1303 1611 1408 1120 1186 1209 1504 1253 1276 1761 1732 
55 24.108135 2147483647 64 1074 1069 1046 1085 1056 1054 1046 1054 1029 1022 1020 1138 1028 1035 1084 1315 1084 1073 1165 1280 1234 1188 1636 1652 1046 1055 1105 1498 1149 1177 1883 2380 1106 1363 1136 1417 1083 1130 1101 1089 1047 1238 1064 1368 1033 1038 1132 1203 1156 1183 1183 1317 1361 1300 1611 1408 1120 1186 1209 1504 1253 1276 1761 1732 
56 29.520603 2147483647 64 1074 1069 1046 1085 1056 1054 1046 1054 1029 1022 1020 1138 1028 1035 1084 1315 1084 1073 1165 1280 1234 1188 1636 1652 1046 1055 1105 1498 1149 1177 1883 2380 1106 1363 1136 1417 1083 1130 1101 1089 1047 1238 1064 1368 1033 1038 1132 1203 1156 1183 1183 1317 1361 1303 1611 1408 1120 1186 1209 1504 1253 1276 1761 1732 
57 53.267120 2147483647 64 1074 1069 1046 1085 1056 1054 1046 1054 1029 1022 1020 1138 1028 1035 1084 1315 1084 1073 1165 1280 1234 1188 1636 1652 1046 1055 1105 1498 1149 1177 1883 2380 1106 1363 1136 1417 1083 1130 1101 1089 1047 1238 1064 1368 1033 1038 1132 1203 1156 1183 1183 1317 1361 1303 1611 1408 1120 1186 1209 1504 1253 1276 1761 1732 
58 14.631156 2147483647 64 1055 1055 1043 1081 1027 1025 1026 1029 1026 1022 1020 1127 1021 1026 1043 1175 1054 1054 1139 1242 1055 1044 1207 1191 1032 1041 1073 1424 1045 1057 1342 1580 1106 1363 1136 1417 1083 1130 1098 1089 1047 1238 1064 1368 1033 1038 1128 1198 1156 1183 1183 1317 1351 1263 1544 1354 1120 1186 1209 1504 1243 1255 1689 1633 
59 6.242674 2147483647 64 1074 1069 1046 1085 1056 1054 1044 1054 1028 1021 1020 1136 1028 1035 1079 1314 1082 1071 1162 1257 926 1176 1303 1537 1044 1054 1101 1467 665 1161 1174 2061 1067 1283 1078 1301 1052 1072 1047 1056 1031 1134 1034 1230 1020 1030 1042 1120 1039 1087 1058 1222 536 1137 617 1170 1039 1090 1052 1260 521 1082 595 1250 
60 26.468201 2147483647 64 1074 1069 1046 1085 1056 1054 1046 1054 1029 1022 1020 1138 1028 1035 1084 1315 1084 1073 1165 1280 1234 1188 1636 1652 1046 1055 1105 1498 1149 1177 1883 2380 1106 1363 1136 1417 1083 1130 1101 1089 1047 1238 1064 1368 1033 1038 1132 1203 1156 1183 1183 1317 1361 1303 1611 1408 1120 1186 1209 1504 1253 1276 1761 1732 
61 45.975479 2147483647 64 1074 1069 1046 1085 1056 1054 1046 1054 1029 1022 1020 1138 1028 1035 1084 1315 1084 1073 1165 1280 1234 1188 1636 1652 1046 1055 1105 1498 1149 1177 1883 2380 1106 1363 1136 1417 1083 1130 1101 1089 1047 1238 1064 1368 1033 1038 1132 1203 1156 1183 1183 1317 1361 1303 1611 1408 1120 1186 1209 1504 1253 1276 1761 1732 
62 46.985641 2147483647 64 1074 1069 1046 1085 1056 1054 1046 1054 1029 1022 1020 1138 1028 1035 1084 1315 1084 1073 1165 1280 1234 1188 1636 1652 1046 1055 1105 1498 1149 1177 1883 2380 1106 1363 1136 1417 1083 1130 1101 1089 1047 1238 1064 1368 1033 1038 1132 1203 1156 1183 1183 1317 1361 1303 1611 1408 1120 1186 1209 1504 1253 1276 1761 1732 
63 58.369850 2147483647 64 1074 1069 1046 1085 1056 1054 1046 1054 1029 1022 1020 1138 1028 1035 1084 1315 1084 1073 1165 1280 1234 1188 1636 1652 1046 1055 1105 1498 1149 1177 1883 2380 1106 1363 1136 1417 1083 1130 1101 1089 1047 1238 1064 1368 1033 1038 1132 1203 1156 1183 1183 1317 1361 1303 1611 1408 1120 1186 1209 1504 1253 1276 1761 1732 
64 42.662926 2147483647 64 1074 1069 1046 1085 1056 1054 1046 1054 1029 1022 1020 1138 1028 1035 1084 1315 1084 1073 1165 1280 1234 1188 1636 1652 1046 1055 1105 1498 1149 1177 1883 2380 1106 1363 1136 1417 1083 1130 1101 1089 1047 1238 1064 1368 1033 1038 1132 1203 1156 1183 1183 1317 1361 1303 1611 1408 1120 1186 1209 1504 1253 1276 1761 1732 
65 37.624210 2147483647 64 1074 1069 1046 1085 1056 1054 1046 1054 1029 1022 1020 1138 1028 1035 1084 1315 1084 1073 1165 1280 1234 1188 1636 1652 1046 1055 1105 1498 1149 1177 1883 2380 1106 1363 1136 1417 1083 1130 1101 1089 1047 1238 1064 1368 1033 1038 1132 1203 1156 1183 1183 1317 1361 1303 1611 1408 1120 1186 1209 1504 1253 1276 1761 1732 
66 31.275951 2147483647 64 1074 1069 1046 1085 1056 1054 1046 1054 1029 1022 1020 1138 1028 1035 1084 1315 1084 1073 1165 1280 1234 1188 1636 1652 1046 1055 1105 1498 1149 1177 1883 2380 1106 1363 1136 1417 1083 1130 1101 1089 1047 1238 1064 1368 1033 1038 1132 1203 1156 1183 1183 1317 1361 1303 1611 1408 1120 1186 1209 1504 1253 1276 1761 1732 
67 74.496170 2147483647 64 1074 1069 1046 1085 1056 1054 1046 1054 1029 1022 1020 1138 1028 1035 1084 1315 1084 1073 1165 1280 1234 1188 1636 1652 1046 1055 1105 1498 1149 1177 1883 2380 1106 1363 1136 1417 1083 1130 1101 1089 1047 1238 1064 1368 1033 1038 1132 1203 1156 1183 1183 1317 1361 1303 1611 1408 1120 1186 1209 1504 1253 1276 1761 1732 
68 43.776333 2147483647 64 1074 1069 1046 1085 1056 1054 1046 1054 1029 1022 1020 1138 1028 1035 1084 1315 1084 1073 1165 1280 1234 1188 1636 1652 1046 1055 1105 1498 1149 1177 1883 2380 1106 1363 1136 1417 1083 1130 1101 1089 1047 1238 1064 1368 1033 1038 1132 1203 1156 1183 1183 1317 1361 1303 1611 1408 1120 1186 1209 1504 1253 1276 1761 1732 
69 3.431188 2147483647 30 424 741 784 884 162 422 735 783 954 9 211 47 85 284 65 96 279 8 171 327 375 776 27 179 347 405 727 63 57 64 
70 35.787567 2147483647 64 1074 1069 1046 1085 1056 1054 1046 1054 1029 1022 1020 1138 1028 1035 1084 1315 1084 1073 1165 1280 1234 1188 1636 1652 1046 1055 1105 1498 1149 1177 1883 2380 1106 1363 1136 1417 1083 1130 1101 1089 1047 1238 1064 1368 1033 1038 1132 1203 1156 1183 1183 1317 1361 1303 1611 1408 1120 1186 1209 1504 1253 1276 1761 1732 
71 20.740620 2147483647 64 1074 1069 1046 1085 1056 1054 1046 1054 1029 1022 1020 1138 1028 1035 1084 1315 1084 1073 1165 1280 1234 1188 1636 1652 1046 1055 1105 1498 1149 1177 1883 2380 1106 1363 1136 1417 1083 1129 1101 1089 1047 1238 1064 1368 1033 1038 1132 1203 1150 1181 1182 1317 1350 1294 1611 1408 1119 1186 1208 1504 1253 1276 1761 1732 
72 46.763985 2147483647 64 1074 1069 1046 1085 1056 1054 1046 1054 1029 1022 1020 1138 1028 1035 1084 1315 1084 1073 1165 1280 1234 1188 1636 1652 1046 1055 1105 1498 1149 1177 1883 2380 1106 1363 1136 1417 1083 1130 1101 1089 1047 1238 1064 1368 1033 1038 1132 1203 1156 1183 1183 1317 1361 1303 1611 1408 1120 1186 1209 1504 1253 1276 1761 1732 
73 4.203960 2147483647 64 854 909 831 906 826 887 812 881 848 908 846 933 814 889 839 1070 771 819 805 925 857 889 1041 1082 756 849 802 1155 830 930 1214 1592 777 1019 788 956 766 854 767 828 796 916 805 951 761 845 781 894 716 795 723 830 780 829 862 816 737 853 780 995 782 852 925 971 
74 57.086525 2147483647 64 1074 1069 1046 1085 1056 1054 1046 1054 1029 1022 1020 1138 1028 1035 1084 1315 1084 1073 1165 1280 1234 1188 1636 1652 1046 1055 1105 1498 1149 1177 1883 2380 1106 1363 1136 1417 1083 1130 1101 1089 1047 1238 1064 1368 1033 1038 1132 1203 1156 1183 1183 1317 1361 1303 1611 1408 1120 1186 1209 1504 1253 1276 1761 1732 
75 3.511090 2147483647 39 17 257 255 255 248 78 84 149 179 3 251 253 256 287 76 73 167 229 29 29 429 484 449 564 304 289 400 483 18 24 26 423 463 488 603 364 302 618 658 
76 42.552795 2147483647 64 1074 1069 1046 1085 1056 1054 1046 1054 1029 1022 1020 1138 1028 1035 1084 1315 1084 1073 1165 1280 1234 1188 1636 1652 1046 1055 1105 1498 1149 1177 1883 2380 1106 1363 1136 1417 1083 1130 1101 1089 1047 1238 1064 1368 1033 1038 1132 1203 1156 1183 1183 1317 1361 1303 1611 1408 1120 1186 1209 1504 1253 1276 1761 1732 
77 5.648049 2147483647 64 97 73 214 165 66 39 142 101 77 50 160 114 46 24 108 90 123 93 289 233 86 56 257 168 93 65 194 161 62 36 212 155 108 115 238 273 68 46 161 115 79 74 162 198 52 27 118 105 136 106 302 257 96 61 270 165 102 77 228 200 80 41 216 152 
78 4.584277 2147483647 32 571 553 533 512 11 355 354 352 343 950 1205 973 1164 74 52 49 50 704 897 748 939 59 272 313 285 314 42 98 133 115 143 32 
79 4.121871 2147483647 35 169 157 9 6 120 114 448 435 167 156 252 332 525 576 49 13 37 32 279 317 41 449 535 63 693 754 387 258 269 270 34 563 596 108 16 
80 9.486613 2147483647 64 852 714 673 646 502 482 473 444 712 662 626 625 478 462 423 382 674 608 599 625 470 392 368 329 609 546 546 641 400 353 338 239 1062 1253 1004 1165 564 534 524 521 966 1084 905 1042 544 512 572 571 976 976 913 920 569 533 556 547 903 871 821 967 533 535 600 610 
81 32.046700 2147483647 64 1074 1069 1046 1085 1056 1054 1046 1054 1029 1022 1020 1138 1028 1035 1084 1315 1084 1073 1165 1280 1234 1188 1636 1652 1046 1055 1105 1498 1149 1177 1883 2380 1106 1363 1136 1417 1083 1130 1101 1089 1047 1238 1064 1368 1033 1038 1132 1203 1156 1183 1183 1317 1361 1303 1611 1408 1120 1186 1209 1504 1253 1276 1761 1732 
82 65.165276 2147483647 64 1074 1069 1046 1085 1056 1054 1046 1054 1029 1022 1020 1138 1028 1035 1084 1315 1084 1073 1165 1280 1234 1188 1636 1652 1046 1055 1105 1498 1149 1177 1883 2380 1106 1363 1136 1417 1083 1130 1101 1089 1047 1238 1064 1368 1033 1038 1132 1203 1156 1183 1183 1317 1361 1303 1611 1408 1120 1186 1209 1504 1253 1276 1761 1732 
83 4.491885 2147483647 56 796 748 314 357 1056 1054 1046 1042 757 726 336 370 1028 1035 1082 1289 747 697 286 289 1234 1184 1551 1513 726 732 308 335 1139 1175 1774 2135 64 49 912 938 594 581 78 49 881 939 624 606 68 32 861 908 602 531 78 38 871 958 662 592 
84 70.872215 2147483647 64 1074 1069 1046 1085 1056 1054 1046 1054 1029 1022 1020 1138 1028 1035 1084 1315 1084 1073 1165 1280 1234 1188 1636 1652 1046 1055 1105 1498 1149 1177 1883 2380 1106 1363 1136 1417 1083 1130 1101 1089 1047 1238 1064 1368 1033 1038 1132 1203 1156 1183 1183 1317 1361 1303 1611 1408 1120 1186 1209 1504 1253 1276 1761 1732 
85 31.331173 2147483647 64 1074 1069 1046 1085 1056 1054 1046 1054 1029 1022 1020 1138 1028 1035 1084 1315 1084 1073 1165 1280 1234 1188 1636 1652 1046 1055 1105 1498 1149 1177 1883 2380 1106 1363 1136 1417 1083 1130 1101 1089 1047 1238 1064 1368 1033 1038 1132 1203 1156 1183 1183 1317 1361 1303 1611 1408 1120 1186 1209 1504 1253 1276 1761 1732 
86 21.988535 2147483647 64 1074 1069 1046 1085 1056 1054 1046 1054 1029 1022 1020 1138 1028 1035 1084 1315 1084 1073 1165 1280 1234 1188 1636 1652 1046 1055 1105 1498 1149 1177 1883 2380 1106 1363 1136 1417 1083 1130 1101 1089 1047 1238 1064 1368 1033 1038 1132 1203 1156 1183 1183 1317 1361 1303 1611 1408 1120 1186 1209 1504 1253 1276 1761 1732 
87 21.324085 2147483647 64 1074 1069 1046 1085 1056 1054 1046 1054 1029 1022 1020 1138 1028 1035 1084 1315 1084 1073 1165 1280 1234 1188 1636 1652 1046 1055 1105 1498 1149 1177 1883 2380 1106 1363 1136 1417 1083 1130 1101 1089 1047 1238 1064 1368 1033 1038 1132 1203 1156 1183 1183 1317 1361 1303 1611 1408 1120 1186 1209 1504 1253 1276 1761 1732 
88 22.719051 2147483647 64 1074 1069 1046 1085 1056 1054 1046 1054 1029 1022 1020 1138 1028 1035 1084 1315 1084 1073 1165 1280 1234 1188 1636 1652 1046 1055 1105 1498 1149 1177 1883 2380 1106 1361 1136 1417 1083 1130 1101 1089 1047 1238 1064 1367 1033 1038 1132 1203 1155 1183 1183 1317 1361 1292 1611 1408 1120 1186 1209 1504 1253 1276 1761 1732 
89 3.977369 2147483647 62 68 67 13 22 67 73 13 26 192 209 86 104 202 214 94 105 26 38 3 36 41 3 130 143 50 61 144 170 88 73 100 162 23 38 99 138 31 42 235 365 133 168 238 280 141 154 57 68 7 9 79 95 13 15 171 259 110 176 226 327 186 185 
90 44.443748 2147483647 64 1074 1069 1046 1085 1056 1054 1046 1054 1029 1022 1020 1138 1028 1035 1084 1315 1084 1073 1165 1280 1234 1188 1636 1652 1046 1055 1105 1498 1149 1177 1883 2380 1106 1363 1136 1417 1083 1130 1101 1089 1047 1238 1064 1368 1033 1038 1132 1203 1156 1183 1183 1317 1361 1303 1611 1408 1120 1186 1209 1504 1253 1276 1761 1732 
91 33.000977 2147483647 64 1074 1069 1046 1085 1056 1054 1046 1054 1029 1022 1020 1138 1028 1035 1084 1315 1084 1073 1165 1280 1234 1188 1636 1652 1046 1055 1105 1498 1149 1177 1883 2380 1106 1363 1136 1416 1083 1130 1101 1089 1047 1238 1064 1368 1033 1038 1132 1203 1156 1183 1183 1317 1361 1303 1611 1408 1120 1186 1209 1504 1253 1276 1761 1732 
92 22.804193 2147483647 64 1072 1068 1046 1085 1056 1054 1046 1054 1029 1022 1020 1138 1028 1035 1084 1315 1079 1069 1165 1280 1234 1188 1636 1652 1044 1055 1105 1498 1149 1177 1883 2380 1106 1363 1136 1417 1083 1130 1101 1089 1047 1238 1064 1368 1033 1038 1132 1203 1156 1183 1183 1317 1361 1303 1611 1408 1120 1186 1209 1504 1253 1276 1761 1732 
93 4.063428 2147483647 33 248 240 178 176 225 224 175 181 237 230 175 175 223 223 175 173 864 1022 804 863 836 867 766 755 805 958 743 863 781 791 773 784 37 
94 48.672035 2147483647 64 1074 1069 1046 1085 1056 1054 1046 1054 1029 1022 1020 1138 1028 1035 1084 1315 1084 1073 1165 1280 1234 1188 1636 1652 1046 1055 1105 1498 1149 1177 1883 2380 1106 1363 1136 1417 1083 1130 1101 1089 1047 1238 1064 1368 1033 1038 1132 1203 1156 1183 1183 1317 1361 1303 1611 1408 1120 1186 1209 1504 1253 1276 1761 1732 
95 65.033752 2147483647 64 1074 1069 1046 1085 1056 1054 1046 1054 1029 1022 1020 1138 1028 1035 1084 1315 1084 1073 1165 1280 1234 1188 1636 1652 1046 1055 1105 1498 1149 1177 1883 2380 1106 1363 1136 1417 1083 1130 1101 1089 1047 1238 1064 1368 1033 1038 1132 1203 1156 1183 1183 1317 1361 1303 1611 1408 1120 1186 1209 1504 1253 1276 1761 1732 
96 37.566578 2147483647 64 1074 1069 1046 1085 1056 1054 1046 1054 1029 1022 1020 1138 1028 1035 1084 1315 1084 1073 1165 1280 1234 1188 1636 1652 1046 1055 1105 1498 1149 1177 1883 2380 1106 1363 1136 1417 1083 1130 1101 1089 1047 1238 1064 1368 1033 1038 1132 1203 1156 1183 1183 1317 1361 1303 1611 1408 1120 1186 1209 1504 1253 1276 1761 1732 
97 29.489475 2147483647 64 1074 1069 1046 1085 1056 1054 1046 1054 1029 1022 1020 1138 1028 1035 1084 1315 1084 1073 1165 1280 1234 1188 1636 1652 1046 1055 1105 1498 1149 1177 1883 2380 1106 1363 1136 1417 1083 1130 1101 1089 1047 1238 1064 1368 1033 1038 1132 1203 1156 1183 1183 1317 1361 1303 1611 1408 1120 1186 1209 1504 1253 1276 1761 1732 
98 29.527157 2147483647 64 1074 1069 1046 1085 1056 1054 1046 1054 1029 1022 1020 1138 1028 1035 1084 1315 1084 1073 1165 1280 1234 1188 1636 1652 1046 1055 1105 1498 1149 1177 1883 2380 1106 1363 1136 1417 1083 1130 1101 1089 1047 1238 1064 1368 1033 1038 1132 1203 1156 1183 1183 1317 1361 1303 1611 1408 1120 1186 1209 1504 1253 1276 1761 1732 
99 50.994930 2147483647 64 1074 1069 1046 1085 1056 1054 1046 1054 1029 1022 1020 1138 1028 1035 1084 1315 1084 1073 1165 1280 1234 1188 1636 1652 1046 1055 1105 1498 1149 1177 1883 2380 1106 1363 1136 1417 1083 1130 1101 1089 1047 1238 1064 1368 1033 1038 1132 1203 1156 1183 1183 1317 1361 1303 1611 1408 1120 1186 1209 1504 1253 1276 1761 1732 
