#query #bsf #th #total_pqs #per_pq_size
0 0.000000 2147483647 1 2 
1 0.011769 2147483647 2 3 3 
2 0.047113 2147483647 2 5 5 
3 0.106084 2147483647 2 5 5 
4 1.191736 2147483647 6 11 15 63 21 74 29 
5 1.293572 2147483647 8 16 21 73 29 85 36 3 3 
6 1.419079 2147483647 10 22 5 28 5 82 34 94 52 3 3 
7 1.568268 2147483647 10 25 6 32 7 92 47 110 69 7 7 
8 1.741142 2147483647 12 36 11 44 15 105 61 122 88 11 3 11 3 
9 1.937692 2147483647 14 41 19 53 25 123 76 142 109 3 3 13 3 15 3 
10 2.157901 2147483647 14 53 30 63 34 149 91 168 128 5 5 21 7 26 7 
11 2.401741 2147483647 14 66 49 77 58 187 108 203 150 7 7 29 14 34 17 
12 2.669174 2147483647 16 81 59 95 72 219 137 237 182 13 3 13 3 37 22 45 30 
13 5.299009 2147483647 28 19 8 19 11 53 43 84 68 357 310 349 313 523 388 509 479 13 3 13 3 134 108 130 114 216 171 233 232 
14 5.600324 2147483647 30 27 19 27 25 73 59 112 92 388 336 371 334 552 417 533 504 3 3 21 7 21 7 150 126 144 134 246 190 260 259 
15 5.924960 2147483647 32 39 29 38 46 109 79 151 118 422 365 400 359 578 447 551 532 9 3 9 3 29 17 29 18 173 147 164 154 273 212 285 285 
16 6.272838 2147483647 32 54 43 53 65 143 110 191 161 448 391 427 382 618 468 585 552 17 7 17 7 40 27 41 30 195 164 184 171 302 233 311 315 
17 6.643879 2147483647 33 86 61 83 88 172 163 226 219 477 426 453 413 659 492 618 571 2 27 13 27 13 55 36 59 44 221 188 206 190 331 261 335 347 
18 7.037986 2147483647 33 132 91 127 124 203 206 261 266 511 456 482 442 732 531 680 601 6 35 25 35 27 79 55 89 65 258 217 238 219 368 285 367 379 
19 7.455059 2147483647 33 175 141 166 183 229 235 293 297 553 490 522 467 819 593 777 663 9 51 36 51 39 97 83 114 97 288 245 260 240 409 306 401 407 
20 7.894982 2147483647 33 210 179 194 227 259 269 325 337 615 530 574 503 898 668 867 787 12 74 51 74 56 113 108 134 131 323 271 286 264 466 345 453 450 
21 8.357635 2147483647 33 238 226 218 279 289 300 358 366 698 589 652 557 997 754 971 918 14 99 79 98 87 142 131 160 159 365 302 323 288 519 394 512 509 
22 8.842889 2147483647 33 280 255 254 311 326 333 398 403 785 673 729 634 1119 844 1101 1036 16 121 107 115 116 172 159 189 188 418 347 365 326 581 444 586 580 
23 9.350602 2147483647 33 312 294 280 349 365 371 444 445 872 763 809 727 1266 958 1253 1197 19 154 134 145 147 202 187 223 219 486 395 427 368 664 513 675 677 
24 9.880629 2147483647 33 348 323 317 382 412 415 495 488 985 844 910 812 1398 1078 1374 1370 21 187 165 175 177 236 218 255 250 549 459 481 425 768 589 784 790 
25 10.432808 2147483647 33 390 363 354 426 490 475 574 537 1131 960 1028 935 1503 1178 1468 1492 22 225 202 204 215 275 248 293 283 620 526 543 493 880 677 903 928 
26 11.006982 2147483647 33 439 404 405 475 587 560 681 637 1258 1089 1129 1059 1603 1260 1550 1591 23 265 236 237 248 327 291 343 321 717 601 627 568 990 775 1014 1084 
27 11.602969 2147483647 33 526 466 483 538 682 662 776 758 1361 1191 1208 1158 1688 1335 1621 1667 23 306 277 276 286 398 347 409 374 815 694 712 654 1095 851 1118 1228 
28 12.220592 2147483647 33 646 565 589 652 805 769 903 887 1468 1284 1304 1244 1789 1405 1708 1727 23 368 325 334 328 469 423 478 453 924 794 792 752 1213 922 1222 1358 
29 12.859661 2147483647 33 774 681 698 771 947 906 1052 1051 1551 1362 1370 1310 1912 1494 1815 1822 23 437 398 404 394 557 497 571 543 1039 869 875 827 1312 1005 1312 1481 
30 13.519979 2147483647 33 936 814 825 903 1050 1040 1162 1196 1642 1450 1448 1381 2045 1589 1930 1911 23 521 481 486 471 646 597 672 650 1151 960 953 901 1429 1080 1422 1592 
31 14.201343 2147483647 33 1108 984 964 1065 1149 1135 1259 1305 1754 1544 1546 1467 2211 1719 2081 2043 26 621 570 575 562 743 687 764 762 1266 1041 1032 967 1560 1174 1548 1725 
32 14.903532 2147483647 37 14 8 28 11 1237 1121 1063 1198 1223 1222 1336 1387 1894 1654 1661 1567 2383 1864 2231 2190 31 731 682 671 675 833 774 855 854 1392 1133 1129 1040 1714 1288 1696 1894 
33 15.626337 2147483647 43 3 3 47 40 77 70 1346 1226 1157 1308 1308 1304 1426 1465 2063 1797 1807 1708 2542 2002 2369 2319 36 11 5 11 5 841 786 766 786 926 852 941 939 1543 1240 1242 1135 1887 1421 1873 2083 
34 16.369530 2147483647 47 16 9 17 15 100 91 149 137 1429 1313 1228 1395 1421 1404 1549 1567 2247 1962 1959 1853 2702 2131 2494 2436 40 3 3 29 22 33 27 956 893 856 882 1026 931 1036 1011 1698 1376 1376 1251 2052 1555 2029 2268 
35 17.132874 2147483647 49 39 32 43 52 185 179 245 275 1525 1392 1314 1480 1564 1531 1696 1703 2415 2117 2101 1989 2812 2225 2579 2519 41 17 9 17 9 60 51 71 65 1067 1005 936 980 1145 1031 1145 1106 1867 1519 1512 1380 2209 1678 2172 2442 
36 17.916134 2147483647 53 10 6 15 9 94 81 103 111 260 257 321 380 1659 1511 1428 1606 1733 1701 1869 1883 2595 2255 2220 2112 2903 2295 2647 2574 42 37 27 37 28 99 93 124 120 1191 1115 1048 1080 1288 1163 1281 1227 2031 1653 1639 1502 2351 1774 2291 2585 
37 18.719063 2147483647 59 3 3 32 32 53 71 169 156 172 202 314 319 377 452 1848 1670 1589 1764 1891 1873 2033 2047 2706 2364 2305 2199 2974 2347 2699 2612 43 13 8 14 8 67 56 70 62 148 139 174 183 1337 1239 1172 1191 1437 1301 1428 1363 2192 1786 1753 1614 2483 1855 2392 2695 
38 19.541410 2147483647 62 21 12 18 17 84 81 127 148 227 232 231 282 348 361 411 497 2066 1884 1761 1956 2042 2013 2178 2189 2801 2440 2374 2264 3066 2417 2780 2668 47 5 37 27 37 30 105 96 106 110 195 190 224 231 1504 1390 1316 1328 1577 1427 1567 1506 2343 1890 1847 1702 2610 1929 2492 2793 
39 20.382917 2147483647 64 58 42 50 60 168 175 229 306 272 285 272 342 396 402 471 544 2273 2085 1925 2141 2156 2133 2280 2293 2876 2511 2439 2318 3172 2492 2862 2727 63 14 21 14 69 59 73 75 143 138 144 159 235 228 263 271 1682 1558 1460 1482 1703 1546 1691 1633 2482 1991 1940 1774 2749 2017 2602 2894 
40 21.243322 2147483647 64 168 131 125 171 233 260 304 432 296 315 296 377 490 480 587 630 2468 2254 2067 2296 2235 2211 2357 2366 2978 2587 2525 2390 3269 2560 2939 2782 92 39 49 42 112 106 124 146 178 179 181 208 284 267 307 314 1852 1710 1596 1627 1825 1648 1793 1730 2644 2103 2056 1845 2899 2112 2721 2997 
41 22.122356 2147483647 64 329 259 210 315 283 317 359 517 344 350 345 430 660 634 789 867 2583 2375 2155 2404 2301 2283 2428 2427 3101 2676 2616 2463 3349 2614 2990 2826 134 79 87 91 149 154 174 208 220 214 219 244 367 330 388 379 2012 1849 1719 1757 1949 1748 1896 1810 2809 2222 2178 1931 3033 2194 2828 3095 
42 23.019749 2147483647 64 464 387 275 442 308 348 395 572 446 432 453 536 907 853 1045 1142 2662 2460 2220 2486 2392 2370 2519 2508 3220 2771 2696 2533 3396 2649 3025 2856 187 137 127 155 184 197 223 267 276 265 274 285 464 428 498 501 2172 1974 1833 1864 2103 1861 2020 1892 2980 2349 2294 2022 3135 2260 2916 3176 
43 23.935230 2147483647 64 572 472 315 522 378 406 475 655 621 588 619 719 1145 1079 1281 1465 2737 2533 2290 2561 2506 2471 2616 2593 3322 2838 2754 2580 3430 2677 3051 2879 243 195 171 220 229 240 272 309 362 344 358 364 596 557 654 669 2351 2110 1965 1978 2252 1988 2143 1988 3123 2453 2379 2099 3209 2307 2972 3239 
44 24.868502 2147483647 64 642 526 357 575 521 534 640 860 849 820 832 964 1308 1261 1452 1674 2844 2640 2387 2668 2609 2562 2695 2663 3386 2884 2793 2612 3457 2696 3069 2892 288 243 207 277 307 304 351 378 476 451 473 474 750 699 817 841 2552 2277 2119 2108 2383 2093 2247 2074 3226 2513 2438 2145 3280 2340 3027 3290 
45 25.819288 2147483647 64 760 620 454 691 756 770 911 1177 1074 1041 1015 1180 1419 1374 1567 1807 2994 2762 2500 2772 2674 2624 2750 2710 3424 2916 2820 2637 3481 2713 3085 2901 344 293 258 331 412 407 460 492 605 584 603 618 883 824 953 984 2744 2437 2267 2234 2481 2163 2316 2138 3298 2558 2481 2181 3373 2391 3092 3347 
46 26.787302 2147483647 64 1020 796 642 896 1017 1034 1176 1533 1220 1189 1132 1335 1521 1461 1687 1894 3150 2869 2593 2861 2720 2660 2784 2740 3455 2943 2847 2657 3499 2723 3094 2905 442 378 349 419 537 548 597 668 738 721 724 763 1007 935 1063 1092 2903 2569 2375 2333 2542 2216 2361 2182 3391 2614 2541 2219 3476 2451 3167 3405 
47 27.772238 2147483647 64 1502 1137 912 1264 1199 1231 1365 1798 1299 1275 1205 1430 1695 1617 1887 2067 3240 2944 2652 2921 2749 2688 2809 2761 3485 2966 2870 2671 3506 2726 3096 2905 578 505 475 547 678 696 752 855 865 847 835 885 1157 1053 1193 1191 3030 2657 2450 2397 2614 2268 2419 2221 3517 2698 2626 2274 3564 2492 3218 3450 
48 28.773808 2147483647 64 2071 1513 1178 1621 1298 1345 1476 1949 1400 1367 1311 1540 1967 1849 2166 2318 3301 2990 2689 2957 2778 2715 2835 2781 3507 2986 2884 2681 3507 2726 3096 2905 764 675 630 722 812 827 902 1023 990 955 949 986 1313 1184 1348 1334 3124 2714 2506 2443 2718 2340 2498 2276 3644 2786 2702 2330 3610 2510 3249 3475 
49 29.791714 2147483647 64 2470 1791 1336 1871 1389 1437 1593 2077 1587 1532 1486 1727 2248 2111 2441 2590 3346 3020 2720 2984 2807 2738 2856 2793 3518 2991 2889 2683 3507 2726 3096 2905 939 868 771 909 929 942 1018 1152 1133 1098 1083 1110 1475 1336 1518 1506 3243 2800 2594 2515 2830 2425 2588 2337 3731 2842 2748 2358 3630 2516 3264 3495 
50 30.825649 2147483647 64 2692 1951 1418 2014 1567 1615 1811 2310 1880 1794 1735 1995 2463 2310 2634 2783 3387 3050 2750 3012 2818 2748 2861 2796 3518 2992 2889 2683 3507 2726 3096 2905 1102 1028 900 1082 1081 1091 1173 1293 1308 1256 1238 1249 1644 1495 1698 1694 3401 2911 2705 2605 2908 2481 2636 2369 3777 2866 2765 2369 3652 2522 3286 3512 
51 31.875301 2147483647 64 2916 2108 1558 2169 1886 1903 2144 2661 2184 2058 1970 2245 2595 2427 2754 2894 3416 3079 2773 3033 2820 2749 2862 2796 3518 2992 2889 2683 3507 2726 3096 2905 1246 1171 1030 1218 1256 1250 1340 1455 1472 1404 1380 1404 1813 1635 1853 1833 3543 3030 2804 2676 2937 2500 2650 2380 3797 2871 2772 2373 3685 2541 3316 3535 
52 32.940369 2147483647 64 3323 2361 1799 2454 2202 2193 2447 2988 2390 2239 2129 2410 2686 2509 2851 2968 3431 3090 2783 3039 2820 2749 2862 2796 3518 2992 2889 2683 3507 2726 3096 2905 1417 1336 1184 1378 1420 1409 1502 1647 1629 1564 1528 1564 1989 1778 2005 1954 3635 3099 2859 2718 2942 2502 2655 2385 3825 2882 2789 2386 3725 2556 3345 3556 
53 34.020546 2147483647 64 4012 2775 2137 2845 2411 2396 2635 3202 2489 2339 2201 2504 2813 2626 2984 3076 3433 3092 2783 3040 2820 2749 2862 2796 3518 2992 2889 2683 3507 2726 3096 2905 1630 1528 1357 1559 1580 1573 1677 1835 1801 1719 1677 1722 2185 1929 2157 2061 3671 3116 2869 2726 2955 2513 2667 2396 3864 2903 2811 2400 3749 2562 3362 3568 
54 35.115501 2147483647 64 4826 3242 2459 3206 2522 2497 2738 3323 2576 2418 2281 2597 2988 2763 3128 3200 3436 3093 2783 3040 2820 2749 2862 2796 3518 2992 2889 2683 3507 2726 3096 2905 1902 1747 1551 1768 1748 1743 1860 2028 1979 1876 1841 1862 2328 2039 2265 2147 3690 3120 2875 2730 2988 2534 2692 2409 3908 2928 2831 2412 3768 2573 3378 3583 
55 349.142212 2147483647 64 8596 4877 3571 4450 3325 3190 3488 4047 3291 3005 2825 3118 3372 3053 3416 3433 3442 3093 2783 3040 2820 2749 2862 2796 3518 2992 2889 2683 3507 2726 3096 2905 3828 3369 2934 3249 2843 2745 2884 2897 2987 2747 2639 2521 2986 2508 2775 2524 3999 3244 2981 2823 3066 2568 2742 2452 4158 2987 2886 2450 3952 2619 3516 3693 
56 348.810150 2147483647 64 8596 4877 3571 4450 3325 3190 3488 4047 3291 3005 2825 3118 3372 3053 3416 3433 3442 3093 2783 3040 2820 2749 2862 2796 3518 2992 2889 2683 3507 2726 3096 2905 3828 3369 2934 3249 2843 2745 2884 2897 2987 2747 2639 2521 2986 2508 2775 2524 3999 3244 2981 2823 3066 2568 2742 2452 4158 2987 2886 2450 3952 2619 3516 3693 
57 348.485657 2147483647 64 8596 4877 3571 4450 3325 3190 3488 4047 3291 3005 2825 3118 3372 3053 3416 3433 3442 3093 2783 3040 2820 2749 2862 2796 3518 2992 2889 2683 3507 2726 3096 2905 3828 3369 2934 3249 2843 2745 2884 2897 2987 2747 2639 2521 2986 2508 2775 2524 3999 3244 2981 2823 3066 2568 2742 2452 4158 2987 2886 2450 3952 2619 3516 3693 
58 348.168579 2147483647 64 8596 4877 3571 4450 3325 3190 3488 4047 3291 3005 2825 3118 3372 3053 3416 3433 3442 3093 2783 3040 2820 2749 2862 2796 3518 2992 2889 2683 3507 2726 3096 2905 3828 3369 2934 3249 2843 2745 2884 2897 2987 2747 2639 2521 2986 2508 2775 2524 3999 3244 2981 2823 3066 2568 2742 2452 4158 2987 2886 2450 3952 2619 3516 3693 
59 347.858948 2147483647 64 8596 4877 3571 4450 3325 3190 3488 4047 3291 3005 2825 3118 3372 3053 3416 3433 3442 3093 2783 3040 2820 2749 2862 2796 3518 2992 2889 2683 3507 2726 3096 2905 3828 3369 2934 3249 2843 2745 2884 2897 2987 2747 2639 2521 2986 2508 2775 2524 3999 3244 2981 2823 3066 2568 2742 2452 4158 2987 2886 2450 3952 2619 3516 3693 
60 347.556854 2147483647 64 8596 4877 3571 4450 3325 3190 3488 4047 3291 3005 2825 3118 3372 3053 3416 3433 3442 3093 2783 3040 2820 2749 2862 2796 3518 2992 2889 2683 3507 2726 3096 2905 3828 3369 2934 3249 2843 2745 2884 2897 2987 2747 2639 2521 2986 2508 2775 2524 3999 3244 2981 2823 3066 2568 2742 2452 4158 2987 2886 2450 3952 2619 3516 3693 
61 347.261993 2147483647 64 8596 4877 3571 4450 3325 3190 3488 4047 3291 3005 2825 3118 3372 3053 3416 3433 3442 3093 2783 3040 2820 2749 2862 2796 3518 2992 2889 2683 3507 2726 3096 2905 3828 3369 2934 3249 2843 2745 2884 2897 2987 2747 2639 2521 2986 2508 2775 2524 3999 3244 2981 2823 3066 2568 2742 2452 4158 2987 2886 2450 3952 2619 3516 3693 
62 346.974487 2147483647 64 8596 4877 3571 4450 3325 3190 3488 4047 3291 3005 2825 3118 3372 3053 3416 3433 3442 3093 2783 3040 2820 2749 2862 2796 3518 2992 2889 2683 3507 2726 3096 2905 3828 3369 2934 3249 2843 2745 2884 2897 2987 2747 2639 2521 2986 2508 2775 2524 3999 3244 2981 2823 3066 2568 2742 2452 4158 2987 2886 2450 3952 2619 3516 3693 
63 346.694275 2147483647 64 8596 4877 3571 4450 3325 3190 3488 4047 3291 3005 2825 3118 3372 3053 3416 3433 3442 3093 2783 3040 2820 2749 2862 2796 3518 2992 2889 2683 3507 2726 3096 2905 3828 3369 2934 3249 2843 2745 2884 2897 2987 2747 2639 2521 2986 2508 2775 2524 3999 3244 2981 2823 3066 2568 2742 2452 4158 2987 2886 2450 3952 2619 3516 3693 
64 346.421204 2147483647 64 8596 4877 3571 4450 3325 3190 3488 4047 3291 3005 2825 3118 3372 3053 3416 3433 3442 3093 2783 3040 2820 2749 2862 2796 3518 2992 2889 2683 3507 2726 3096 2905 3828 3369 2934 3249 2843 2745 2884 2897 2987 2747 2639 2521 2986 2508 2775 2524 3999 3244 2981 2823 3066 2568 2742 2452 4158 2987 2886 2450 3952 2619 3516 3693 
65 346.155334 2147483647 64 8596 4877 3571 4450 3325 3190 3488 4047 3291 3005 2825 3118 3372 3053 3416 3433 3442 3093 2783 3040 2820 2749 2862 2796 3518 2992 2889 2683 3507 2726 3096 2905 3828 3369 2934 3249 2843 2745 2884 2897 2987 2747 2639 2521 2986 2508 2775 2524 3999 3244 2981 2823 3066 2568 2742 2452 4158 2987 2886 2450 3952 2619 3516 3693 
66 345.896515 2147483647 64 8596 4877 3571 4450 3325 3190 3488 4047 3291 3005 2825 3118 3372 3053 3416 3433 3442 3093 2783 3040 2820 2749 2862 2796 3518 2992 2889 2683 3507 2726 3096 2905 3828 3369 2934 3249 2843 2745 2884 2897 2987 2747 2639 2521 2986 2508 2775 2524 3999 3244 2981 2823 3066 2568 2742 2452 4158 2987 2886 2450 3952 2619 3516 3693 
67 345.644684 2147483647 64 8596 4877 3571 4450 3325 3190 3488 4047 3291 3005 2825 3118 3372 3053 3416 3433 3442 3093 2783 3040 2820 2749 2862 2796 3518 2992 2889 2683 3507 2726 3096 2905 3828 3369 2934 3249 2843 2745 2884 2897 2987 2747 2639 2521 2986 2508 2775 2524 3999 3244 2981 2823 3066 2568 2742 2452 4158 2987 2886 2450 3952 2619 3516 3693 
68 345.399933 2147483647 64 8596 4877 3571 4450 3325 3190 3488 4047 3291 3005 2825 3118 3372 3053 3416 3433 3442 3093 2783 3040 2820 2749 2862 2796 3518 2992 2889 2683 3507 2726 3096 2905 3828 3369 2934 3249 2843 2745 2884 2897 2987 2747 2639 2521 2986 2508 2775 2524 3999 3244 2981 2823 3066 2568 2742 2452 4158 2987 2886 2450 3952 2619 3516 3693 
69 345.161957 2147483647 64 8596 4877 3571 4450 3325 3190 3488 4047 3291 3005 2825 3118 3372 3053 3416 3433 3442 3093 2783 3040 2820 2749 2862 2796 3518 2992 2889 2683 3507 2726 3096 2905 3828 3369 2934 3249 2843 2745 2884 2897 2987 2747 2639 2521 2986 2508 2775 2524 3999 3244 2981 2823 3066 2568 2742 2452 4158 2987 2886 2450 3952 2619 3516 3693 
70 344.930878 2147483647 64 8596 4877 3571 4450 3325 3190 3488 4047 3291 3005 2825 3118 3372 3053 3416 3433 3442 3093 2783 3040 2820 2749 2862 2796 3518 2992 2889 2683 3507 2726 3096 2905 3828 3369 2934 3249 2843 2745 2884 2897 2987 2747 2639 2521 2986 2508 2775 2524 3999 3244 2981 2823 3066 2568 2742 2452 4158 2987 2886 2450 3952 2619 3516 3693 
71 344.706573 2147483647 64 8596 4877 3571 4450 3325 3190 3488 4047 3291 3005 2825 3118 3372 3053 3416 3433 3442 3093 2783 3040 2820 2749 2862 2796 3518 2992 2889 2683 3507 2726 3096 2905 3828 3369 2934 3249 2843 2745 2884 2897 2987 2747 2639 2521 2986 2508 2775 2524 3999 3244 2981 2823 3066 2568 2742 2452 4158 2987 2886 2450 3952 2619 3516 3693 
72 344.488983 2147483647 64 8596 4877 3571 4450 3325 3190 3488 4047 3291 3005 2825 3118 3372 3053 3416 3433 3442 3093 2783 3040 2820 2749 2862 2796 3518 2992 2889 2683 3507 2726 3096 2905 3828 3369 2934 3249 2843 2745 2884 2897 2987 2747 2639 2521 2986 2508 2775 2524 3999 3244 2981 2823 3066 2568 2742 2452 4158 2987 2886 2450 3952 2619 3516 3693 
73 344.277924 2147483647 64 8596 4877 3571 4450 3325 3190 3488 4047 3291 3005 2825 3118 3372 3053 3416 3433 3442 3093 2783 3040 2820 2749 2862 2796 3518 2992 2889 2683 3507 2726 3096 2905 3828 3369 2934 3249 2843 2745 2884 2897 2987 2747 2639 2521 2986 2508 2775 2524 3999 3244 2981 2823 3066 2568 2742 2452 4158 2987 2886 2450 3952 2619 3516 3693 
74 344.073578 2147483647 64 8596 4877 3571 4450 3325 3190 3488 4047 3291 3005 2825 3118 3372 3053 3416 3433 3442 3093 2783 3040 2820 2749 2862 2796 3518 2992 2889 2683 3507 2726 3096 2905 3828 3369 2934 3249 2843 2745 2884 2897 2987 2747 2639 2521 2986 2508 2775 2524 3999 3244 2981 2823 3066 2568 2742 2452 4158 2987 2886 2450 3952 2619 3516 3693 
75 343.875641 2147483647 64 8596 4877 3571 4450 3325 3190 3488 4047 3291 3005 2825 3118 3372 3053 3416 3433 3442 3093 2783 3040 2820 2749 2862 2796 3518 2992 2889 2683 3507 2726 3096 2905 3828 3369 2934 3249 2843 2745 2884 2897 2987 2747 2639 2521 2986 2508 2775 2524 3999 3244 2981 2823 3066 2568 2742 2452 4158 2987 2886 2450 3952 2619 3516 3693 
76 343.684082 2147483647 64 8596 4877 3571 4450 3325 3190 3488 4047 3291 3005 2825 3118 3372 3053 3416 3433 3442 3093 2783 3040 2820 2749 2862 2796 3518 2992 2889 2683 3507 2726 3096 2905 3828 3369 2934 3249 2843 2745 2884 2897 2987 2747 2639 2521 2986 2508 2775 2524 3999 3244 2981 2823 3066 2568 2742 2452 4158 2987 2886 2450 3952 2619 3516 3693 
77 343.498993 2147483647 64 8596 4877 3571 4450 3325 3190 3488 4047 3291 3005 2825 3118 3372 3053 3416 3433 3442 3093 2783 3040 2820 2749 2862 2796 3518 2992 2889 2683 3507 2726 3096 2905 3828 3369 2934 3249 2843 2745 2884 2897 2987 2747 2639 2521 2986 2508 2775 2524 3999 3244 2981 2823 3066 2568 2742 2452 4158 2987 2886 2450 3952 2619 3516 3693 
78 343.320160 2147483647 64 8596 4877 3571 4450 3325 3190 3488 4047 3291 3005 2825 3118 3372 3053 3416 3433 3442 3093 2783 3040 2820 2749 2862 2796 3518 2992 2889 2683 3507 2726 3096 2905 3828 3369 2934 3249 2843 2745 2884 2897 2987 2747 2639 2521 2986 2508 2775 2524 3999 3244 2981 2823 3066 2568 2742 2452 4158 2987 2886 2450 3952 2619 3516 3693 
79 343.147552 2147483647 64 8596 4877 3571 4450 3325 3190 3488 4047 3291 3005 2825 3118 3372 3053 3416 3433 3442 3093 2783 3040 2820 2749 2862 2796 3518 2992 2889 2683 3507 2726 3096 2905 3828 3369 2934 3249 2843 2745 2884 2897 2987 2747 2639 2521 2986 2508 2775 2524 3999 3244 2981 2823 3066 2568 2742 2452 4158 2987 2886 2450 3952 2619 3516 3693 
80 342.980988 2147483647 64 8596 4877 3571 4450 3325 3190 3488 4047 3291 3005 2825 3118 3372 3053 3416 3433 3442 3093 2783 3040 2820 2749 2862 2796 3518 2992 2889 2683 3507 2726 3096 2905 3828 3369 2934 3249 2843 2745 2884 2897 2987 2747 2639 2521 2986 2508 2775 2524 3999 3244 2981 2823 3066 2568 2742 2452 4158 2987 2886 2450 3952 2619 3516 3693 
81 342.820679 2147483647 64 8596 4877 3571 4450 3325 3190 3488 4047 3291 3005 2825 3118 3372 3053 3416 3433 3442 3093 2783 3040 2820 2749 2862 2796 3518 2992 2889 2683 3507 2726 3096 2905 3828 3369 2934 3249 2843 2745 2884 2897 2987 2747 2639 2521 2986 2508 2775 2524 3999 3244 2981 2823 3066 2568 2742 2452 4158 2987 2886 2450 3952 2619 3516 3693 
82 342.666229 2147483647 64 8596 4877 3571 4450 3325 3190 3488 4047 3291 3005 2825 3118 3372 3053 3416 3433 3442 3093 2783 3040 2820 2749 2862 2796 3518 2992 2889 2683 3507 2726 3096 2905 3828 3369 2934 3249 2843 2745 2884 2897 2987 2747 2639 2521 2986 2508 2775 2524 3999 3244 2981 2823 3066 2568 2742 2452 4158 2987 2886 2450 3952 2619 3516 3693 
83 342.517670 2147483647 64 8596 4877 3571 4450 3325 3190 3488 4047 3291 3005 2825 3118 3372 3053 3416 3433 3442 3093 2783 3040 2820 2749 2862 2796 3518 2992 2889 2683 3507 2726 3096 2905 3828 3369 2934 3249 2843 2745 2884 2897 2987 2747 2639 2521 2986 2508 2775 2524 3999 3244 2981 2823 3066 2568 2742 2452 4158 2987 2886 2450 3952 2619 3516 3693 
84 342.374939 2147483647 64 8596 4877 3571 4450 3325 3190 3488 4047 3291 3005 2825 3118 3372 3053 3416 3433 3442 3093 2783 3040 2820 2749 2862 2796 3518 2992 2889 2683 3507 2726 3096 2905 3828 3369 2934 3249 2843 2745 2884 2897 2987 2747 2639 2521 2986 2508 2775 2524 3999 3244 2981 2823 3066 2568 2742 2452 4158 2987 2886 2450 3952 2619 3516 3693 
85 342.238098 2147483647 64 8596 4877 3571 4450 3325 3190 3488 4047 3291 3005 2825 3118 3372 3053 3416 3433 3442 3093 2783 3040 2820 2749 2862 2796 3518 2992 2889 2683 3507 2726 3096 2905 3828 3369 2934 3249 2843 2745 2884 2897 2987 2747 2639 2521 2986 2508 2775 2524 3999 3244 2981 2823 3066 2568 2742 2452 4158 2987 2886 2450 3952 2619 3516 3693 
86 342.106873 2147483647 64 8596 4877 3571 4450 3325 3190 3488 4047 3291 3005 2825 3118 3372 3053 3416 3433 3442 3093 2783 3040 2820 2749 2862 2796 3518 2992 2889 2683 3507 2726 3096 2905 3828 3369 2934 3249 2843 2745 2884 2897 2987 2747 2639 2521 2986 2508 2775 2524 3999 3244 2981 2823 3066 2568 2742 2452 4158 2987 2886 2450 3952 2619 3516 3693 
87 341.981140 2147483647 64 8596 4877 3571 4450 3325 3190 3488 4047 3291 3005 2825 3118 3372 3053 3416 3433 3442 3093 2783 3040 2820 2749 2862 2796 3518 2992 2889 2683 3507 2726 3096 2905 3828 3369 2934 3249 2843 2745 2884 2897 2987 2747 2639 2521 2986 2508 2775 2524 3999 3244 2981 2823 3066 2568 2742 2452 4158 2987 2886 2450 3952 2619 3516 3693 
88 341.861115 2147483647 64 8596 4877 3571 4450 3325 3190 3488 4047 3291 3005 2825 3118 3372 3053 3416 3433 3442 3093 2783 3040 2820 2749 2862 2796 3518 2992 2889 2683 3507 2726 3096 2905 3828 3369 2934 3249 2843 2745 2884 2897 2987 2747 2639 2521 2986 2508 2775 2524 3999 3244 2981 2823 3066 2568 2742 2452 4158 2987 2886 2450 3952 2619 3516 3693 
89 341.746521 2147483647 64 8596 4877 3571 4450 3325 3190 3488 4047 3291 3005 2825 3118 3372 3053 3416 3433 3442 3093 2783 3040 2820 2749 2862 2796 3518 2992 2889 2683 3507 2726 3096 2905 3828 3369 2934 3249 2843 2745 2884 2897 2987 2747 2639 2521 2986 2508 2775 2524 3999 3244 2981 2823 3066 2568 2742 2452 4158 2987 2886 2450 3952 2619 3516 3693 
90 341.637207 2147483647 64 8596 4877 3571 4450 3325 3190 3488 4047 3291 3005 2825 3118 3372 3053 3416 3433 3442 3093 2783 3040 2820 2749 2862 2796 3518 2992 2889 2683 3507 2726 3096 2905 3828 3369 2934 3249 2843 2745 2884 2897 2987 2747 2639 2521 2986 2508 2775 2524 3999 3244 2981 2823 3066 2568 2742 2452 4158 2987 2886 2450 3952 2619 3516 3693 
91 341.533264 2147483647 64 8596 4877 3571 4450 3325 3190 3488 4047 3291 3005 2825 3118 3372 3053 3416 3433 3442 3093 2783 3040 2820 2749 2862 2796 3518 2992 2889 2683 3507 2726 3096 2905 3828 3369 2934 3249 2843 2745 2884 2897 2987 2747 2639 2521 2986 2508 2775 2524 3999 3244 2981 2823 3066 2568 2742 2452 4158 2987 2886 2450 3952 2619 3516 3693 
92 341.434631 2147483647 64 8596 4877 3571 4450 3325 3190 3488 4047 3291 3005 2825 3118 3372 3053 3416 3433 3442 3093 2783 3040 2820 2749 2862 2796 3518 2992 2889 2683 3507 2726 3096 2905 3828 3369 2934 3249 2843 2745 2884 2897 2987 2747 2639 2521 2986 2508 2775 2524 3999 3244 2981 2823 3066 2568 2742 2452 4158 2987 2886 2450 3952 2619 3516 3693 
93 341.341003 2147483647 64 8596 4877 3571 4450 3325 3190 3488 4047 3291 3005 2825 3118 3372 3053 3416 3433 3442 3093 2783 3040 2820 2749 2862 2796 3518 2992 2889 2683 3507 2726 3096 2905 3828 3369 2934 3249 2843 2745 2884 2897 2987 2747 2639 2521 2986 2508 2775 2524 3999 3244 2981 2823 3066 2568 2742 2452 4158 2987 2886 2450 3952 2619 3516 3693 
94 341.252563 2147483647 64 8596 4877 3571 4450 3325 3190 3488 4047 3291 3005 2825 3118 3372 3053 3416 3433 3442 3093 2783 3040 2820 2749 2862 2796 3518 2992 2889 2683 3507 2726 3096 2905 3828 3369 2934 3249 2843 2745 2884 2897 2987 2747 2639 2521 2986 2508 2775 2524 3999 3244 2981 2823 3066 2568 2742 2452 4158 2987 2886 2450 3952 2619 3516 3693 
95 341.169037 2147483647 64 8596 4877 3571 4450 3325 3190 3488 4047 3291 3005 2825 3118 3372 3053 3416 3433 3442 3093 2783 3040 2820 2749 2862 2796 3518 2992 2889 2683 3507 2726 3096 2905 3828 3369 2934 3249 2843 2745 2884 2897 2987 2747 2639 2521 2986 2508 2775 2524 3999 3244 2981 2823 3066 2568 2742 2452 4158 2987 2886 2450 3952 2619 3516 3693 
96 341.090454 2147483647 64 8596 4877 3571 4450 3325 3190 3488 4047 3291 3005 2825 3118 3372 3053 3416 3433 3442 3093 2783 3040 2820 2749 2862 2796 3518 2992 2889 2683 3507 2726 3096 2905 3828 3369 2934 3249 2843 2745 2884 2897 2987 2747 2639 2521 2986 2508 2775 2524 3999 3244 2981 2823 3066 2568 2742 2452 4158 2987 2886 2450 3952 2619 3516 3693 
97 341.016754 2147483647 64 8596 4877 3571 4450 3325 3190 3488 4047 3291 3005 2825 3118 3372 3053 3416 3433 3442 3093 2783 3040 2820 2749 2862 2796 3518 2992 2889 2683 3507 2726 3096 2905 3828 3369 2934 3249 2843 2745 2884 2897 2987 2747 2639 2521 2986 2508 2775 2524 3999 3244 2981 2823 3066 2568 2742 2452 4158 2987 2886 2450 3952 2619 3516 3693 
98 340.947784 2147483647 64 8596 4877 3571 4450 3325 3190 3488 4047 3291 3005 2825 3118 3372 3053 3416 3433 3442 3093 2783 3040 2820 2749 2862 2796 3518 2992 2889 2683 3507 2726 3096 2905 3828 3369 2934 3249 2843 2745 2884 2897 2987 2747 2639 2521 2986 2508 2775 2524 3999 3244 2981 2823 3066 2568 2742 2452 4158 2987 2886 2450 3952 2619 3516 3693 
99 340.883484 2147483647 64 8596 4877 3571 4450 3325 3190 3488 4047 3291 3005 2825 3118 3372 3053 3416 3433 3442 3093 2783 3040 2820 2749 2862 2796 3518 2992 2889 2683 3507 2726 3096 2905 3828 3369 2934 3249 2843 2745 2884 2897 2987 2747 2639 2521 2986 2508 2775 2524 3999 3244 2981 2823 3066 2568 2742 2452 4158 2987 2886 2450 3952 2619 3516 3693 
