#query #bsf #th #total_pqs #per_pq_size
0 0.000000 2147483647 1 2 
1 0.003883 2147483647 4 2 2 2 2 
2 0.015523 2147483647 4 2 2 2 2 
3 0.034906 2147483647 4 2 2 2 2 
4 0.062013 2147483647 4 3 3 3 3 
5 0.096824 2147483647 4 4 4 4 6 
6 20.950031 2147483647 64 1074 1069 1046 1085 1056 1054 1046 1054 1029 1022 1020 1138 1028 1035 1084 1315 1084 1073 1165 1280 1234 1188 1637 1650 1046 1055 1105 1497 1149 1177 1883 2380 1106 1364 1136 1418 1083 1130 1101 1089 1047 1239 1064 1367 1034 1038 1134 1203 1156 1183 1183 1317 1362 1302 1611 1408 1120 1185 1208 1504 1253 1276 1761 1728 
7 21.035545 2147483647 64 1074 1069 1046 1085 1056 1054 1046 1054 1029 1022 1020 1138 1028 1035 1084 1315 1084 1073 1165 1280 1234 1188 1637 1650 1046 1055 1105 1497 1149 1177 1883 2380 1106 1364 1136 1418 1083 1130 1101 1089 1047 1239 1064 1367 1034 1038 1134 1203 1156 1183 1183 1317 1362 1302 1611 1408 1120 1185 1208 1504 1253 1276 1761 1728 
8 21.127815 2147483647 64 1074 1069 1046 1085 1056 1054 1046 1054 1029 1022 1020 1138 1028 1035 1084 1315 1084 1073 1165 1280 1234 1188 1637 1650 1046 1055 1105 1497 1149 1177 1883 2380 1106 1364 1136 1418 1083 1130 1101 1089 1047 1239 1064 1367 1034 1038 1134 1203 1156 1183 1183 1317 1362 1302 1611 1408 1120 1185 1208 1504 1253 1276 1761 1728 
9 21.226807 2147483647 64 1074 1069 1046 1085 1056 1054 1046 1054 1029 1022 1020 1138 1028 1035 1084 1315 1084 1073 1165 1280 1234 1188 1637 1650 1046 1055 1105 1497 1149 1177 1883 2380 1106 1364 1136 1418 1083 1130 1101 1089 1047 1239 1064 1367 1034 1038 1134 1203 1156 1183 1183 1317 1362 1302 1611 1408 1120 1185 1208 1504 1253 1276 1761 1728 
10 21.332485 2147483647 64 1074 1069 1046 1085 1056 1054 1046 1054 1029 1022 1020 1138 1028 1035 1084 1315 1084 1073 1165 1280 1234 1188 1637 1650 1046 1055 1105 1497 1149 1177 1883 2380 1106 1364 1136 1418 1083 1130 1101 1089 1047 1239 1064 1367 1034 1038 1134 1203 1156 1183 1183 1317 1362 1302 1611 1408 1120 1185 1208 1504 1253 1276 1761 1728 
11 21.444813 2147483647 64 1074 1069 1046 1085 1056 1054 1046 1054 1029 1022 1020 1138 1028 1035 1084 1315 1084 1073 1165 1280 1234 1188 1637 1650 1046 1055 1105 1497 1149 1177 1883 2380 1106 1364 1136 1418 1083 1130 1101 1089 1047 1239 1064 1367 1034 1038 1134 1203 1156 1183 1183 1317 1362 1302 1611 1408 1120 1185 1208 1504 1253 1276 1761 1728 
12 21.510195 2147483647 64 1074 1069 1046 1085 1056 1054 1046 1054 1029 1022 1020 1138 1028 1035 1084 1315 1084 1073 1165 1280 1234 1188 1637 1650 1046 1055 1105 1497 1149 1177 1883 2380 1106 1364 1136 1418 1083 1130 1101 1089 1047 1239 1064 1367 1034 1038 1134 1203 1156 1183 1183 1317 1362 1302 1611 1408 1120 1185 1208 1504 1253 1276 1761 1728 
13 21.521315 2147483647 64 1074 1069 1046 1085 1056 1054 1046 1054 1029 1022 1020 1138 1028 1035 1084 1315 1084 1073 1165 1280 1234 1188 1637 1650 1046 1055 1105 1497 1149 1177 1883 2380 1106 1364 1136 1418 1083 1130 1101 1089 1047 1239 1064 1367 1034 1038 1134 1203 1156 1183 1183 1317 1362 1302 1611 1408 1120 1185 1208 1504 1253 1276 1761 1728 
14 21.539137 2147483647 64 1074 1069 1046 1085 1056 1054 1046 1054 1029 1022 1020 1138 1028 1035 1084 1315 1084 1073 1165 1280 1234 1188 1637 1650 1046 1055 1105 1497 1149 1177 1883 2380 1106 1364 1136 1418 1083 1130 1101 1089 1047 1239 1064 1367 1034 1038 1134 1203 1156 1183 1183 1317 1362 1302 1611 1408 1120 1185 1208 1504 1253 1276 1761 1728 
15 21.563629 2147483647 64 1074 1069 1046 1085 1056 1054 1046 1054 1029 1022 1020 1138 1028 1035 1084 1315 1084 1073 1165 1280 1234 1188 1637 1650 1046 1055 1105 1497 1149 1177 1883 2380 1106 1364 1136 1418 1083 1130 1101 1089 1047 1239 1064 1367 1034 1038 1134 1203 1156 1183 1183 1317 1362 1302 1611 1408 1120 1185 1208 1504 1253 1276 1761 1728 
16 21.594755 2147483647 64 1074 1069 1046 1085 1056 1054 1046 1054 1029 1022 1020 1138 1028 1035 1084 1315 1084 1073 1165 1280 1234 1188 1637 1650 1046 1055 1105 1497 1149 1177 1883 2380 1106 1364 1136 1418 1083 1130 1101 1089 1047 1239 1064 1367 1034 1038 1134 1203 1156 1183 1183 1317 1362 1302 1611 1408 1120 1185 1208 1504 1253 1276 1761 1728 
17 21.632479 2147483647 64 1074 1069 1046 1085 1056 1054 1046 1054 1029 1022 1020 1138 1028 1035 1084 1315 1084 1073 1165 1280 1234 1188 1637 1650 1046 1055 1105 1497 1149 1177 1883 2380 1106 1364 1136 1418 1083 1130 1101 1089 1047 1239 1064 1367 1034 1038 1134 1203 1156 1183 1183 1317 1362 1302 1611 1408 1120 1185 1208 1504 1253 1276 1761 1728 
18 21.676762 2147483647 64 1074 1069 1046 1085 1056 1054 1046 1054 1029 1022 1020 1138 1028 1035 1084 1315 1084 1073 1165 1280 1234 1188 1637 1650 1046 1055 1105 1497 1149 1177 1883 2380 1106 1364 1136 1418 1083 1130 1101 1089 1047 1239 1064 1367 1034 1038 1134 1203 1156 1183 1183 1317 1362 1302 1611 1408 1120 1185 1208 1504 1253 1276 1761 1728 
19 21.727558 2147483647 64 1074 1069 1046 1085 1056 1054 1046 1054 1029 1022 1020 1138 1028 1035 1084 1315 1084 1073 1165 1280 1234 1188 1637 1650 1046 1055 1105 1497 1149 1177 1883 2380 1106 1364 1136 1418 1083 1130 1101 1089 1047 1239 1064 1367 1034 1038 1134 1203 1156 1183 1183 1317 1362 1302 1611 1408 1120 1185 1208 1504 1253 1276 1761 1728 
20 21.784828 2147483647 64 1074 1069 1046 1085 1056 1054 1046 1054 1029 1022 1020 1138 1028 1035 1084 1315 1084 1073 1165 1280 1234 1188 1637 1650 1046 1055 1105 1497 1149 1177 1883 2380 1106 1364 1136 1418 1083 1130 1101 1089 1047 1239 1064 1367 1034 1038 1134 1203 1156 1183 1183 1317 1362 1302 1611 1408 1120 1185 1208 1504 1253 1276 1761 1728 
21 21.848524 2147483647 64 1074 1069 1046 1085 1056 1054 1046 1054 1029 1022 1020 1138 1028 1035 1084 1315 1084 1073 1165 1280 1234 1188 1637 1650 1046 1055 1105 1497 1149 1177 1883 2380 1106 1364 1136 1418 1083 1130 1101 1089 1047 1239 1064 1367 1034 1038 1134 1203 1156 1183 1183 1317 1362 1302 1611 1408 1120 1185 1208 1504 1253 1276 1761 1728 
22 21.918596 2147483647 64 1074 1069 1046 1085 1056 1054 1046 1054 1029 1022 1020 1138 1028 1035 1084 1315 1084 1073 1165 1280 1234 1188 1637 1650 1046 1055 1105 1497 1149 1177 1883 2380 1106 1364 1136 1418 1083 1130 1101 1089 1047 1239 1064 1367 1034 1038 1134 1203 1156 1183 1183 1317 1362 1302 1611 1408 1120 1185 1208 1504 1253 1276 1761 1728 
23 21.995003 2147483647 64 1074 1069 1046 1085 1056 1054 1046 1054 1029 1022 1020 1138 1028 1035 1084 1315 1084 1073 1165 1280 1234 1188 1637 1650 1046 1055 1105 1497 1149 1177 1883 2380 1106 1364 1136 1418 1083 1130 1101 1089 1047 1239 1064 1367 1034 1038 1134 1203 1156 1183 1183 1317 1362 1302 1611 1408 1120 1185 1208 1504 1253 1276 1761 1728 
24 22.077682 2147483647 64 1074 1069 1046 1085 1056 1054 1046 1054 1029 1022 1020 1138 1028 1035 1084 1315 1084 1073 1165 1280 1234 1188 1637 1650 1046 1055 1105 1497 1149 1177 1883 2380 1106 1364 1136 1418 1083 1130 1101 1089 1047 1239 1064 1367 1034 1038 1134 1203 1156 1183 1183 1317 1362 1302 1611 1408 1120 1185 1208 1504 1253 1276 1761 1728 
25 22.166592 2147483647 64 1074 1069 1046 1085 1056 1054 1046 1054 1029 1022 1020 1138 1028 1035 1084 1315 1084 1073 1165 1280 1234 1188 1637 1650 1046 1055 1105 1497 1149 1177 1883 2380 1106 1364 1136 1418 1083 1130 1101 1089 1047 1239 1064 1367 1034 1038 1134 1203 1156 1183 1183 1317 1362 1303 1611 1408 1120 1185 1208 1504 1253 1276 1761 1728 
26 22.261669 2147483647 64 1074 1069 1046 1085 1056 1054 1046 1054 1029 1022 1020 1138 1028 1035 1084 1315 1084 1073 1165 1280 1234 1188 1637 1650 1046 1055 1105 1497 1149 1177 1883 2380 1106 1364 1136 1418 1083 1130 1101 1089 1047 1239 1064 1367 1034 1038 1134 1203 1156 1183 1183 1317 1362 1303 1611 1408 1120 1185 1208 1504 1253 1276 1761 1728 
27 22.362862 2147483647 64 1074 1069 1046 1085 1056 1054 1046 1054 1029 1022 1020 1138 1028 1035 1084 1315 1084 1073 1165 1280 1234 1188 1637 1650 1046 1055 1105 1497 1149 1177 1883 2380 1106 1364 1136 1418 1083 1130 1101 1089 1047 1239 1064 1367 1034 1038 1134 1203 1156 1183 1183 1317 1362 1303 1611 1408 1120 1185 1208 1504 1253 1276 1761 1728 
28 22.470112 2147483647 64 1074 1069 1046 1085 1056 1054 1046 1054 1029 1022 1020 1138 1028 1035 1084 1315 1084 1073 1165 1280 1234 1188 1637 1650 1046 1055 1105 1497 1149 1177 1883 2380 1106 1364 1136 1418 1083 1130 1101 1089 1047 1239 1064 1367 1034 1038 1134 1203 1156 1183 1183 1317 1362 1303 1611 1408 1120 1185 1208 1504 1253 1276 1761 1728 
29 22.583355 2147483647 64 1074 1069 1046 1085 1056 1054 1046 1054 1029 1022 1020 1138 1028 1035 1084 1315 1084 1073 1165 1280 1234 1188 1637 1650 1046 1055 1105 1497 1149 1177 1883 2380 1106 1364 1136 1418 1083 1130 1101 1089 1047 1239 1064 1367 1034 1038 1134 1203 1156 1183 1183 1317 1362 1303 1611 1408 1120 1185 1208 1504 1253 1276 1761 1728 
30 22.702534 2147483647 64 1074 1069 1046 1085 1056 1054 1046 1054 1029 1022 1020 1138 1028 1035 1084 1315 1084 1073 1165 1280 1234 1188 1637 1650 1046 1055 1105 1497 1149 1177 1883 2380 1106 1364 1136 1418 1083 1130 1101 1089 1047 1239 1064 1367 1034 1038 1134 1203 1156 1183 1183 1317 1362 1303 1611 1408 1120 1185 1208 1504 1253 1276 1761 1728 
31 22.827581 2147483647 64 1074 1069 1046 1085 1056 1054 1046 1054 1029 1022 1020 1138 1028 1035 1084 1315 1084 1073 1165 1280 1234 1188 1637 1650 1046 1055 1105 1497 1149 1177 1883 2380 1106 1364 1136 1418 1083 1130 1101 1089 1047 1239 1064 1367 1034 1038 1134 1203 1156 1183 1183 1317 1362 1303 1611 1408 1120 1185 1208 1504 1253 1276 1761 1728 
32 22.942215 2147483647 64 1074 1069 1046 1085 1056 1054 1046 1054 1029 1022 1020 1138 1028 1035 1084 1315 1084 1073 1165 1280 1234 1188 1637 1650 1046 1055 1105 1497 1149 1177 1883 2380 1106 1364 1136 1418 1083 1130 1101 1089 1047 1239 1064 1367 1034 1038 1134 1203 1156 1183 1183 1317 1362 1303 1611 1408 1120 1185 1208 1504 1253 1276 1761 1728 
33 23.038847 2147483647 64 1074 1069 1046 1085 1056 1054 1046 1054 1029 1022 1020 1138 1028 1035 1084 1315 1084 1073 1165 1280 1234 1188 1637 1650 1046 1055 1105 1497 1149 1177 1883 2380 1106 1364 1136 1418 1083 1130 1101 1089 1047 1239 1064 1367 1034 1038 1134 1203 1156 1183 1183 1317 1362 1303 1611 1408 1120 1185 1208 1504 1253 1276 1761 1728 
34 23.141266 2147483647 64 1074 1069 1046 1085 1056 1054 1046 1054 1029 1022 1020 1138 1028 1035 1084 1315 1084 1073 1165 1280 1234 1188 1637 1650 1046 1055 1105 1497 1149 1177 1883 2380 1106 1364 1136 1418 1083 1130 1101 1089 1047 1239 1064 1367 1034 1038 1134 1203 1156 1183 1183 1317 1362 1303 1611 1408 1120 1185 1208 1504 1253 1276 1761 1728 
35 23.249426 2147483647 64 1074 1069 1046 1085 1056 1054 1046 1054 1029 1022 1020 1138 1028 1035 1084 1315 1084 1073 1165 1280 1234 1188 1637 1650 1046 1055 1105 1497 1149 1177 1883 2380 1106 1364 1136 1418 1083 1130 1101 1089 1047 1239 1064 1367 1034 1038 1134 1203 1156 1183 1183 1317 1362 1303 1611 1408 1120 1185 1208 1504 1253 1276 1761 1728 
36 23.363245 2147483647 64 1074 1069 1046 1085 1056 1054 1046 1054 1029 1022 1020 1138 1028 1035 1084 1315 1084 1073 1165 1280 1234 1188 1637 1650 1046 1055 1105 1497 1149 1177 1883 2380 1106 1364 1136 1418 1083 1130 1101 1089 1047 1239 1064 1367 1034 1038 1134 1203 1156 1183 1183 1317 1362 1303 1611 1408 1120 1185 1208 1504 1253 1276 1761 1728 
37 23.482668 2147483647 64 1074 1069 1046 1085 1056 1054 1046 1054 1029 1022 1020 1138 1028 1035 1084 1315 1084 1073 1165 1280 1234 1188 1637 1650 1046 1055 1105 1497 1149 1177 1883 2380 1106 1364 1136 1418 1083 1130 1101 1089 1047 1239 1064 1367 1034 1038 1134 1203 1156 1183 1183 1317 1362 1303 1611 1408 1120 1185 1208 1504 1253 1276 1761 1728 
38 23.607620 2147483647 64 1074 1069 1046 1085 1056 1054 1046 1054 1029 1022 1020 1138 1028 1035 1084 1315 1084 1073 1165 1280 1234 1188 1637 1650 1046 1055 1105 1497 1149 1177 1883 2380 1106 1364 1136 1418 1083 1130 1101 1089 1047 1239 1064 1367 1034 1038 1134 1203 1156 1183 1183 1317 1362 1303 1611 1408 1120 1185 1208 1504 1253 1276 1761 1728 
39 23.738039 2147483647 64 1074 1069 1046 1085 1056 1054 1046 1054 1029 1022 1020 1138 1028 1035 1084 1315 1084 1073 1165 1280 1234 1188 1637 1650 1046 1055 1105 1497 1149 1177 1883 2380 1106 1364 1136 1418 1083 1130 1101 1089 1047 1239 1064 1367 1034 1038 1134 1203 1156 1183 1183 1317 1362 1303 1611 1408 1120 1185 1208 1504 1253 1276 1761 1728 
40 23.873850 2147483647 64 1074 1069 1046 1085 1056 1054 1046 1054 1029 1022 1020 1138 1028 1035 1084 1315 1084 1073 1165 1280 1234 1188 1637 1650 1046 1055 1105 1497 1149 1177 1883 2380 1106 1364 1136 1418 1083 1130 1101 1089 1047 1239 1064 1367 1034 1038 1134 1203 1156 1183 1183 1317 1362 1303 1611 1408 1120 1185 1208 1504 1253 1276 1761 1728 
41 24.014984 2147483647 64 1074 1069 1046 1085 1056 1054 1046 1054 1029 1022 1020 1138 1028 1035 1084 1315 1084 1073 1165 1280 1234 1188 1637 1650 1046 1055 1105 1497 1149 1177 1883 2380 1106 1364 1136 1418 1083 1130 1101 1089 1047 1239 1064 1367 1034 1038 1134 1203 1156 1183 1183 1317 1362 1303 1611 1408 1120 1185 1208 1504 1253 1276 1761 1728 
42 24.161367 2147483647 64 1074 1069 1046 1085 1056 1054 1046 1054 1029 1022 1020 1138 1028 1035 1084 1315 1084 1073 1165 1280 1234 1188 1637 1650 1046 1055 1105 1497 1149 1177 1883 2380 1106 1364 1136 1418 1083 1130 1101 1089 1047 1239 1064 1367 1034 1038 1134 1203 1156 1183 1183 1317 1362 1303 1611 1408 1120 1185 1208 1504 1253 1276 1761 1728 
43 24.312929 2147483647 64 1074 1069 1046 1085 1056 1054 1046 1054 1029 1022 1020 1138 1028 1035 1084 1315 1084 1073 1165 1280 1234 1188 1637 1650 1046 1055 1105 1497 1149 1177 1883 2380 1106 1364 1136 1418 1083 1130 1101 1089 1047 1239 1064 1367 1034 1038 1134 1203 1156 1183 1183 1317 1362 1303 1611 1408 1120 1185 1208 1504 1253 1276 1761 1728 
44 24.469591 2147483647 64 1074 1069 1046 1085 1056 1054 1046 1054 1029 1022 1020 1138 1028 1035 1084 1315 1084 1073 1165 1280 1234 1188 1637 1650 1046 1055 1105 1497 1149 1177 1883 2380 1106 1364 1136 1418 1083 1130 1101 1089 1047 1239 1064 1367 1034 1038 1134 1203 1156 1183 1183 1317 1362 1303 1611 1408 1120 1185 1208 1504 1253 1276 1761 1728 
45 24.631285 2147483647 64 1074 1069 1046 1085 1056 1054 1046 1054 1029 1022 1020 1138 1028 1035 1084 1315 1084 1073 1165 1280 1234 1188 1637 1650 1046 1055 1105 1497 1149 1177 1883 2380 1106 1364 1136 1418 1083 1130 1101 1089 1047 1239 1064 1367 1034 1038 1134 1203 1156 1183 1183 1317 1362 1303 1611 1408 1120 1185 1208 1504 1253 1276 1761 1728 
46 24.797935 2147483647 64 1074 1069 1046 1085 1056 1054 1046 1054 1029 1022 1020 1138 1028 1035 1084 1315 1084 1073 1165 1280 1234 1188 1637 1650 1046 1055 1105 1497 1149 1177 1883 2380 1106 1364 1136 1418 1083 1130 1101 1089 1047 1239 1064 1367 1034 1038 1134 1203 1156 1183 1183 1317 1362 1303 1611 1408 1120 1185 1208 1504 1253 1276 1761 1728 
47 24.969463 2147483647 64 1074 1069 1046 1085 1056 1054 1046 1054 1029 1022 1020 1138 1028 1035 1084 1315 1084 1073 1165 1280 1234 1188 1637 1650 1046 1055 1105 1497 1149 1177 1883 2380 1106 1364 1136 1418 1083 1130 1101 1089 1047 1239 1064 1367 1034 1038 1134 1203 1156 1183 1183 1317 1362 1303 1611 1408 1120 1185 1208 1504 1253 1276 1761 1728 
48 25.145798 2147483647 64 1074 1069 1046 1085 1056 1054 1046 1054 1029 1022 1020 1138 1028 1035 1084 1315 1084 1073 1165 1280 1234 1188 1637 1650 1046 1055 1105 1497 1149 1177 1883 2380 1106 1364 1136 1418 1083 1130 1101 1089 1047 1239 1064 1367 1034 1038 1134 1203 1156 1183 1183 1317 1362 1303 1611 1408 1120 1185 1208 1504 1253 1276 1761 1728 
49 25.326855 2147483647 64 1074 1069 1046 1085 1056 1054 1046 1054 1029 1022 1020 1138 1028 1035 1084 1315 1084 1073 1165 1280 1234 1188 1637 1650 1046 1055 1105 1497 1149 1177 1883 2380 1106 1364 1136 1418 1083 1130 1101 1089 1047 1239 1064 1367 1034 1038 1134 1203 1156 1183 1183 1317 1362 1303 1611 1408 1120 1185 1208 1504 1253 1276 1761 1728 
50 25.512564 2147483647 64 1074 1069 1046 1085 1056 1054 1046 1054 1029 1022 1020 1138 1028 1035 1084 1315 1084 1073 1165 1280 1234 1188 1637 1650 1046 1055 1105 1497 1149 1177 1883 2380 1106 1364 1136 1418 1083 1130 1101 1089 1047 1239 1064 1367 1034 1038 1134 1203 1156 1183 1183 1317 1362 1303 1611 1408 1120 1185 1208 1504 1253 1276 1761 1728 
51 25.702845 2147483647 64 1074 1069 1046 1085 1056 1054 1046 1054 1029 1022 1020 1138 1028 1035 1084 1315 1084 1073 1165 1280 1234 1188 1637 1650 1046 1055 1105 1497 1149 1177 1883 2380 1106 1364 1136 1418 1083 1130 1101 1089 1047 1239 1064 1367 1034 1038 1134 1203 1156 1183 1183 1317 1362 1303 1611 1408 1120 1185 1208 1504 1253 1276 1761 1728 
52 25.897617 2147483647 64 1074 1069 1046 1085 1056 1054 1046 1054 1029 1022 1020 1138 1028 1035 1084 1315 1084 1073 1165 1280 1234 1188 1637 1650 1046 1055 1105 1497 1149 1177 1883 2380 1106 1364 1136 1418 1083 1130 1101 1089 1047 1239 1064 1367 1034 1038 1134 1203 1156 1183 1183 1317 1362 1303 1611 1408 1120 1185 1208 1504 1253 1276 1761 1728 
53 26.096811 2147483647 64 1074 1069 1046 1085 1056 1054 1046 1054 1029 1022 1020 1138 1028 1035 1084 1315 1084 1073 1165 1280 1234 1188 1637 1650 1046 1055 1105 1497 1149 1177 1883 2380 1106 1364 1136 1418 1083 1130 1101 1089 1047 1239 1064 1367 1034 1038 1134 1203 1156 1183 1183 1317 1362 1303 1611 1408 1120 1185 1208 1504 1253 1276 1761 1728 
54 26.300339 2147483647 64 1074 1069 1046 1085 1056 1054 1046 1054 1029 1022 1020 1138 1028 1035 1084 1315 1084 1073 1165 1280 1234 1188 1637 1650 1046 1055 1105 1497 1149 1177 1883 2380 1106 1364 1136 1418 1083 1130 1101 1089 1047 1239 1064 1367 1034 1038 1134 1203 1156 1183 1183 1317 1362 1303 1611 1408 1120 1185 1208 1504 1253 1276 1761 1728 
55 26.508131 2147483647 64 1074 1069 1046 1085 1056 1054 1046 1054 1029 1022 1020 1138 1028 1035 1084 1315 1084 1073 1165 1280 1234 1188 1637 1650 1046 1055 1105 1497 1149 1177 1883 2380 1106 1364 1136 1418 1083 1130 1101 1089 1047 1239 1064 1367 1034 1038 1134 1203 1156 1183 1183 1317 1362 1303 1611 1408 1120 1185 1208 1504 1253 1276 1761 1728 
56 25.952339 2147483647 64 1074 1069 1046 1085 1056 1054 1046 1054 1029 1022 1020 1138 1028 1035 1084 1315 1084 1073 1165 1280 1234 1188 1637 1650 1046 1055 1105 1497 1149 1177 1883 2380 1106 1364 1136 1418 1083 1130 1101 1089 1047 1239 1064 1367 1034 1038 1134 1203 1156 1183 1183 1317 1362 1303 1611 1408 1120 1185 1208 1504 1253 1276 1761 1728 
57 26.127611 2147483647 64 1074 1069 1046 1085 1056 1054 1046 1054 1029 1022 1020 1138 1028 1035 1084 1315 1084 1073 1165 1280 1234 1188 1637 1650 1046 1055 1105 1497 1149 1177 1883 2380 1106 1364 1136 1418 1083 1130 1101 1089 1047 1239 1064 1367 1034 1038 1134 1203 1156 1183 1183 1317 1362 1303 1611 1408 1120 1185 1208 1504 1253 1276 1761 1728 
58 26.307106 2147483647 64 1074 1069 1046 1085 1056 1054 1046 1054 1029 1022 1020 1138 1028 1035 1084 1315 1084 1073 1165 1280 1234 1188 1637 1650 1046 1055 1105 1497 1149 1177 1883 2380 1106 1364 1136 1418 1083 1130 1101 1089 1047 1239 1064 1367 1034 1038 1134 1203 1156 1183 1183 1317 1362 1303 1611 1408 1120 1185 1208 1504 1253 1276 1761 1728 
59 26.490753 2147483647 64 1074 1069 1046 1085 1056 1054 1046 1054 1029 1022 1020 1138 1028 1035 1084 1315 1084 1073 1165 1280 1234 1188 1637 1650 1046 1055 1105 1497 1149 1177 1883 2380 1106 1364 1136 1418 1083 1130 1101 1089 1047 1239 1064 1367 1034 1038 1134 1203 1156 1183 1183 1317 1362 1303 1611 1408 1120 1185 1208 1504 1253 1276 1761 1728 
60 26.678467 2147483647 64 1074 1069 1046 1085 1056 1054 1046 1054 1029 1022 1020 1138 1028 1035 1084 1315 1084 1073 1165 1280 1234 1188 1637 1650 1046 1055 1105 1497 1149 1177 1883 2380 1106 1364 1136 1418 1083 1130 1101 1089 1047 1239 1064 1367 1034 1038 1134 1203 1156 1183 1183 1317 1362 1303 1611 1408 1120 1185 1208 1504 1253 1276 1761 1728 
61 26.870178 2147483647 64 1074 1069 1046 1085 1056 1054 1046 1054 1029 1022 1020 1138 1028 1035 1084 1315 1084 1073 1165 1280 1234 1188 1637 1650 1046 1055 1105 1497 1149 1177 1883 2380 1106 1364 1136 1418 1083 1130 1101 1089 1047 1239 1064 1367 1034 1038 1134 1203 1156 1183 1183 1317 1362 1303 1611 1408 1120 1185 1208 1504 1253 1276 1761 1728 
62 27.065807 2147483647 64 1074 1069 1046 1085 1056 1054 1046 1054 1029 1022 1020 1138 1028 1035 1084 1315 1084 1073 1165 1280 1234 1188 1637 1650 1046 1055 1105 1497 1149 1177 1883 2380 1106 1364 1136 1418 1083 1130 1101 1089 1047 1239 1064 1367 1034 1038 1134 1203 1156 1183 1183 1317 1362 1303 1611 1408 1120 1185 1208 1504 1253 1276 1761 1728 
63 37.834293 2147483647 64 1074 1069 1046 1085 1056 1054 1046 1054 1029 1022 1020 1138 1028 1035 1084 1315 1084 1073 1165 1280 1234 1188 1637 1650 1046 1055 1105 1497 1149 1177 1883 2380 1106 1364 1136 1418 1083 1130 1101 1089 1047 1239 1064 1367 1034 1038 1134 1203 1156 1183 1183 1317 1362 1303 1611 1408 1120 1185 1208 1504 1253 1276 1761 1728 
64 38.045486 2147483647 64 1074 1069 1046 1085 1056 1054 1046 1054 1029 1022 1020 1138 1028 1035 1084 1315 1084 1073 1165 1280 1234 1188 1637 1650 1046 1055 1105 1497 1149 1177 1883 2380 1106 1364 1136 1418 1083 1130 1101 1089 1047 1239 1064 1367 1034 1038 1134 1203 1156 1183 1183 1317 1362 1303 1611 1408 1120 1185 1208 1504 1253 1276 1761 1728 
65 38.260040 2147483647 64 1074 1069 1046 1085 1056 1054 1046 1054 1029 1022 1020 1138 1028 1035 1084 1315 1084 1073 1165 1280 1234 1188 1637 1650 1046 1055 1105 1497 1149 1177 1883 2380 1106 1364 1136 1418 1083 1130 1101 1089 1047 1239 1064 1367 1034 1038 1134 1203 1156 1183 1183 1317 1362 1303 1611 1408 1120 1185 1208 1504 1253 1276 1761 1728 
66 38.477867 2147483647 64 1074 1069 1046 1085 1056 1054 1046 1054 1029 1022 1020 1138 1028 1035 1084 1315 1084 1073 1165 1280 1234 1188 1637 1650 1046 1055 1105 1497 1149 1177 1883 2380 1106 1364 1136 1418 1083 1130 1101 1089 1047 1239 1064 1367 1034 1038 1134 1203 1156 1183 1183 1317 1362 1303 1611 1408 1120 1185 1208 1504 1253 1276 1761 1728 
67 38.698898 2147483647 64 1074 1069 1046 1085 1056 1054 1046 1054 1029 1022 1020 1138 1028 1035 1084 1315 1084 1073 1165 1280 1234 1188 1637 1650 1046 1055 1105 1497 1149 1177 1883 2380 1106 1364 1136 1418 1083 1130 1101 1089 1047 1239 1064 1367 1034 1038 1134 1203 1156 1183 1183 1317 1362 1303 1611 1408 1120 1185 1208 1504 1253 1276 1761 1728 
68 38.923069 2147483647 64 1074 1069 1046 1085 1056 1054 1046 1054 1029 1022 1020 1138 1028 1035 1084 1315 1084 1073 1165 1280 1234 1188 1637 1650 1046 1055 1105 1497 1149 1177 1883 2380 1106 1364 1136 1418 1083 1130 1101 1089 1047 1239 1064 1367 1034 1038 1134 1203 1156 1183 1183 1317 1362 1303 1611 1408 1120 1185 1208 1504 1253 1276 1761 1728 
69 39.150307 2147483647 64 1074 1069 1046 1085 1056 1054 1046 1054 1029 1022 1020 1138 1028 1035 1084 1315 1084 1073 1165 1280 1234 1188 1637 1650 1046 1055 1105 1497 1149 1177 1883 2380 1106 1364 1136 1418 1083 1130 1101 1089 1047 1239 1064 1367 1034 1038 1134 1203 1156 1183 1183 1317 1362 1303 1611 1408 1120 1185 1208 1504 1253 1276 1761 1728 
70 39.380527 2147483647 64 1074 1069 1046 1085 1056 1054 1046 1054 1029 1022 1020 1138 1028 1035 1084 1315 1084 1073 1165 1280 1234 1188 1637 1650 1046 1055 1105 1497 1149 1177 1883 2380 1106 1364 1136 1418 1083 1130 1101 1089 1047 1239 1064 1367 1034 1038 1134 1203 1156 1183 1183 1317 1362 1303 1611 1408 1120 1185 1208 1504 1253 1276 1761 1728 
71 39.613663 2147483647 64 1074 1069 1046 1085 1056 1054 1046 1054 1029 1022 1020 1138 1028 1035 1084 1315 1084 1073 1165 1280 1234 1188 1637 1650 1046 1055 1105 1497 1149 1177 1883 2380 1106 1364 1136 1418 1083 1130 1101 1089 1047 1239 1064 1367 1034 1038 1134 1203 1156 1183 1183 1317 1362 1303 1611 1408 1120 1185 1208 1504 1253 1276 1761 1728 
72 39.849655 2147483647 64 1074 1069 1046 1085 1056 1054 1046 1054 1029 1022 1020 1138 1028 1035 1084 1315 1084 1073 1165 1280 1234 1188 1637 1650 1046 1055 1105 1497 1149 1177 1883 2380 1106 1364 1136 1418 1083 1130 1101 1089 1047 1239 1064 1367 1034 1038 1134 1203 1156 1183 1183 1317 1362 1303 1611 1408 1120 1185 1208 1504 1253 1276 1761 1728 
73 40.088421 2147483647 64 1074 1069 1046 1085 1056 1054 1046 1054 1029 1022 1020 1138 1028 1035 1084 1315 1084 1073 1165 1280 1234 1188 1637 1650 1046 1055 1105 1497 1149 1177 1883 2380 1106 1364 1136 1418 1083 1130 1101 1089 1047 1239 1064 1367 1034 1038 1134 1203 1156 1183 1183 1317 1362 1303 1611 1408 1120 1185 1208 1504 1253 1276 1761 1728 
74 40.329899 2147483647 64 1074 1069 1046 1085 1056 1054 1046 1054 1029 1022 1020 1138 1028 1035 1084 1315 1084 1073 1165 1280 1234 1188 1637 1650 1046 1055 1105 1497 1149 1177 1883 2380 1106 1364 1136 1418 1083 1130 1101 1089 1047 1239 1064 1367 1034 1038 1134 1203 1156 1183 1183 1317 1362 1303 1611 1408 1120 1185 1208 1504 1253 1276 1761 1728 
75 40.574020 2147483647 64 1074 1069 1046 1085 1056 1054 1046 1054 1029 1022 1020 1138 1028 1035 1084 1315 1084 1073 1165 1280 1234 1188 1637 1650 1046 1055 1105 1497 1149 1177 1883 2380 1106 1364 1136 1418 1083 1130 1101 1089 1047 1239 1064 1367 1034 1038 1134 1203 1156 1183 1183 1317 1362 1303 1611 1408 1120 1185 1208 1504 1253 1276 1761 1728 
76 40.820705 2147483647 64 1074 1069 1046 1085 1056 1054 1046 1054 1029 1022 1020 1138 1028 1035 1084 1315 1084 1073 1165 1280 1234 1188 1637 1650 1046 1055 1105 1497 1149 1177 1883 2380 1106 1364 1136 1418 1083 1130 1101 1089 1047 1239 1064 1367 1034 1038 1134 1203 1156 1183 1183 1317 1362 1303 1611 1408 1120 1185 1208 1504 1253 1276 1761 1728 
77 41.069901 2147483647 64 1074 1069 1046 1085 1056 1054 1046 1054 1029 1022 1020 1138 1028 1035 1084 1315 1084 1073 1165 1280 1234 1188 1637 1650 1046 1055 1105 1497 1149 1177 1883 2380 1106 1364 1136 1418 1083 1130 1101 1089 1047 1239 1064 1367 1034 1038 1134 1203 1156 1183 1183 1317 1362 1303 1611 1408 1120 1185 1208 1504 1253 1276 1761 1728 
78 41.321526 2147483647 64 1074 1069 1046 1085 1056 1054 1046 1054 1029 1022 1020 1138 1028 1035 1084 1315 1084 1073 1165 1280 1234 1188 1637 1650 1046 1055 1105 1497 1149 1177 1883 2380 1106 1364 1136 1418 1083 1130 1101 1089 1047 1239 1064 1367 1034 1038 1134 1203 1156 1183 1183 1317 1362 1303 1611 1408 1120 1185 1208 1504 1253 1276 1761 1728 
79 41.575520 2147483647 64 1074 1069 1046 1085 1056 1054 1046 1054 1029 1022 1020 1138 1028 1035 1084 1315 1084 1073 1165 1280 1234 1188 1637 1650 1046 1055 1105 1497 1149 1177 1883 2380 1106 1364 1136 1418 1083 1130 1101 1089 1047 1239 1064 1367 1034 1038 1134 1203 1156 1183 1183 1317 1362 1303 1611 1408 1120 1185 1208 1504 1253 1276 1761 1728 
80 41.831810 2147483647 64 1074 1069 1046 1085 1056 1054 1046 1054 1029 1022 1020 1138 1028 1035 1084 1315 1084 1073 1165 1280 1234 1188 1637 1650 1046 1055 1105 1497 1149 1177 1883 2380 1106 1364 1136 1418 1083 1130 1101 1089 1047 1239 1064 1367 1034 1038 1134 1203 1156 1183 1183 1317 1362 1303 1611 1408 1120 1185 1208 1504 1253 1276 1761 1728 
81 42.090340 2147483647 64 1074 1069 1046 1085 1056 1054 1046 1054 1029 1022 1020 1138 1028 1035 1084 1315 1084 1073 1165 1280 1234 1188 1637 1650 1046 1055 1105 1497 1149 1177 1883 2380 1106 1364 1136 1418 1083 1130 1101 1089 1047 1239 1064 1367 1034 1038 1134 1203 1156 1183 1183 1317 1362 1303 1611 1408 1120 1185 1208 1504 1253 1276 1761 1728 
82 42.351044 2147483647 64 1074 1069 1046 1085 1056 1054 1046 1054 1029 1022 1020 1138 1028 1035 1084 1315 1084 1073 1165 1280 1234 1188 1637 1650 1046 1055 1105 1497 1149 1177 1883 2380 1106 1364 1136 1418 1083 1130 1101 1089 1047 1239 1064 1367 1034 1038 1134 1203 1156 1183 1183 1317 1362 1303 1611 1408 1120 1185 1208 1504 1253 1276 1761 1728 
83 42.613846 2147483647 64 1074 1069 1046 1085 1056 1054 1046 1054 1029 1022 1020 1138 1028 1035 1084 1315 1084 1073 1165 1280 1234 1188 1637 1650 1046 1055 1105 1497 1149 1177 1883 2380 1106 1364 1136 1418 1083 1130 1101 1089 1047 1239 1064 1367 1034 1038 1134 1203 1156 1183 1183 1317 1362 1303 1611 1408 1120 1185 1208 1504 1253 1276 1761 1728 
84 42.878693 2147483647 64 1074 1069 1046 1085 1056 1054 1046 1054 1029 1022 1020 1138 1028 1035 1084 1315 1084 1073 1165 1280 1234 1188 1637 1650 1046 1055 1105 1497 1149 1177 1883 2380 1106 1364 1136 1418 1083 1130 1101 1089 1047 1239 1064 1367 1034 1038 1134 1203 1156 1183 1183 1317 1362 1303 1611 1408 1120 1185 1208 1504 1253 1276 1761 1728 
85 43.145519 2147483647 64 1074 1069 1046 1085 1056 1054 1046 1054 1029 1022 1020 1138 1028 1035 1084 1315 1084 1073 1165 1280 1234 1188 1637 1650 1046 1055 1105 1497 1149 1177 1883 2380 1106 1364 1136 1418 1083 1130 1101 1089 1047 1239 1064 1367 1034 1038 1134 1203 1156 1183 1183 1317 1362 1303 1611 1408 1120 1185 1208 1504 1253 1276 1761 1728 
86 46.988873 2147483647 64 1074 1069 1046 1085 1056 1054 1046 1054 1029 1022 1020 1138 1028 1035 1084 1315 1084 1073 1165 1280 1234 1188 1637 1650 1046 1055 1105 1497 1149 1177 1883 2380 1106 1364 1136 1418 1083 1130 1101 1089 1047 1239 1064 1367 1034 1038 1134 1203 1156 1183 1183 1317 1362 1303 1611 1408 1120 1185 1208 1504 1253 1276 1761 1728 
87 47.077236 2147483647 64 1074 1069 1046 1085 1056 1054 1046 1054 1029 1022 1020 1138 1028 1035 1084 1315 1084 1073 1165 1280 1234 1188 1637 1650 1046 1055 1105 1497 1149 1177 1883 2380 1106 1364 1136 1418 1083 1130 1101 1089 1047 1239 1064 1367 1034 1038 1134 1203 1156 1183 1183 1317 1362 1303 1611 1408 1120 1185 1208 1504 1253 1276 1761 1728 
88 47.168335 2147483647 64 1074 1069 1046 1085 1056 1054 1046 1054 1029 1022 1020 1138 1028 1035 1084 1315 1084 1073 1165 1280 1234 1188 1637 1650 1046 1055 1105 1497 1149 1177 1883 2380 1106 1364 1136 1418 1083 1130 1101 1089 1047 1239 1064 1367 1034 1038 1134 1203 1156 1183 1183 1317 1362 1303 1611 1408 1120 1185 1208 1504 1253 1276 1761 1728 
89 47.262104 2147483647 64 1074 1069 1046 1085 1056 1054 1046 1054 1029 1022 1020 1138 1028 1035 1084 1315 1084 1073 1165 1280 1234 1188 1637 1650 1046 1055 1105 1497 1149 1177 1883 2380 1106 1364 1136 1418 1083 1130 1101 1089 1047 1239 1064 1367 1034 1038 1134 1203 1156 1183 1183 1317 1362 1303 1611 1408 1120 1185 1208 1504 1253 1276 1761 1728 
90 47.358501 2147483647 64 1074 1069 1046 1085 1056 1054 1046 1054 1029 1022 1020 1138 1028 1035 1084 1315 1084 1073 1165 1280 1234 1188 1637 1650 1046 1055 1105 1497 1149 1177 1883 2380 1106 1364 1136 1418 1083 1130 1101 1089 1047 1239 1064 1367 1034 1038 1134 1203 1156 1183 1183 1317 1362 1303 1611 1408 1120 1185 1208 1504 1253 1276 1761 1728 
91 47.457455 2147483647 64 1074 1069 1046 1085 1056 1054 1046 1054 1029 1022 1020 1138 1028 1035 1084 1315 1084 1073 1165 1280 1234 1188 1637 1650 1046 1055 1105 1497 1149 1177 1883 2380 1106 1364 1136 1418 1083 1130 1101 1089 1047 1239 1064 1367 1034 1038 1134 1203 1156 1183 1183 1317 1362 1303 1611 1408 1120 1185 1208 1504 1253 1276 1761 1728 
92 47.558922 2147483647 64 1074 1069 1046 1085 1056 1054 1046 1054 1029 1022 1020 1138 1028 1035 1084 1315 1084 1073 1165 1280 1234 1188 1637 1650 1046 1055 1105 1497 1149 1177 1883 2380 1106 1364 1136 1418 1083 1130 1101 1089 1047 1239 1064 1367 1034 1038 1134 1203 1156 1183 1183 1317 1362 1303 1611 1408 1120 1185 1208 1504 1253 1276 1761 1728 
93 47.662846 2147483647 64 1074 1069 1046 1085 1056 1054 1046 1054 1029 1022 1020 1138 1028 1035 1084 1315 1084 1073 1165 1280 1234 1188 1637 1650 1046 1055 1105 1497 1149 1177 1883 2380 1106 1364 1136 1418 1083 1130 1101 1089 1047 1239 1064 1367 1034 1038 1134 1203 1156 1183 1183 1317 1362 1303 1611 1408 1120 1185 1208 1504 1253 1276 1761 1728 
94 47.769176 2147483647 64 1074 1069 1046 1085 1056 1054 1046 1054 1029 1022 1020 1138 1028 1035 1084 1315 1084 1073 1165 1280 1234 1188 1637 1650 1046 1055 1105 1497 1149 1177 1883 2380 1106 1364 1136 1418 1083 1130 1101 1089 1047 1239 1064 1367 1034 1038 1134 1203 1156 1183 1183 1317 1362 1303 1611 1408 1120 1185 1208 1504 1253 1276 1761 1728 
95 47.877850 2147483647 64 1074 1069 1046 1085 1056 1054 1046 1054 1029 1022 1020 1138 1028 1035 1084 1315 1084 1073 1165 1280 1234 1188 1637 1650 1046 1055 1105 1497 1149 1177 1883 2380 1106 1364 1136 1418 1083 1130 1101 1089 1047 1239 1064 1367 1034 1038 1134 1203 1156 1183 1183 1317 1362 1303 1611 1408 1120 1185 1208 1504 1253 1276 1761 1728 
96 47.988831 2147483647 64 1074 1069 1046 1085 1056 1054 1046 1054 1029 1022 1020 1138 1028 1035 1084 1315 1084 1073 1165 1280 1234 1188 1637 1650 1046 1055 1105 1497 1149 1177 1883 2380 1106 1364 1136 1418 1083 1130 1101 1089 1047 1239 1064 1367 1034 1038 1134 1203 1156 1183 1183 1317 1362 1303 1611 1408 1120 1185 1208 1504 1253 1276 1761 1728 
97 48.102051 2147483647 64 1074 1069 1046 1085 1056 1054 1046 1054 1029 1022 1020 1138 1028 1035 1084 1315 1084 1073 1165 1280 1234 1188 1637 1650 1046 1055 1105 1497 1149 1177 1883 2380 1106 1364 1136 1418 1083 1130 1101 1089 1047 1239 1064 1367 1034 1038 1134 1203 1156 1183 1183 1317 1362 1303 1611 1408 1120 1185 1208 1504 1253 1276 1761 1728 
98 48.217468 2147483647 64 1074 1069 1046 1085 1056 1054 1046 1054 1029 1022 1020 1138 1028 1035 1084 1315 1084 1073 1165 1280 1234 1188 1637 1650 1046 1055 1105 1497 1149 1177 1883 2380 1106 1364 1136 1418 1083 1130 1101 1089 1047 1239 1064 1367 1034 1038 1134 1203 1156 1183 1183 1317 1362 1303 1611 1408 1120 1185 1208 1504 1253 1276 1761 1728 
99 48.335030 2147483647 64 1074 1069 1046 1085 1056 1054 1046 1054 1029 1022 1020 1138 1028 1035 1084 1315 1084 1073 1165 1280 1234 1188 1637 1650 1046 1055 1105 1497 1149 1177 1883 2380 1106 1364 1136 1418 1083 1130 1101 1089 1047 1239 1064 1367 1034 1038 1134 1203 1156 1183 1183 1317 1362 1303 1611 1408 1120 1185 1208 1504 1253 1276 1761 1728 
