#query #bsf #pq_size
0 0.000000 1 1 1 1 1 1 1 1 1 2 1 1 1 1 1 1 1 1 1 1 1 1 1 1 1 1 1 1 1 1 1 1 1 1 1 1 1 1 1 1 1 1 1 1 1 1 1 1 1 1 1 1 1 1 1 1 1 1 1 1 1 1 1 1 
1 0.013250 1 1 1 1 1 1 1 1 1 1 1 1 1 1 1 1 1 1 1 1 1 1 1 2 1 1 1 1 1 1 1 1 1 1 1 1 1 1 1 1 1 1 1 1 1 1 1 1 1 1 1 1 1 1 1 1 1 1 1 1 1 1 1 1 
2 0.053226 1 1 1 1 1 1 1 1 1 1 1 1 1 1 1 3 1 1 1 1 1 1 1 1 1 1 1 1 1 1 1 1 1 1 1 1 1 1 1 1 1 1 1 1 1 1 1 1 1 1 1 1 1 1 1 1 1 1 1 1 1 1 1 1 
3 0.119847 1 1 1 1 1 1 1 1 1 1 1 1 1 1 1 1 1 1 1 1 1 1 1 1 1 1 1 1 1 1 4 3 1 1 1 1 1 1 1 1 1 1 1 1 1 1 1 1 1 1 1 1 1 1 1 1 1 1 1 1 1 1 1 1 
4 0.210577 1 1 1 1 1 1 1 1 1 1 1 1 1 1 1 1 1 1 1 1 1 1 1 1 1 1 1 1 1 1 1 1 1 1 1 1 1 1 1 1 1 1 1 1 1 1 1 1 1 1 1 1 1 1 1 1 1 1 1 1 5 1 5 1 
5 0.333485 1 1 1 1 1 1 1 1 1 1 1 1 1 1 1 1 1 1 1 1 1 1 1 1 1 1 1 1 1 1 1 1 1 1 1 1 1 1 1 1 1 1 1 1 1 1 1 1 1 1 1 1 1 1 1 1 5 5 1 1 3 1 1 1 
6 0.476570 1 1 1 1 1 1 1 1 1 1 1 1 1 1 1 1 1 1 1 1 1 1 1 1 1 1 1 1 1 1 1 1 1 1 1 1 1 1 1 1 1 1 1 1 1 1 1 1 1 1 1 11 3 1 1 1 1 1 1 10 3 1 1 1 
7 0.648074 1 1 1 1 1 1 5 1 1 1 1 1 1 1 1 1 1 1 1 1 1 1 1 1 1 1 1 1 1 1 1 1 1 1 1 1 1 1 11 3 1 1 1 1 1 1 1 1 1 1 1 1 1 1 7 1 1 1 1 1 1 1 1 1 
8 0.841052 1 1 1 1 1 1 1 1 11 12 1 1 3 3 1 1 1 1 1 1 1 1 1 1 1 1 1 1 1 1 1 1 1 1 1 1 1 1 1 1 1 1 1 1 1 1 1 1 1 1 1 1 1 1 1 1 1 1 1 1 1 1 1 1 
9 1.072678 40 4 4 3 1 1 1 1 1 1 1 1 1 1 1 1 6 3 4 4 1 1 1 1 1 1 1 1 1 1 1 1 1 1 1 1 1 1 1 1 1 1 1 1 1 1 1 1 1 1 1 1 1 1 1 1 1 1 1 1 1 1 1 1 
10 79.930328 5238 1308 734 1128 650 411 643 1062 602 383 399 374 613 374 670 776 606 361 385 344 394 332 378 343 586 330 349 318 620 324 595 527 1581 572 459 558 461 385 459 492 458 362 392 355 435 360 427 395 1654 469 414 429 434 331 402 362 1691 387 391 342 1477 353 1055 695 
11 1.613665 14 1 1 1 3 1 1 1 5 1 1 1 2 1 1 1 2 1 1 1 1 1 1 1 1 1 1 1 1 1 1 1 1 1 1 1 1 1 1 1 1 1 1 1 1 1 1 1 1 1 1 1 1 1 1 1 1 1 1 1 1 1 1 1 
12 1.924398 42 1 1 1 1 1 1 1 2 1 1 1 1 1 1 1 18 1 1 1 1 1 1 1 1 1 1 1 1 1 1 1 14 1 1 1 1 1 1 1 1 1 1 1 1 1 1 1 20 1 1 1 1 1 1 1 1 1 1 1 1 1 1 1 
13 82.915657 6015 2976 1052 1382 1056 494 351 588 1101 649 355 284 692 421 313 247 1050 696 392 279 529 428 205 164 887 636 343 224 655 396 278 168 1802 1110 681 376 736 444 251 198 770 613 354 264 527 391 240 160 1702 1039 575 303 639 428 248 185 1616 866 456 251 1035 542 384 389 
14 2.568665 59 52 1 1 1 1 1 1 1 1 1 1 1 1 1 1 1 1 1 1 1 1 1 1 1 1 1 1 1 1 1 1 1 6 14 1 1 1 1 1 1 1 1 1 1 1 1 1 1 1 1 1 1 1 1 1 1 1 1 1 1 1 1 1 
15 2.959481 1 5 1 56 1 2 1 48 1 1 1 1 1 1 1 1 1 1 1 1 1 1 1 1 1 1 1 1 1 1 1 1 1 1 1 1 1 1 1 1 1 1 1 1 1 1 1 1 1 1 1 1 1 1 1 1 1 1 1 1 1 1 1 1 
16 70.247215 1 874 415 3117 448 515 526 3141 382 378 369 1076 36 467 515 2729 342 105 113 916 57 205 235 1032 67 110 110 877 66 206 252 2460 243 8 7 889 242 35 44 954 176 6 7 575 96 30 40 924 145 1 1 582 180 1 1 630 131 1 1 549 124 1 1 3660 
17 89.035652 1 1 86 1623 144 876 1300 3271 309 34 479 1042 715 1050 1527 2881 345 1 82 737 171 801 1026 1106 67 39 459 1000 786 1049 1593 2762 278 1 20 619 164 556 1027 1351 177 5 234 850 426 902 1102 1311 147 1 18 629 133 543 1015 1277 136 11 228 1088 867 1291 3189 8735 
18 4.293581 1 1 1 1 1 1 1 1 1 1 1 1 1 1 1 1 1 1 1 1 1 1 1 1 1 1 1 1 1 1 5 74 1 1 1 1 1 1 1 1 1 1 1 1 1 1 1 1 1 1 1 1 1 1 1 1 1 1 1 1 1 1 44 369 
19 89.566803 1 1 1 1 1 1 1 1 1 1 1 1 33 14 57 70 15 4 25 8 176 107 222 155 1180 1001 986 999 1475 1084 1540 2523 135 2 12 4 129 68 168 147 903 894 951 923 1047 1027 1093 1287 1971 1430 1149 1325 1142 1036 1092 1276 3464 1523 1213 1272 3783 1466 3867 9641 
20 5.173545 1 1 1 1 1 1 1 1 1 1 1 1 1 1 1 1 1 1 1 1 1 1 1 1 1 1 1 1 1 1 1 1 1 1 1 1 1 1 1 1 1 1 1 1 1 1 1 1 1 1 1 1 1 1 1 1 27 9 6 2 176 29 209 42 
21 5.575923 1 1 1 1 1 1 1 1 1 1 1 1 1 1 1 1 1 1 1 1 1 1 1 1 1 1 1 1 1 1 1 1 1 1 1 1 1 1 1 1 1 1 1 1 1 1 1 1 165 34 154 43 76 5 86 8 406 102 252 108 388 48 425 75 
22 6.344642 1 1 1 1 1 1 1 1 1 1 1 1 1 1 1 1 1 1 1 1 1 1 1 1 1 1 1 1 1 1 1 1 235 18 128 12 214 15 130 13 246 14 119 11 253 15 132 15 724 276 519 205 599 189 499 209 938 319 531 200 979 281 797 321 
23 327.544678 8568 4055 2079 3350 1851 1117 1406 3303 1689 1106 1052 1094 1428 1091 1554 2881 1653 1128 1065 1075 1057 1048 1043 1106 1441 1122 1057 1067 1581 1098 1604 2762 2824 1672 1356 1438 1255 1034 1113 1353 1203 1040 1064 1030 1106 1031 1109 1311 3088 1689 1279 1348 1215 1038 1096 1278 3565 1530 1220 1272 3796 1467 3871 10017 
24 7.425709 112 142 88 178 71 75 71 113 33 30 27 30 19 18 16 23 193 228 213 220 160 152 148 170 100 97 87 91 68 65 58 126 361 486 465 440 333 242 249 304 225 184 181 176 111 98 102 172 613 719 603 607 447 403 406 509 481 457 352 412 369 368 405 1268 
25 314.246399 8568 4055 2079 3350 1851 1117 1406 3303 1689 1106 1052 1094 1428 1091 1554 2881 1653 1128 1065 1075 1057 1048 1043 1106 1441 1122 1057 1067 1581 1098 1604 2762 2824 1672 1356 1438 1255 1034 1113 1353 1203 1040 1064 1030 1106 1031 1109 1311 3088 1689 1279 1348 1215 1038 1096 1278 3565 1530 1220 1272 3796 1467 3871 10017 
26 316.808685 8568 4055 2079 3350 1851 1117 1406 3303 1689 1106 1052 1094 1428 1091 1554 2881 1653 1128 1065 1075 1057 1048 1043 1106 1441 1122 1057 1067 1581 1098 1604 2762 2824 1672 1356 1438 1255 1034 1113 1353 1203 1040 1064 1030 1106 1031 1109 1311 3088 1689 1279 1348 1215 1038 1096 1278 3565 1530 1220 1272 3796 1467 3871 10017 
27 326.607269 8568 4055 2079 3350 1851 1117 1406 3303 1689 1106 1052 1094 1428 1091 1554 2881 1653 1128 1065 1075 1057 1048 1043 1106 1441 1122 1057 1067 1581 1098 1604 2762 2824 1672 1356 1438 1255 1034 1113 1353 1203 1040 1064 1030 1106 1031 1109 1311 3088 1689 1279 1348 1215 1038 1096 1278 3565 1530 1220 1272 3796 1467 3871 10017 
28 322.265594 8568 4055 2079 3350 1851 1117 1406 3303 1689 1106 1052 1094 1428 1091 1554 2881 1653 1128 1065 1075 1057 1048 1043 1106 1441 1122 1057 1067 1581 1098 1604 2762 2824 1672 1356 1438 1255 1034 1113 1353 1203 1040 1064 1030 1106 1031 1109 1311 3088 1689 1279 1348 1215 1038 1096 1278 3565 1530 1220 1272 3796 1467 3871 10017 
29 300.203491 8568 4040 2023 3350 1836 1117 1406 3303 1689 1106 1052 1094 1428 1091 1554 2881 1653 1128 1065 1075 1057 1048 1043 1106 1441 1122 1057 1067 1581 1098 1604 2762 2824 1672 1356 1438 1255 1034 1113 1353 1203 1040 1064 1030 1106 1031 1109 1311 3088 1689 1279 1348 1215 1038 1096 1278 3565 1530 1220 1272 3796 1467 3871 10017 
30 323.507660 8568 4055 2078 3350 1848 1117 1406 3303 1689 1106 1052 1094 1428 1091 1554 2881 1653 1128 1065 1075 1057 1048 1043 1106 1441 1122 1057 1067 1581 1098 1604 2762 2824 1672 1356 1438 1255 1034 1113 1353 1203 1040 1064 1030 1106 1031 1109 1311 3088 1689 1279 1348 1215 1038 1096 1278 3565 1530 1220 1272 3796 1467 3871 10017 
31 329.699707 8568 4055 2079 3350 1851 1117 1406 3303 1689 1106 1052 1094 1428 1091 1554 2881 1653 1128 1065 1075 1057 1048 1043 1106 1441 1122 1057 1067 1581 1098 1604 2762 2824 1672 1356 1438 1255 1034 1113 1353 1203 1040 1064 1030 1106 1031 1109 1311 3088 1689 1279 1348 1215 1038 1096 1278 3565 1530 1220 1272 3796 1467 3871 10017 
32 334.192474 8568 4055 2079 3350 1851 1117 1406 3303 1689 1106 1052 1094 1428 1091 1554 2881 1653 1128 1065 1075 1057 1048 1043 1106 1441 1122 1057 1067 1581 1098 1604 2762 2824 1672 1356 1438 1255 1034 1113 1353 1203 1040 1064 1030 1106 1031 1109 1311 3088 1689 1279 1348 1215 1038 1096 1278 3565 1530 1220 1272 3796 1467 3871 10017 
33 349.275238 8568 4055 2079 3350 1851 1117 1406 3303 1689 1106 1052 1094 1428 1091 1554 2881 1653 1128 1065 1075 1057 1048 1043 1106 1441 1122 1057 1067 1581 1098 1604 2762 2824 1672 1356 1438 1255 1034 1113 1353 1203 1040 1064 1030 1106 1031 1109 1311 3088 1689 1279 1348 1215 1038 1096 1278 3565 1530 1220 1272 3796 1467 3871 10017 
34 14.318028 1701 674 848 659 891 531 843 735 916 550 820 540 919 553 931 825 933 561 810 543 822 549 809 563 961 650 816 566 990 659 976 917 1272 702 808 675 827 552 820 661 856 635 821 561 850 642 838 686 1401 774 828 650 857 631 833 640 1669 836 868 738 1664 861 1685 1987 
35 334.923981 8568 4055 2079 3350 1851 1117 1406 3303 1689 1106 1052 1094 1428 1091 1554 2881 1653 1128 1065 1075 1057 1048 1043 1106 1441 1122 1057 1067 1581 1098 1604 2762 2824 1672 1356 1438 1255 1034 1113 1353 1203 1040 1064 1030 1106 1031 1109 1311 3088 1689 1279 1348 1215 1038 1096 1278 3565 1530 1220 1272 3796 1467 3871 10017 
36 347.779877 8568 4055 2079 3350 1851 1117 1406 3303 1689 1106 1052 1094 1428 1091 1554 2881 1653 1128 1065 1075 1057 1048 1043 1106 1441 1122 1057 1067 1581 1098 1604 2762 2824 1672 1356 1438 1255 1034 1113 1353 1203 1040 1064 1030 1106 1031 1109 1311 3088 1689 1279 1348 1215 1038 1096 1278 3565 1530 1220 1272 3796 1467 3871 10017 
37 333.519867 8568 4055 2079 3350 1851 1117 1406 3303 1689 1106 1052 1094 1428 1091 1554 2881 1653 1128 1065 1075 1057 1048 1043 1106 1441 1122 1057 1067 1581 1098 1604 2762 2824 1672 1356 1438 1255 1034 1113 1353 1203 1040 1064 1030 1106 1031 1109 1311 3088 1689 1279 1348 1215 1038 1096 1278 3565 1530 1220 1272 3796 1467 3871 10017 
38 330.580170 8568 4055 2079 3350 1851 1117 1406 3303 1689 1106 1052 1094 1428 1091 1554 2881 1653 1128 1065 1075 1057 1048 1043 1106 1441 1122 1057 1067 1581 1098 1604 2762 2824 1672 1356 1438 1255 1034 1113 1353 1203 1040 1064 1030 1106 1031 1109 1311 3088 1689 1279 1348 1215 1038 1096 1278 3565 1530 1220 1272 3796 1467 3871 10011 
39 232.571579 8563 4037 2078 3311 1823 1117 1406 3264 1603 1106 1052 1094 1428 1091 1554 2839 1516 1128 1065 1075 1057 1048 1043 1106 1441 1122 1057 1067 1581 1098 1604 2686 2716 1670 1352 1438 1251 1034 1113 1353 1202 1040 1064 1030 1106 1031 1109 1311 3082 1682 1273 1348 1212 1038 1096 1278 3548 1522 1213 1272 3741 1456 3794 8423 
40 217.815338 8555 4020 2078 3282 1822 1117 1406 3234 1590 1106 1052 1094 1428 1091 1554 2810 1493 1128 1065 1075 1057 1048 1043 1106 1441 1122 1057 1067 1581 1098 1604 2607 2697 1668 1347 1438 1245 1034 1113 1353 1199 1040 1064 1030 1106 1031 1109 1311 3077 1672 1260 1348 1197 1038 1096 1278 3524 1509 1199 1272 3690 1446 3681 7416 
41 200.375076 8555 4011 2078 3263 1820 1117 1406 3193 1588 1106 1052 1094 1428 1091 1554 2749 1483 1128 1065 1075 1057 1048 1043 1106 1441 1122 1057 1067 1581 1098 1604 2526 2691 1665 1337 1438 1231 1034 1113 1353 1187 1040 1064 1030 1106 1031 1109 1310 3064 1666 1251 1348 1183 1038 1096 1278 3503 1493 1184 1270 3618 1424 3539 6369 
42 221.010773 8568 4055 2079 3350 1851 1117 1406 3287 1683 1106 1052 1094 1428 1091 1554 2833 1582 1128 1065 1075 1057 1048 1043 1106 1441 1122 1057 1067 1581 1098 1604 2626 2757 1672 1356 1438 1255 1034 1113 1353 1203 1040 1064 1030 1106 1031 1109 1311 3088 1689 1279 1348 1215 1038 1096 1278 3556 1529 1220 1272 3752 1467 3780 7365 
43 289.254639 8568 4055 2079 3350 1851 1117 1406 3303 1689 1106 1052 1094 1428 1091 1554 2881 1653 1128 1065 1075 1057 1048 1043 1106 1441 1122 1057 1067 1581 1098 1604 2762 2824 1672 1356 1438 1255 1034 1113 1353 1203 1040 1064 1030 1106 1031 1109 1311 3088 1689 1279 1348 1215 1038 1096 1278 3565 1530 1220 1272 3796 1467 3871 9899 
44 25.539431 1041 552 262 236 272 101 99 103 294 153 126 91 157 93 105 96 268 158 127 91 109 81 67 51 222 153 121 92 156 93 95 69 421 295 224 111 149 85 68 54 183 137 116 94 110 82 65 51 457 274 182 101 135 84 66 51 453 206 155 92 258 104 127 151 
45 150.996094 6362 3595 1804 3122 1714 1114 1337 2986 1631 1101 1051 1089 1344 1082 1440 2560 1614 1125 1064 1067 1057 1048 1041 1099 1366 1114 1055 1059 1475 1090 1475 2496 2447 1639 1347 1393 1248 1034 1098 1318 1199 1040 1064 1029 1096 1031 1096 1288 2505 1647 1268 1313 1208 1038 1084 1254 2767 1501 1213 1252 2849 1453 2913 8286 
46 104.346924 1865 1941 949 2038 1029 782 774 2072 1062 784 682 784 779 767 828 1848 1033 791 693 764 668 739 666 778 784 797 685 760 847 770 853 1923 1181 1135 966 991 865 752 720 957 812 761 717 758 713 750 723 971 1201 1214 895 953 811 748 714 938 1469 1141 830 943 1600 1107 1820 7213 
47 92.842438 909 1462 652 1984 713 668 651 2184 763 621 548 748 516 658 702 1993 761 638 567 738 454 629 576 798 497 645 560 730 576 664 751 2072 741 866 794 942 635 621 603 957 536 586 565 708 481 617 608 970 713 1003 751 916 589 624 608 949 939 965 687 907 1192 992 1704 7994 
48 101.516396 672 1224 713 2115 680 780 897 2657 771 698 739 914 731 837 1043 2506 748 638 684 843 580 734 795 976 578 724 747 892 805 844 1138 2527 734 861 902 1110 776 750 846 1189 639 687 783 880 699 807 908 1216 695 1013 874 1083 726 754 848 1157 1070 1084 900 1112 1627 1216 2588 9374 
49 92.142899 468 698 463 1216 425 548 622 1793 447 548 543 708 618 661 860 2024 424 489 493 622 458 552 591 772 562 622 608 740 777 719 1012 2099 507 558 538 764 510 514 585 864 503 531 602 680 569 637 716 1010 655 719 588 797 539 580 636 908 1117 851 694 918 1690 1004 2419 6633 
50 72.639633 905 598 377 836 375 330 446 1081 361 313 318 347 449 339 547 1041 394 339 333 355 337 327 357 396 464 351 346 359 556 364 620 899 682 493 394 526 381 336 389 482 369 326 364 347 375 346 395 461 957 549 411 485 404 364 406 470 1263 492 415 453 1492 484 1512 2210 
51 58.071152 1276 460 274 577 264 186 299 699 275 184 178 186 308 179 367 641 292 190 180 180 183 157 179 193 325 184 184 177 375 182 403 507 738 312 209 328 212 170 214 274 225 173 191 175 214 175 213 244 966 308 219 272 225 177 215 241 1199 269 231 238 1276 248 1112 1210 
52 56.853836 2448 404 288 416 277 116 284 436 297 117 141 105 309 108 334 371 320 121 141 102 152 93 133 98 333 117 141 102 359 111 337 254 1011 224 167 211 175 99 165 157 206 110 140 97 175 101 160 122 1183 206 171 166 188 103 157 119 1296 172 179 129 1162 140 828 531 
53 48.181290 3497 226 217 141 235 41 179 77 247 40 56 18 214 22 166 46 295 41 72 24 100 27 45 10 266 34 54 13 224 21 138 20 1114 85 103 65 127 29 74 21 153 31 54 14 98 23 53 8 1178 73 98 41 130 31 62 13 1048 49 74 20 699 32 300 30 
54 53.808205 5758 771 331 69 301 17 131 1 371 29 70 5 189 7 63 1 475 50 90 7 111 6 23 1 324 22 51 2 165 3 18 1 1485 164 146 16 160 11 42 1 237 29 60 6 80 7 17 1 1406 67 98 8 130 7 25 1 922 27 55 2 298 4 23 1 
55 49.642212 6815 1196 449 30 169 8 1 1 285 22 9 1 17 1 1 1 458 67 25 2 22 2 1 1 115 7 1 1 1 1 1 1 1496 236 78 7 55 4 1 1 135 16 5 1 3 1 1 1 951 56 19 2 13 2 1 1 172 3 1 1 1 1 1 1 
56 72.774109 8098 3428 1731 1029 1042 235 134 24 676 225 109 26 24 8 1 1 953 473 287 81 96 31 6 2 100 34 4 1 1 1 1 1 2147 1115 710 273 324 117 48 14 270 125 47 14 3 3 1 1 1174 369 147 49 23 14 1 1 30 12 1 1 1 1 1 1 
57 54.263916 5338 3317 1475 1699 741 269 110 111 189 120 37 27 20 1 1 1 51 93 40 13 11 1 1 1 1 1 1 1 1 1 1 1 674 743 387 261 100 19 19 1 1 1 1 1 1 1 1 1 1 1 1 1 1 1 1 1 1 1 1 1 1 1 1 1 
58 61.131054 3121 3632 1671 2749 1180 906 676 1862 397 318 102 310 32 72 34 76 108 315 109 306 51 53 45 53 51 1 1 1 1 1 1 1 23 338 230 276 130 9 56 15 71 1 1 1 1 1 1 1 1 1 1 1 1 1 1 1 1 1 1 1 1 1 1 1 
59 78.656464 2423 3193 1890 3195 1564 1101 1215 2973 1246 1082 1037 1087 927 1072 1238 2481 355 119 211 680 53 112 199 682 60 26 70 411 63 23 71 648 148 240 452 957 238 176 313 918 173 34 116 526 94 32 120 647 142 1 1 1 1 1 1 1 1 1 1 1 1 1 1 1 
60 93.646942 814 1368 973 2444 1325 1063 1219 3018 924 743 879 1008 1078 1052 1302 2627 715 585 764 915 870 956 1013 1091 479 643 784 931 1049 1017 1314 2538 291 13 84 220 257 233 437 773 171 12 65 159 156 259 461 822 144 1 19 137 156 155 315 631 128 3 35 162 200 365 726 3654 
61 105.886246 467 944 521 1631 537 681 731 2299 1046 945 910 1035 1042 1020 1276 2719 772 672 657 828 620 779 789 973 1027 1044 986 1048 1268 1069 1446 2707 549 567 643 847 607 608 655 1031 848 883 918 972 906 960 1021 1290 616 951 808 1012 712 744 795 1127 1730 1421 1121 1246 2383 1430 2942 9548 
62 86.090424 10 37 60 215 51 81 158 565 66 87 161 229 144 192 309 1117 347 251 353 446 332 381 498 622 366 427 516 606 563 586 864 2202 438 282 420 552 457 386 505 782 439 392 511 585 489 545 682 978 776 986 897 1072 821 766 891 1160 1440 1215 1015 1153 2297 1313 3223 9750 
63 100.507248 21 52 93 267 89 150 248 818 159 167 270 381 276 376 581 1631 348 185 303 413 296 378 519 663 370 464 565 688 685 690 1053 2381 737 693 813 1027 857 782 922 1227 842 810 917 948 943 942 1057 1288 1121 1266 1120 1268 1064 963 1055 1269 2076 1445 1180 1264 2968 1452 3617 9962 
64 84.154915 1 1 1 1 1 1 13 60 3 7 47 63 55 78 225 859 78 29 113 161 136 171 334 407 242 290 441 505 577 547 956 2160 249 89 226 369 313 299 482 698 439 395 559 615 620 640 851 1118 700 756 820 984 837 766 950 1193 1821 1296 1132 1239 2978 1430 3654 9886 
65 104.589088 17 17 43 46 131 135 185 446 236 246 304 329 580 552 722 1489 543 483 513 537 740 746 814 872 997 927 907 932 1373 1053 1494 2600 1118 1058 1033 1158 1132 1010 1086 1317 1132 1035 1059 1030 1096 1031 1105 1310 2142 1615 1256 1345 1196 1038 1095 1278 3210 1523 1215 1272 3713 1465 3848 9796 
66 114.153114 286 256 260 393 282 235 336 661 544 477 552 524 677 544 782 1418 1013 951 958 964 966 948 981 1024 1303 1101 1045 1066 1471 1085 1516 2511 1519 1348 1195 1357 1158 1030 1091 1324 1129 1037 1062 1030 1098 1031 1104 1310 2749 1648 1250 1348 1195 1038 1096 1278 3449 1510 1201 1272 3719 1454 3812 9259 
67 44.814342 1 1 1 1 1 1 1 1 1 1 1 1 1 1 1 1 1 1 1 1 1 1 1 1 1 1 1 1 1 1 1 1 345 291 236 296 270 226 265 311 332 286 290 259 348 290 307 335 1218 889 700 835 730 679 706 790 1790 951 777 861 2221 927 2506 3677 
68 160.145584 5746 2795 1502 2687 1395 1107 1388 2789 1377 1102 1051 1088 1414 1087 1526 2564 1389 1128 1065 1075 1057 1048 1041 1106 1439 1122 1057 1067 1579 1098 1600 2470 2647 1668 1346 1438 1242 1034 1113 1353 1195 1040 1064 1030 1106 1031 1109 1311 3081 1680 1270 1348 1207 1038 1096 1278 3556 1520 1212 1272 3778 1457 3851 8500 
69 183.522217 7880 3528 1749 3196 1677 1117 1406 3105 1610 1106 1052 1094 1428 1091 1554 2683 1558 1128 1065 1075 1057 1048 1043 1106 1441 1122 1057 1067 1581 1098 1604 2546 2761 1672 1356 1438 1255 1034 1113 1353 1203 1040 1064 1030 1106 1031 1109 1311 3088 1689 1279 1348 1215 1038 1096 1278 3565 1530 1220 1272 3796 1467 3871 9000 
70 56.722473 6139 1827 1429 1411 1387 863 1328 1373 1398 851 1037 794 1341 845 1415 1199 1360 863 1042 787 1043 829 1027 788 1354 862 1033 794 1440 853 1408 1074 2491 1319 1195 1037 1121 892 1083 989 1119 896 1045 864 1081 890 1079 950 2805 1258 1133 981 1115 893 1065 941 3030 1128 1111 929 2865 1058 2628 1882 
71 209.562820 8568 4052 2002 3345 1800 1117 1406 3279 1684 1106 1052 1094 1428 1091 1554 2842 1653 1128 1065 1075 1057 1048 1043 1106 1441 1122 1057 1067 1580 1098 1595 2706 2824 1672 1356 1438 1255 1034 1113 1353 1203 1040 1064 1030 1106 1031 1109 1311 3088 1689 1279 1348 1215 1038 1096 1278 3559 1530 1220 1272 3715 1467 3636 9453 
72 221.223938 8555 4053 2059 3349 1823 1117 1403 3296 1683 1106 1052 1094 1418 1091 1538 2864 1653 1128 1065 1075 1057 1048 1043 1106 1437 1122 1057 1067 1566 1098 1584 2739 2823 1672 1356 1438 1255 1034 1113 1353 1203 1040 1064 1030 1106 1031 1109 1311 3068 1689 1279 1348 1215 1038 1096 1278 3424 1530 1220 1272 3469 1467 3560 9804 
73 180.365173 8148 4055 2077 3348 1838 1117 1393 3298 1667 1106 1052 1094 1390 1091 1518 2869 1638 1128 1065 1075 1057 1048 1043 1106 1404 1122 1057 1067 1538 1098 1570 2749 2648 1672 1356 1438 1255 1034 1113 1353 1203 1040 1064 1030 1106 1031 1109 1311 2685 1689 1279 1348 1215 1038 1096 1278 2966 1530 1220 1272 3156 1467 3318 9649 
74 173.414673 7393 4017 2077 3350 1836 1117 1400 3303 1668 1106 1052 1094 1400 1091 1545 2881 1625 1128 1065 1075 1057 1048 1043 1106 1397 1122 1057 1067 1548 1098 1596 2762 2345 1663 1356 1438 1255 1034 1113 1353 1203 1040 1064 1030 1106 1031 1109 1311 2406 1689 1279 1348 1215 1038 1096 1278 2840 1530 1220 1272 3133 1467 3397 9577 
75 201.100220 6726 3585 1910 3350 1851 1117 1406 3303 1688 1106 1052 1094 1427 1091 1554 2881 1650 1128 1065 1075 1057 1048 1043 1106 1438 1122 1057 1067 1581 1098 1604 2762 2427 1651 1356 1438 1255 1034 1113 1353 1203 1040 1064 1030 1106 1031 1109 1311 2674 1689 1279 1348 1215 1038 1096 1278 3226 1530 1220 1272 3598 1467 3795 10012 
76 216.553864 6364 3280 1636 3322 1682 1117 1406 3303 1679 1106 1052 1094 1428 1091 1554 2881 1653 1128 1065 1075 1057 1048 1043 1106 1441 1122 1057 1067 1581 1098 1604 2762 2618 1654 1356 1438 1255 1034 1113 1353 1203 1040 1064 1030 1106 1031 1109 1311 2979 1689 1279 1348 1215 1038 1096 1278 3548 1530 1220 1272 3796 1467 3871 10017 
77 198.280396 5943 3076 1548 3110 1546 1117 1406 3270 1617 1106 1052 1094 1428 1091 1554 2881 1653 1128 1065 1075 1057 1048 1043 1106 1441 1122 1057 1067 1581 1098 1604 2762 2746 1663 1356 1438 1255 1034 1113 1353 1203 1040 1064 1030 1106 1031 1109 1311 3082 1689 1279 1348 1215 1038 1096 1278 3565 1530 1220 1272 3796 1467 3871 10017 
78 188.712128 5744 3012 1546 2999 1502 1117 1403 3162 1557 1106 1052 1094 1428 1091 1554 2873 1629 1128 1065 1075 1057 1048 1043 1106 1441 1122 1057 1067 1581 1098 1604 2762 2809 1671 1356 1438 1255 1034 1113 1353 1203 1040 1064 1030 1106 1031 1109 1311 3088 1689 1279 1348 1215 1038 1096 1278 3565 1530 1220 1272 3796 1467 3871 10017 
79 212.076675 6970 3439 1679 3229 1625 1117 1406 3260 1613 1106 1052 1094 1428 1091 1554 2877 1635 1128 1065 1075 1057 1048 1043 1106 1441 1122 1057 1067 1581 1098 1604 2762 2823 1672 1356 1438 1255 1034 1113 1353 1203 1040 1064 1030 1106 1031 1109 1311 3088 1689 1279 1348 1215 1038 1096 1278 3565 1530 1220 1272 3796 1467 3871 10017 
80 304.965179 8568 4045 2020 3350 1818 1117 1406 3303 1686 1106 1052 1094 1428 1091 1554 2881 1653 1128 1065 1075 1057 1048 1043 1106 1441 1122 1057 1067 1581 1098 1604 2762 2824 1672 1356 1438 1255 1034 1113 1353 1203 1040 1064 1030 1106 1031 1109 1311 3088 1689 1279 1348 1215 1038 1096 1278 3565 1530 1220 1272 3796 1467 3871 10017 
81 348.526093 8568 4055 2079 3350 1851 1117 1406 3303 1689 1106 1052 1094 1428 1091 1554 2881 1653 1128 1065 1075 1057 1048 1043 1106 1441 1122 1057 1067 1581 1098 1604 2762 2824 1672 1356 1438 1255 1034 1113 1353 1203 1040 1064 1030 1106 1031 1109 1311 3088 1689 1279 1348 1215 1038 1096 1278 3565 1530 1220 1272 3796 1467 3871 10017 
82 363.299133 8568 4055 2079 3350 1851 1117 1406 3303 1689 1106 1052 1094 1428 1091 1554 2881 1653 1128 1065 1075 1057 1048 1043 1106 1441 1122 1057 1067 1581 1098 1604 2762 2824 1672 1356 1438 1255 1034 1113 1353 1203 1040 1064 1030 1106 1031 1109 1311 3088 1689 1279 1348 1215 1038 1096 1278 3565 1530 1220 1272 3796 1467 3871 10017 
83 330.375305 8568 4055 2079 3350 1851 1117 1406 3303 1689 1106 1052 1094 1428 1091 1554 2881 1653 1128 1065 1075 1057 1048 1043 1106 1441 1122 1057 1067 1581 1098 1604 2762 2824 1672 1356 1438 1255 1034 1113 1353 1203 1040 1064 1030 1106 1031 1109 1311 3088 1689 1279 1348 1215 1038 1096 1278 3565 1530 1220 1272 3796 1467 3871 10017 
84 305.722809 8568 4055 2079 3350 1851 1117 1406 3303 1689 1106 1052 1094 1428 1091 1554 2881 1653 1128 1065 1075 1057 1048 1043 1106 1441 1122 1057 1067 1581 1098 1604 2762 2824 1672 1356 1438 1255 1034 1113 1353 1203 1040 1064 1030 1106 1031 1109 1311 3088 1689 1279 1348 1215 1038 1096 1278 3565 1530 1220 1272 3796 1467 3871 10017 
85 304.816650 8568 4055 2079 3350 1850 1117 1406 3303 1689 1106 1052 1094 1428 1091 1554 2881 1653 1128 1065 1075 1057 1048 1043 1106 1441 1122 1057 1067 1581 1098 1604 2762 2824 1672 1356 1438 1255 1034 1113 1353 1203 1040 1064 1030 1106 1031 1109 1311 3088 1689 1279 1348 1215 1038 1096 1278 3565 1530 1220 1272 3796 1467 3871 10017 
86 279.311371 8568 4055 2079 3350 1846 1117 1406 3303 1688 1106 1052 1094 1428 1091 1554 2881 1650 1128 1065 1075 1057 1048 1043 1106 1441 1122 1057 1067 1581 1098 1604 2762 2822 1672 1356 1438 1255 1034 1113 1353 1203 1040 1064 1030 1106 1031 1109 1311 3088 1689 1279 1348 1215 1038 1096 1278 3565 1530 1220 1272 3796 1467 3871 10000 
87 228.933807 8560 4032 2075 3308 1796 1117 1406 3276 1602 1106 1052 1094 1428 1091 1554 2871 1539 1128 1065 1075 1057 1048 1043 1106 1441 1122 1057 1067 1581 1098 1604 2737 2736 1670 1352 1438 1251 1034 1113 1353 1202 1040 1064 1030 1106 1031 1109 1311 3085 1682 1273 1348 1212 1038 1096 1278 3555 1523 1214 1272 3777 1463 3855 9252 
88 225.501709 8563 4031 2079 3293 1821 1117 1406 3243 1601 1106 1052 1094 1428 1091 1554 2833 1510 1128 1065 1075 1057 1048 1043 1106 1441 1122 1057 1067 1581 1098 1604 2677 2716 1670 1352 1438 1249 1034 1113 1353 1201 1040 1064 1030 1106 1031 1109 1311 3085 1682 1273 1348 1211 1038 1096 1278 3554 1520 1212 1272 3770 1461 3848 8578 
89 195.546524 8516 3956 2026 3189 1731 1117 1406 3127 1539 1106 1052 1094 1428 1090 1552 2718 1457 1128 1065 1075 1057 1048 1043 1106 1441 1122 1057 1067 1580 1096 1601 2525 2674 1658 1327 1438 1227 1034 1113 1353 1177 1040 1064 1030 1106 1031 1109 1310 3050 1658 1242 1348 1179 1038 1096 1277 3497 1494 1181 1271 3663 1419 3687 7006 
90 189.648743 8488 3901 2018 3133 1696 1117 1406 3077 1509 1106 1051 1094 1427 1089 1551 2648 1428 1128 1064 1075 1057 1048 1043 1106 1441 1120 1056 1067 1579 1095 1600 2414 2658 1647 1313 1438 1211 1034 1113 1349 1167 1040 1064 1030 1106 1031 1109 1304 3035 1646 1227 1344 1167 1038 1096 1271 3466 1471 1170 1264 3608 1400 3578 6028 
91 212.984192 8556 4006 2078 3234 1796 1117 1406 3146 1554 1106 1052 1094 1428 1091 1554 2719 1466 1128 1065 1075 1057 1048 1043 1106 1441 1122 1057 1067 1581 1098 1604 2487 2684 1668 1342 1438 1235 1034 1113 1353 1184 1040 1064 1030 1106 1031 1109 1309 3073 1676 1260 1348 1190 1038 1096 1277 3538 1512 1198 1271 3726 1446 3711 6384 
92 220.049011 8568 4052 2079 3301 1839 1117 1406 3180 1601 1106 1052 1094 1428 1091 1554 2714 1487 1128 1065 1075 1057 1048 1043 1106 1441 1122 1057 1067 1581 1098 1604 2480 2696 1672 1356 1438 1249 1034 1113 1353 1196 1040 1064 1030 1106 1031 1109 1311 3082 1689 1277 1348 1211 1038 1096 1278 3554 1528 1217 1272 3747 1467 3688 6138 
93 181.105942 8568 4052 2079 3313 1838 1117 1406 3148 1590 1106 1052 1094 1428 1091 1554 2564 1464 1128 1065 1075 1057 1048 1043 1106 1441 1122 1057 1067 1581 1098 1597 2229 2673 1672 1356 1438 1250 1034 1113 1353 1191 1040 1064 1030 1106 1031 1109 1308 3071 1688 1273 1348 1207 1038 1096 1276 3507 1517 1204 1271 3375 1424 3051 4619 
94 190.662842 8568 4055 2079 3350 1846 1117 1406 3294 1652 1106 1052 1094 1428 1091 1554 2759 1516 1128 1065 1075 1057 1048 1043 1106 1441 1122 1057 1067 1579 1098 1596 2401 2695 1672 1356 1438 1254 1034 1113 1353 1203 1040 1064 1030 1106 1031 1109 1311 3081 1688 1278 1348 1214 1038 1096 1278 3385 1516 1207 1272 3295 1438 3083 5061 
95 200.934052 8568 4055 2079 3350 1850 1117 1406 3303 1682 1106 1052 1094 1428 1091 1554 2879 1597 1128 1065 1075 1057 1048 1043 1106 1441 1122 1057 1067 1581 1098 1603 2625 2736 1672 1356 1438 1255 1034 1113 1353 1203 1040 1064 1030 1106 1031 1109 1311 3059 1688 1278 1348 1215 1038 1096 1278 3364 1519 1213 1272 3379 1460 3252 5943 
96 94.553719 8316 4028 2077 3287 1828 1117 1395 3188 1611 1106 1052 1094 1398 1091 1520 2683 1487 1128 1065 1075 1057 1048 1043 1106 1404 1122 1057 1067 1527 1098 1545 2260 2282 1646 1321 1414 1215 1034 1107 1323 1159 1039 1056 1029 1094 1029 1101 1269 2083 1543 1177 1259 1132 1033 1078 1192 1882 1292 1104 1154 1666 1204 1571 2171 
97 292.693848 8568 4055 2079 3350 1851 1117 1406 3303 1689 1106 1052 1094 1428 1091 1554 2881 1653 1128 1065 1075 1057 1048 1043 1106 1441 1122 1057 1067 1581 1098 1604 2762 2824 1672 1356 1438 1255 1034 1113 1353 1203 1040 1064 1030 1106 1031 1109 1311 3088 1689 1279 1348 1215 1038 1096 1278 3545 1530 1220 1272 3748 1467 3828 10001 
98 266.146606 8568 4055 2079 3350 1851 1117 1406 3303 1689 1106 1052 1094 1428 1091 1554 2881 1653 1128 1065 1075 1057 1048 1043 1106 1441 1122 1057 1067 1581 1098 1604 2762 2824 1672 1356 1438 1255 1034 1113 1353 1203 1040 1064 1030 1106 1031 1109 1311 3086 1689 1279 1348 1215 1038 1096 1278 3552 1530 1220 1272 3795 1467 3871 10017 
99 268.314209 8568 4055 2079 3350 1851 1117 1406 3303 1689 1106 1052 1094 1428 1091 1554 2881 1653 1128 1065 1075 1057 1048 1043 1106 1441 1122 1057 1067 1581 1098 1604 2762 2824 1672 1356 1438 1255 1034 1113 1353 1203 1040 1064 1030 1106 1031 1109 1311 3086 1689 1279 1348 1215 1038 1096 1278 3562 1530 1220 1272 3796 1467 3871 10017 
