2.159019
3.114543
2.680339
2.853187
2.839864
2.809063
2.856251
2.858892
2.883614
2.735038
2.646014
2.784183
2.045381
2.964660
1.485707
2.766913
2.672652
2.815802
2.936347
2.994902
3.018031
2.799981
2.776256
2.767174
2.571198
2.983397
2.874562
2.489131
2.285909
3.440864
2.935126
2.949840
2.894413
2.702297
2.680312
2.205795
3.230098
2.404569
2.277098
3.132436
3.245486
2.837991
2.894582
2.948158
2.700236
2.943678
3.222303
2.922368
2.814786
2.983863
2.890300
2.540004
3.295832
3.109313
2.669932
2.622476
3.369141
2.491681
0.565986
3.044047
2.924307
3.029534
2.991878
1.293964
2.998333
3.041519
2.549193
3.212367
3.058131
2.625424
2.747316
2.894163
2.562869
2.599518
2.823557
2.952449
2.940944
2.654459
2.118670
3.084415
2.438946
2.219635
2.705899
3.092307
3.054043
2.176246
2.005919
2.943119
2.787659
2.854538
2.831603
2.886737
2.186737
3.062683
2.915371
2.482371
2.795939
2.708935
2.980991
2.753706
