#query #bsf #th #total_pqs #per_pq_size
0 86.219131 2147483647 64 4971 28737 1731 19864 2555 5053 1077 1860 4809 17723 2586 6450 6983 6462 10033 1540 2706 8967 8577 3204 9892 1157 2133 1039 1341 2572 39188 1676 11870 2371 12275 1079 2983 1122 1972 2193 4913 995 1064 1022 1213 1048 1291 1247 2185 1091 1122 1065 1261 1445 4135 6134 9853 985 1108 1103 1258 1405 4663 2075 8387 1415 2304 2836 
1 87.447029 2147483647 64 4971 28737 1731 19864 2555 5053 1077 1860 4809 17723 2586 6450 6983 6462 10033 1540 2706 8967 8577 3204 9892 1157 2133 1039 1341 2572 39188 1676 11870 2371 12275 1079 2983 1122 1972 2193 4913 995 1064 1022 1213 1048 1291 1247 2185 1091 1122 1065 1261 1445 4135 6134 9853 985 1108 1103 1258 1405 4663 2075 8387 1415 2304 2836 
2 83.918365 2147483647 64 4971 28737 1731 19864 2555 5053 1077 1860 4809 17723 2586 6450 6983 6462 10033 1540 2706 8967 8577 3204 9892 1157 2133 1039 1341 2572 39188 1676 11870 2371 12275 1079 2983 1122 1972 2193 4913 995 1064 1022 1213 1048 1291 1247 2185 1091 1122 1065 1261 1445 4135 6134 9853 985 1108 1103 1258 1405 4663 2075 8387 1415 2304 2836 
3 97.223892 2147483647 64 4971 28737 1731 19864 2555 5053 1077 1860 4809 17723 2586 6450 6983 6462 10033 1540 2706 8967 8577 3204 9892 1157 2133 1039 1341 2572 39188 1676 11870 2371 12275 1079 2983 1122 1972 2193 4913 995 1064 1022 1213 1048 1291 1247 2185 1091 1122 1065 1261 1445 4135 6134 9853 985 1108 1103 1258 1405 4663 2075 8387 1415 2304 2836 
4 115.354942 2147483647 64 4971 28737 1731 19864 2555 5053 1077 1860 4809 17723 2586 6450 6983 6462 10033 1540 2706 8967 8577 3204 9892 1157 2133 1039 1341 2572 39188 1676 11870 2371 12275 1079 2983 1122 1972 2193 4913 995 1064 1022 1213 1048 1291 1247 2185 1091 1122 1065 1261 1445 4135 6134 9853 985 1108 1103 1258 1405 4663 2075 8387 1415 2304 2836 
5 81.222496 2147483647 64 4971 28737 1731 19864 2555 5053 1077 1860 4809 17723 2586 6450 6983 6462 10033 1540 2706 8967 8577 3204 9892 1157 2133 1039 1341 2572 39188 1676 11870 2371 12275 1079 2983 1122 1972 2193 4913 995 1064 1022 1213 1048 1291 1247 2185 1091 1122 1065 1261 1445 4135 6134 9853 985 1108 1103 1258 1405 4663 2075 8387 1415 2304 2836 
6 97.181786 2147483647 64 4971 28737 1731 19864 2555 5053 1077 1860 4809 17723 2586 6450 6983 6462 10033 1540 2706 8967 8577 3204 9892 1157 2133 1039 1341 2572 39188 1676 11870 2371 12275 1079 2983 1122 1972 2193 4913 995 1064 1022 1213 1048 1291 1247 2185 1091 1122 1065 1261 1445 4135 6134 9853 985 1108 1103 1258 1405 4663 2075 8387 1415 2304 2836 
7 77.911194 2147483647 64 4971 28737 1731 19864 2555 5053 1077 1860 4809 17723 2586 6450 6983 6462 10033 1540 2706 8967 8577 3204 9892 1157 2133 1039 1341 2572 39188 1676 11870 2371 12275 1079 2983 1122 1972 2193 4913 995 1064 1022 1213 1048 1291 1247 2185 1091 1122 1065 1261 1445 4135 6134 9853 985 1108 1103 1258 1405 4663 2075 8387 1415 2304 2836 
8 82.081947 2147483647 64 4971 28737 1731 19864 2555 5053 1077 1860 4809 17723 2586 6450 6983 6462 10033 1540 2706 8967 8577 3204 9892 1157 2133 1039 1341 2572 39188 1676 11870 2371 12275 1079 2983 1122 1972 2193 4913 995 1064 1022 1213 1048 1291 1247 2185 1091 1122 1065 1261 1445 4135 6134 9853 985 1108 1103 1258 1405 4663 2075 8387 1415 2304 2836 
9 81.015686 2147483647 64 4971 28737 1731 19864 2555 5053 1077 1860 4809 17723 2586 6450 6983 6462 10033 1540 2706 8967 8577 3204 9892 1157 2133 1039 1341 2572 39188 1676 11870 2371 12275 1079 2983 1122 1972 2193 4913 995 1064 1022 1213 1048 1291 1247 2185 1091 1122 1065 1261 1445 4135 6134 9853 985 1108 1103 1258 1405 4663 2075 8387 1415 2304 2836 
10 92.577354 2147483647 64 4971 28737 1731 19864 2555 5053 1077 1860 4809 17723 2586 6450 6983 6462 10033 1540 2706 8967 8577 3204 9892 1157 2133 1039 1341 2572 39188 1676 11870 2371 12275 1079 2983 1122 1972 2193 4913 995 1064 1022 1213 1048 1291 1247 2185 1091 1122 1065 1261 1445 4135 6134 9853 985 1108 1103 1258 1405 4663 2075 8387 1415 2304 2836 
11 94.230400 2147483647 64 4971 28737 1731 19864 2555 5053 1077 1860 4809 17723 2586 6450 6983 6462 10033 1540 2706 8967 8577 3204 9892 1157 2133 1039 1341 2572 39188 1676 11870 2371 12275 1079 2983 1122 1972 2193 4913 995 1064 1022 1213 1048 1291 1247 2185 1091 1122 1065 1261 1445 4135 6134 9853 985 1108 1103 1258 1405 4663 2075 8387 1415 2304 2836 
12 87.590309 2147483647 64 4971 28737 1731 19864 2555 5053 1077 1860 4809 17723 2586 6450 6983 6462 10033 1540 2706 8967 8577 3204 9892 1157 2133 1039 1341 2572 39188 1676 11870 2371 12275 1079 2983 1122 1972 2193 4913 995 1064 1022 1213 1048 1291 1247 2185 1091 1122 1065 1261 1445 4135 6134 9853 985 1108 1103 1258 1405 4663 2075 8387 1415 2304 2836 
13 106.535385 2147483647 64 4971 28737 1731 19864 2555 5053 1077 1860 4809 17723 2586 6450 6983 6462 10033 1540 2706 8967 8577 3204 9892 1157 2133 1039 1341 2572 39188 1676 11870 2371 12275 1079 2983 1122 1972 2193 4913 995 1064 1022 1213 1048 1291 1247 2185 1091 1122 1065 1261 1445 4135 6134 9853 985 1108 1103 1258 1405 4663 2075 8387 1415 2304 2836 
14 64.685692 2147483647 64 4971 28737 1731 19864 2555 5053 1077 1860 4809 17723 2586 6450 6983 6462 10033 1540 2706 8967 8577 3204 9892 1157 2133 1039 1341 2572 39188 1676 11870 2371 12275 1079 2983 1122 1972 2193 4913 995 1064 1022 1213 1048 1291 1247 2185 1091 1122 1065 1261 1445 4135 6134 9853 985 1108 1103 1258 1405 4663 2075 8387 1415 2304 2836 
15 104.651711 2147483647 64 4971 28737 1731 19864 2555 5053 1077 1860 4809 17723 2586 6450 6983 6462 10033 1540 2706 8967 8577 3204 9892 1157 2133 1039 1341 2572 39188 1676 11870 2371 12275 1079 2983 1122 1972 2193 4913 995 1064 1022 1213 1048 1291 1247 2185 1091 1122 1065 1261 1445 4135 6134 9853 985 1108 1103 1258 1405 4663 2075 8387 1415 2304 2836 
16 67.012016 2147483647 64 4971 28737 1731 19864 2555 5053 1077 1860 4809 17723 2586 6450 6983 6462 10033 1540 2706 8967 8577 3204 9892 1157 2133 1039 1341 2572 39188 1676 11870 2371 12275 1079 2983 1122 1972 2193 4913 995 1064 1022 1213 1048 1291 1247 2185 1091 1122 1065 1261 1445 4135 6134 9853 985 1108 1103 1258 1405 4663 2075 8387 1415 2304 2836 
17 89.391640 2147483647 64 4971 28737 1731 19864 2555 5053 1077 1860 4809 17723 2586 6450 6983 6462 10033 1540 2706 8967 8577 3204 9892 1157 2133 1039 1341 2572 39188 1676 11870 2371 12275 1079 2983 1122 1972 2193 4913 995 1064 1022 1213 1048 1291 1247 2185 1091 1122 1065 1261 1445 4135 6134 9853 985 1108 1103 1258 1405 4663 2075 8387 1415 2304 2836 
18 79.501244 2147483647 64 4971 28737 1731 19864 2555 5053 1077 1860 4809 17723 2586 6450 6983 6462 10033 1540 2706 8967 8577 3204 9892 1157 2133 1039 1341 2572 39188 1676 11870 2371 12275 1079 2983 1122 1972 2193 4913 995 1064 1022 1213 1048 1291 1247 2185 1091 1122 1065 1261 1445 4135 6134 9853 985 1108 1103 1258 1405 4663 2075 8387 1415 2304 2836 
19 100.314339 2147483647 64 4971 28737 1731 19864 2555 5053 1077 1860 4809 17723 2586 6450 6983 6462 10033 1540 2706 8967 8577 3204 9892 1157 2133 1039 1341 2572 39188 1676 11870 2371 12275 1079 2983 1122 1972 2193 4913 995 1064 1022 1213 1048 1291 1247 2185 1091 1122 1065 1261 1445 4135 6134 9853 985 1108 1103 1258 1405 4663 2075 8387 1415 2304 2836 
20 112.641960 2147483647 64 4971 28737 1731 19864 2555 5053 1077 1860 4809 17723 2586 6450 6983 6462 10033 1540 2706 8967 8577 3204 9892 1157 2133 1039 1341 2572 39188 1676 11870 2371 12275 1079 2983 1122 1972 2193 4913 995 1064 1022 1213 1048 1291 1247 2185 1091 1122 1065 1261 1445 4135 6134 9853 985 1108 1103 1258 1405 4663 2075 8387 1415 2304 2836 
21 95.053177 2147483647 64 4971 28737 1731 19864 2555 5053 1077 1860 4809 17723 2586 6450 6983 6462 10033 1540 2706 8967 8577 3204 9892 1157 2133 1039 1341 2572 39188 1676 11870 2371 12275 1079 2983 1122 1972 2193 4913 995 1064 1022 1213 1048 1291 1247 2185 1091 1122 1065 1261 1445 4135 6134 9853 985 1108 1103 1258 1405 4663 2075 8387 1415 2304 2836 
22 90.518646 2147483647 64 4971 28737 1731 19864 2555 5053 1077 1860 4809 17723 2586 6450 6983 6462 10033 1540 2706 8967 8577 3204 9892 1157 2133 1039 1341 2572 39188 1676 11870 2371 12275 1079 2983 1122 1972 2193 4913 995 1064 1022 1213 1048 1291 1247 2185 1091 1122 1065 1261 1445 4135 6134 9853 985 1108 1103 1258 1405 4663 2075 8387 1415 2304 2836 
23 105.749466 2147483647 64 4971 28737 1731 19864 2555 5053 1077 1860 4809 17723 2586 6450 6983 6462 10033 1540 2706 8967 8577 3204 9892 1157 2133 1039 1341 2572 39188 1676 11870 2371 12275 1079 2983 1122 1972 2193 4913 995 1064 1022 1213 1048 1291 1247 2185 1091 1122 1065 1261 1445 4135 6134 9853 985 1108 1103 1258 1405 4663 2075 8387 1415 2304 2836 
24 79.933662 2147483647 64 4971 28737 1731 19864 2555 5053 1077 1860 4809 17723 2586 6450 6983 6462 10033 1540 2706 8967 8577 3204 9892 1157 2133 1039 1341 2572 39188 1676 11870 2371 12275 1079 2983 1122 1972 2193 4913 995 1064 1022 1213 1048 1291 1247 2185 1091 1122 1065 1261 1445 4135 6134 9853 985 1108 1103 1258 1405 4663 2075 8387 1415 2304 2836 
25 89.170868 2147483647 64 4971 28737 1731 19864 2555 5053 1077 1860 4809 17723 2586 6450 6983 6462 10033 1540 2706 8967 8577 3204 9892 1157 2133 1039 1341 2572 39188 1676 11870 2371 12275 1079 2983 1122 1972 2193 4913 995 1064 1022 1213 1048 1291 1247 2185 1091 1122 1065 1261 1445 4135 6134 9853 985 1108 1103 1258 1405 4663 2075 8387 1415 2304 2836 
26 74.818016 2147483647 64 4971 28737 1731 19864 2555 5053 1077 1860 4809 17723 2586 6450 6983 6462 10033 1540 2706 8967 8577 3204 9892 1157 2133 1039 1341 2572 39188 1676 11870 2371 12275 1079 2983 1122 1972 2193 4913 995 1064 1022 1213 1048 1291 1247 2185 1091 1122 1065 1261 1445 4135 6134 9853 985 1108 1103 1258 1405 4663 2075 8387 1415 2304 2836 
27 74.672028 2147483647 64 4971 28737 1731 19864 2555 5053 1077 1860 4809 17723 2586 6450 6983 6462 10033 1540 2706 8967 8577 3204 9892 1157 2133 1039 1341 2572 39188 1676 11870 2371 12275 1079 2983 1122 1972 2193 4913 995 1064 1022 1213 1048 1291 1247 2185 1091 1122 1065 1261 1445 4135 6134 9853 985 1108 1103 1258 1405 4663 2074 8387 1415 2304 2836 
28 96.971397 2147483647 64 4971 28737 1731 19864 2555 5053 1077 1860 4809 17723 2586 6450 6983 6462 10033 1540 2706 8967 8577 3204 9892 1157 2133 1039 1341 2572 39188 1676 11870 2371 12275 1079 2983 1122 1972 2193 4913 995 1064 1022 1213 1048 1291 1247 2185 1091 1122 1065 1261 1445 4135 6134 9853 985 1108 1103 1258 1405 4663 2075 8387 1415 2304 2836 
29 101.089218 2147483647 64 4971 28737 1731 19864 2555 5053 1077 1860 4809 17723 2586 6450 6983 6462 10033 1540 2706 8967 8577 3204 9892 1157 2133 1039 1341 2572 39188 1676 11870 2371 12275 1079 2983 1122 1972 2193 4913 995 1064 1022 1213 1048 1291 1247 2185 1091 1122 1065 1261 1445 4135 6134 9853 985 1108 1103 1258 1405 4663 2075 8387 1415 2304 2836 
30 101.004089 2147483647 64 4971 28737 1731 19864 2555 5053 1077 1860 4809 17723 2586 6450 6983 6462 10033 1540 2706 8967 8577 3204 9892 1157 2133 1039 1341 2572 39188 1676 11870 2371 12275 1079 2983 1122 1972 2193 4913 995 1064 1022 1213 1048 1291 1247 2185 1091 1122 1065 1261 1445 4135 6134 9853 985 1108 1103 1258 1405 4663 2075 8387 1415 2304 2836 
31 90.635963 2147483647 64 4971 28737 1731 19864 2555 5053 1077 1860 4809 17723 2586 6450 6983 6462 10033 1540 2706 8967 8577 3204 9892 1157 2133 1039 1341 2572 39188 1676 11870 2371 12275 1079 2983 1122 1972 2193 4913 995 1064 1022 1213 1048 1291 1247 2185 1091 1122 1065 1261 1445 4135 6134 9853 985 1108 1103 1258 1405 4663 2075 8387 1415 2304 2836 
32 97.535858 2147483647 64 4971 28737 1731 19864 2555 5053 1077 1860 4809 17723 2586 6450 6983 6462 10033 1540 2706 8967 8577 3204 9892 1157 2133 1039 1341 2572 39188 1676 11870 2371 12275 1079 2983 1122 1972 2193 4913 995 1064 1022 1213 1048 1291 1247 2185 1091 1122 1065 1261 1445 4135 6134 9853 985 1108 1103 1258 1405 4663 2075 8387 1415 2304 2836 
33 115.237404 2147483647 64 4971 28737 1731 19864 2555 5053 1077 1860 4809 17723 2586 6450 6983 6462 10033 1540 2706 8967 8577 3204 9892 1157 2133 1039 1341 2572 39188 1676 11870 2371 12275 1079 2983 1122 1972 2193 4913 995 1064 1022 1213 1048 1291 1247 2185 1091 1122 1065 1261 1445 4135 6134 9853 985 1108 1103 1258 1405 4663 2075 8387 1415 2304 2836 
34 93.550087 2147483647 64 4971 28737 1731 19864 2555 5053 1077 1860 4809 17723 2586 6450 6983 6462 10033 1540 2706 8967 8577 3204 9892 1157 2133 1039 1341 2572 39188 1676 11870 2371 12275 1079 2983 1122 1972 2193 4913 995 1064 1022 1213 1048 1291 1247 2185 1091 1122 1065 1261 1445 4135 6134 9853 985 1108 1103 1258 1405 4663 2075 8387 1415 2304 2836 
35 94.807747 2147483647 64 4971 28737 1731 19864 2555 5053 1077 1860 4809 17723 2586 6450 6983 6462 10033 1540 2706 8967 8577 3204 9892 1157 2133 1039 1341 2572 39188 1676 11870 2371 12275 1079 2983 1122 1972 2193 4913 995 1064 1022 1213 1048 1291 1247 2185 1091 1122 1065 1261 1445 4135 6134 9853 985 1108 1103 1258 1405 4663 2075 8387 1415 2304 2836 
36 116.252205 2147483647 64 4971 28737 1731 19864 2555 5053 1077 1860 4809 17723 2586 6450 6983 6462 10033 1540 2706 8967 8577 3204 9892 1157 2133 1039 1341 2572 39188 1676 11870 2371 12275 1079 2983 1122 1972 2193 4913 995 1064 1022 1213 1048 1291 1247 2185 1091 1122 1065 1261 1445 4135 6134 9853 985 1108 1103 1258 1405 4663 2075 8387 1415 2304 2836 
37 80.249893 2147483647 64 4971 28737 1731 19864 2555 5053 1077 1860 4809 17723 2586 6450 6983 6462 10033 1540 2706 8967 8577 3204 9892 1157 2133 1039 1341 2572 39188 1676 11870 2371 12275 1079 2983 1122 1972 2193 4913 995 1064 1022 1213 1048 1291 1247 2185 1091 1122 1065 1261 1445 4135 6134 9853 985 1108 1103 1258 1405 4663 2075 8387 1415 2304 2836 
38 49.220676 2147483647 64 4971 28737 1731 19864 2555 5053 1077 1860 4809 17723 2586 6450 6983 6462 10033 1540 2706 8967 8577 3204 9892 1157 2133 1039 1341 2572 39188 1676 11870 2371 12275 1079 2983 1122 1972 2193 4913 995 1064 1022 1213 1048 1291 1247 2185 1091 1122 1065 1259 1445 4135 6128 9842 985 1108 1103 1256 1403 4661 2059 8374 1410 2300 2791 
39 97.094337 2147483647 64 4971 28737 1731 19864 2555 5053 1077 1860 4809 17723 2586 6450 6983 6462 10033 1540 2706 8967 8577 3204 9892 1157 2133 1039 1341 2572 39188 1676 11870 2371 12275 1079 2983 1122 1972 2193 4913 995 1064 1022 1213 1048 1291 1247 2185 1091 1122 1065 1261 1445 4135 6134 9853 985 1108 1103 1258 1405 4663 2075 8387 1415 2304 2836 
40 104.142792 2147483647 64 4971 28737 1731 19864 2555 5053 1077 1860 4809 17723 2586 6450 6983 6462 10033 1540 2706 8967 8577 3204 9892 1157 2133 1039 1341 2572 39188 1676 11870 2371 12275 1079 2983 1122 1972 2193 4913 995 1064 1022 1213 1048 1291 1247 2185 1091 1122 1065 1261 1445 4135 6134 9853 985 1108 1103 1258 1405 4663 2075 8387 1415 2304 2836 
41 90.171364 2147483647 64 4971 28737 1731 19864 2555 5053 1077 1860 4809 17723 2586 6450 6983 6462 10033 1540 2706 8967 8577 3204 9892 1157 2133 1039 1341 2572 39188 1676 11870 2371 12275 1079 2983 1122 1972 2193 4913 995 1064 1022 1213 1048 1291 1247 2185 1091 1122 1065 1261 1445 4135 6134 9853 985 1108 1103 1258 1405 4663 2075 8387 1415 2304 2836 
42 109.393860 2147483647 64 4971 28737 1731 19864 2555 5053 1077 1860 4809 17723 2586 6450 6983 6462 10033 1540 2706 8967 8577 3204 9892 1157 2133 1039 1341 2572 39188 1676 11870 2371 12275 1079 2983 1122 1972 2193 4913 995 1064 1022 1213 1048 1291 1247 2185 1091 1122 1065 1261 1445 4135 6134 9853 985 1108 1103 1258 1405 4663 2075 8387 1415 2304 2836 
43 126.731377 2147483647 64 4971 28737 1731 19864 2555 5053 1077 1860 4809 17723 2586 6450 6983 6462 10033 1540 2706 8967 8577 3204 9892 1157 2133 1039 1341 2572 39188 1676 11870 2371 12275 1079 2983 1122 1972 2193 4913 995 1064 1022 1213 1048 1291 1247 2185 1091 1122 1065 1261 1445 4135 6134 9853 985 1108 1103 1258 1405 4663 2075 8387 1415 2304 2836 
44 108.021355 2147483647 64 4971 28737 1731 19864 2555 5053 1077 1860 4809 17723 2586 6450 6983 6462 10033 1540 2706 8967 8577 3204 9892 1157 2133 1039 1341 2572 39188 1676 11870 2371 12275 1079 2983 1122 1972 2193 4913 995 1064 1022 1213 1048 1291 1247 2185 1091 1122 1065 1261 1445 4135 6134 9853 985 1108 1103 1258 1405 4663 2075 8387 1415 2304 2836 
45 82.145088 2147483647 64 4971 28737 1731 19864 2555 5053 1077 1860 4809 17723 2586 6450 6983 6462 10033 1540 2706 8967 8577 3204 9892 1157 2133 1039 1341 2572 39188 1676 11870 2371 12275 1079 2983 1122 1972 2193 4913 995 1064 1022 1213 1048 1291 1247 2185 1091 1122 1065 1261 1445 4135 6134 9853 985 1108 1103 1258 1405 4663 2075 8387 1415 2304 2836 
46 123.710907 2147483647 64 4971 28737 1731 19864 2555 5053 1077 1860 4809 17723 2586 6450 6983 6462 10033 1540 2706 8967 8577 3204 9892 1157 2133 1039 1341 2572 39188 1676 11870 2371 12275 1079 2983 1122 1972 2193 4913 995 1064 1022 1213 1048 1291 1247 2185 1091 1122 1065 1261 1445 4135 6134 9853 985 1108 1103 1258 1405 4663 2075 8387 1415 2304 2836 
47 95.778877 2147483647 64 4971 28737 1731 19864 2555 5053 1077 1860 4809 17723 2586 6450 6983 6462 10033 1540 2706 8967 8577 3204 9892 1157 2133 1039 1341 2572 39188 1676 11870 2371 12275 1079 2983 1122 1972 2193 4913 995 1064 1022 1213 1048 1291 1247 2185 1091 1122 1065 1261 1445 4135 6134 9853 985 1108 1103 1258 1405 4663 2075 8387 1415 2304 2836 
48 79.495941 2147483647 64 4971 28737 1731 19864 2555 5053 1077 1860 4809 17723 2586 6450 6983 6462 10033 1540 2706 8967 8577 3204 9892 1157 2133 1039 1341 2572 39188 1676 11870 2371 12275 1079 2983 1122 1972 2193 4913 995 1064 1022 1213 1048 1291 1247 2185 1091 1122 1065 1261 1445 4135 6134 9853 985 1108 1103 1258 1405 4663 2075 8387 1415 2304 2836 
49 111.231422 2147483647 64 4971 28737 1731 19864 2555 5053 1077 1860 4809 17723 2586 6450 6983 6462 10033 1540 2706 8967 8577 3204 9892 1157 2133 1039 1341 2572 39188 1676 11870 2371 12275 1079 2983 1122 1972 2193 4913 995 1064 1022 1213 1048 1291 1247 2185 1091 1122 1065 1261 1445 4135 6134 9853 985 1108 1103 1258 1405 4663 2075 8387 1415 2304 2836 
50 99.314987 2147483647 64 4971 28737 1731 19864 2555 5053 1077 1860 4809 17723 2586 6450 6983 6462 10033 1540 2706 8967 8577 3204 9892 1157 2133 1039 1341 2572 39188 1676 11870 2371 12275 1079 2983 1122 1972 2193 4913 995 1064 1022 1213 1048 1291 1247 2185 1091 1122 1065 1261 1445 4135 6134 9853 985 1108 1103 1258 1405 4663 2075 8387 1415 2304 2836 
51 111.112511 2147483647 64 4971 28737 1731 19864 2555 5053 1077 1860 4809 17723 2586 6450 6983 6462 10033 1540 2706 8967 8577 3204 9892 1157 2133 1039 1341 2572 39188 1676 11870 2371 12275 1079 2983 1122 1972 2193 4913 995 1064 1022 1213 1048 1291 1247 2185 1091 1122 1065 1261 1445 4135 6134 9853 985 1108 1103 1258 1405 4663 2075 8387 1415 2304 2836 
52 108.991333 2147483647 64 4971 28737 1731 19864 2555 5053 1077 1860 4809 17723 2586 6450 6983 6462 10033 1540 2706 8967 8577 3204 9892 1157 2133 1039 1341 2572 39188 1676 11870 2371 12275 1079 2983 1122 1972 2193 4913 995 1064 1022 1213 1048 1291 1247 2185 1091 1122 1065 1261 1445 4135 6134 9853 985 1108 1103 1258 1405 4663 2075 8387 1415 2304 2836 
53 108.313995 2147483647 64 4971 28737 1731 19864 2555 5053 1077 1860 4809 17723 2586 6450 6983 6462 10033 1540 2706 8967 8577 3204 9892 1157 2133 1039 1341 2572 39188 1676 11870 2371 12275 1079 2983 1122 1972 2193 4913 995 1064 1022 1213 1048 1291 1247 2185 1091 1122 1065 1261 1445 4135 6134 9853 985 1108 1103 1258 1405 4663 2075 8387 1415 2304 2836 
54 94.146431 2147483647 64 4971 28737 1731 19864 2555 5053 1077 1860 4809 17723 2586 6450 6983 6462 10033 1540 2706 8967 8577 3204 9892 1157 2133 1039 1341 2572 39188 1676 11870 2371 12275 1079 2983 1122 1972 2193 4913 995 1064 1022 1213 1048 1291 1247 2185 1091 1122 1065 1261 1445 4135 6134 9853 985 1108 1103 1258 1405 4663 2075 8387 1415 2304 2836 
55 72.729065 2147483647 64 4971 28737 1731 19864 2555 5053 1077 1860 4809 17723 2586 6450 6983 6462 10033 1540 2706 8967 8577 3204 9892 1157 2133 1039 1341 2572 39188 1676 11870 2371 12275 1079 2983 1122 1972 2193 4913 995 1064 1022 1213 1048 1291 1247 2185 1091 1122 1065 1261 1445 4135 6134 9853 985 1108 1103 1258 1405 4663 2075 8387 1415 2304 2836 
56 102.694885 2147483647 64 4971 28737 1731 19864 2555 5053 1077 1860 4809 17723 2586 6450 6983 6462 10033 1540 2706 8967 8577 3204 9892 1157 2133 1039 1341 2572 39188 1676 11870 2371 12275 1079 2983 1122 1972 2193 4913 995 1064 1022 1213 1048 1291 1247 2185 1091 1122 1065 1261 1445 4135 6134 9853 985 1108 1103 1258 1405 4663 2075 8387 1415 2304 2836 
57 94.017860 2147483647 64 4971 28737 1731 19864 2555 5053 1077 1860 4809 17723 2586 6450 6983 6462 10033 1540 2706 8967 8577 3204 9892 1157 2133 1039 1341 2572 39188 1676 11870 2371 12275 1079 2983 1122 1972 2193 4913 995 1064 1022 1213 1048 1291 1247 2185 1091 1122 1065 1261 1445 4135 6134 9853 985 1108 1103 1258 1405 4663 2075 8387 1415 2304 2836 
58 46.573650 2147483647 64 4970 28699 1727 19781 2519 4886 1061 1792 4739 17407 2561 6342 3849 6415 8814 1432 2567 8684 8133 3178 9543 1135 2017 1006 1303 2332 36771 1644 11000 1659 9643 1015 2364 1100 1926 2140 4763 964 1021 970 1140 1011 1244 1176 2072 972 1039 955 1145 1406 3781 5982 8769 946 1027 1031 1126 1236 3855 1862 6608 1085 1564 1730 
59 99.517776 2147483647 64 4971 28737 1731 19864 2555 5053 1077 1860 4809 17723 2586 6450 6983 6462 10033 1540 2706 8967 8577 3204 9892 1157 2133 1039 1341 2572 39188 1676 11870 2371 12275 1079 2983 1122 1972 2193 4913 995 1064 1022 1213 1048 1291 1247 2185 1091 1122 1065 1261 1445 4135 6134 9853 985 1108 1103 1258 1405 4663 2075 8387 1415 2304 2836 
60 115.462456 2147483647 64 4971 28737 1731 19864 2555 5053 1077 1860 4809 17723 2586 6450 6983 6462 10033 1540 2706 8967 8577 3204 9892 1157 2133 1039 1341 2572 39188 1676 11870 2371 12275 1079 2983 1122 1972 2193 4913 995 1064 1022 1213 1048 1291 1247 2185 1091 1122 1065 1261 1445 4135 6134 9853 985 1108 1103 1258 1405 4663 2075 8387 1415 2304 2836 
61 112.218781 2147483647 64 4971 28737 1731 19864 2555 5053 1077 1860 4809 17723 2586 6450 6983 6462 10033 1540 2706 8967 8577 3204 9892 1157 2133 1039 1341 2572 39188 1676 11870 2371 12275 1079 2983 1122 1972 2193 4913 995 1064 1022 1213 1048 1291 1247 2185 1091 1122 1065 1261 1445 4135 6134 9853 985 1108 1103 1258 1405 4663 2075 8387 1415 2304 2836 
62 103.850250 2147483647 64 4971 28737 1731 19864 2555 5053 1077 1860 4809 17723 2586 6450 6983 6462 10033 1540 2706 8967 8577 3204 9892 1157 2133 1039 1341 2572 39188 1676 11870 2371 12275 1079 2983 1122 1972 2193 4913 995 1064 1022 1213 1048 1291 1247 2185 1091 1122 1065 1261 1445 4135 6134 9853 985 1108 1103 1258 1405 4663 2075 8387 1415 2304 2836 
63 55.467304 2147483647 64 4971 28737 1731 19864 2555 5053 1077 1860 4809 17723 2586 6450 6983 6462 10033 1540 2706 8967 8577 3204 9892 1157 2133 1039 1341 2572 39188 1676 11870 2371 12275 1079 2983 1122 1972 2193 4913 995 1064 1022 1213 1048 1291 1247 2185 1091 1122 1065 1261 1445 4135 6134 9853 985 1108 1103 1258 1405 4663 2075 8387 1415 2304 2836 
64 101.525505 2147483647 64 4971 28737 1731 19864 2555 5053 1077 1860 4809 17723 2586 6450 6983 6462 10033 1540 2706 8967 8577 3204 9892 1157 2133 1039 1341 2572 39188 1676 11870 2371 12275 1079 2983 1122 1972 2193 4913 995 1064 1022 1213 1048 1291 1247 2185 1091 1122 1065 1261 1445 4135 6134 9853 985 1108 1103 1258 1405 4663 2075 8387 1415 2304 2836 
65 102.747597 2147483647 64 4971 28737 1731 19864 2555 5053 1077 1860 4809 17723 2586 6450 6983 6462 10033 1540 2706 8967 8577 3204 9892 1157 2133 1039 1341 2572 39188 1676 11870 2371 12275 1079 2983 1122 1972 2193 4913 995 1064 1022 1213 1048 1291 1247 2185 1091 1122 1065 1261 1445 4135 6134 9853 985 1108 1103 1258 1405 4663 2075 8387 1415 2304 2836 
66 76.463211 2147483647 64 4971 28737 1731 19864 2555 5053 1077 1860 4809 17723 2586 6450 6983 6462 10033 1540 2706 8967 8577 3204 9892 1157 2133 1039 1341 2572 39188 1676 11870 2371 12275 1079 2983 1122 1972 2193 4913 995 1064 1022 1213 1048 1291 1247 2185 1091 1122 1065 1261 1445 4135 6134 9853 985 1108 1103 1258 1405 4663 2075 8387 1415 2304 2836 
67 92.384987 2147483647 64 4971 28737 1731 19864 2555 5053 1077 1860 4809 17723 2586 6450 6983 6462 10033 1540 2706 8967 8577 3204 9892 1157 2133 1039 1341 2572 39188 1676 11870 2371 12275 1079 2983 1122 1972 2193 4913 995 1064 1022 1213 1048 1291 1247 2185 1091 1122 1065 1261 1445 4135 6134 9853 985 1108 1103 1258 1405 4663 2075 8387 1415 2304 2836 
68 114.298393 2147483647 64 4971 28737 1731 19864 2555 5053 1077 1860 4809 17723 2586 6450 6983 6462 10033 1540 2706 8967 8577 3204 9892 1157 2133 1039 1341 2572 39188 1676 11870 2371 12275 1079 2983 1122 1972 2193 4913 995 1064 1022 1213 1048 1291 1247 2185 1091 1122 1065 1261 1445 4135 6134 9853 985 1108 1103 1258 1405 4663 2075 8387 1415 2304 2836 
69 82.008652 2147483647 64 4971 28737 1731 19864 2555 5053 1077 1860 4809 17723 2586 6450 6983 6462 10033 1540 2706 8967 8577 3204 9892 1157 2133 1039 1341 2572 39188 1676 11870 2371 12275 1079 2983 1122 1972 2193 4913 995 1064 1022 1213 1048 1291 1247 2185 1091 1122 1065 1261 1445 4135 6134 9853 985 1108 1103 1258 1405 4663 2075 8387 1415 2304 2836 
70 100.920105 2147483647 64 4971 28737 1731 19864 2555 5053 1077 1860 4809 17723 2586 6450 6983 6462 10033 1540 2706 8967 8577 3204 9892 1157 2133 1039 1341 2572 39188 1676 11870 2371 12275 1079 2983 1122 1972 2193 4913 995 1064 1022 1213 1048 1291 1247 2185 1091 1122 1065 1261 1445 4135 6134 9853 985 1108 1103 1258 1405 4663 2075 8387 1415 2304 2836 
71 67.715721 2147483647 64 4971 28737 1731 19864 2555 5053 1077 1860 4809 17723 2586 6450 6983 6462 10033 1540 2706 8967 8577 3204 9892 1157 2133 1039 1341 2572 39188 1676 11870 2371 12275 1079 2983 1122 1972 2193 4913 995 1064 1022 1213 1048 1291 1247 2185 1091 1122 1065 1261 1445 4135 6134 9853 985 1108 1103 1258 1405 4663 2075 8387 1415 2304 2836 
72 69.448257 2147483647 64 4971 28737 1731 19864 2555 5053 1077 1860 4809 17723 2586 6450 6983 6462 10033 1540 2706 8967 8577 3204 9892 1157 2133 1039 1341 2572 39188 1676 11870 2371 12275 1079 2983 1122 1972 2193 4913 995 1064 1022 1213 1048 1291 1247 2185 1091 1122 1065 1261 1445 4135 6134 9853 985 1108 1103 1258 1405 4663 2075 8387 1415 2304 2836 
73 110.957855 2147483647 64 4971 28737 1731 19864 2555 5053 1077 1860 4809 17723 2586 6450 6983 6462 10033 1540 2706 8967 8577 3204 9892 1157 2133 1039 1341 2572 39188 1676 11870 2371 12275 1079 2983 1122 1972 2193 4913 995 1064 1022 1213 1048 1291 1247 2185 1091 1122 1065 1261 1445 4135 6134 9853 985 1108 1103 1258 1405 4663 2075 8387 1415 2304 2836 
74 106.292114 2147483647 64 4971 28737 1731 19864 2555 5053 1077 1860 4809 17723 2586 6450 6983 6462 10033 1540 2706 8967 8577 3204 9892 1157 2133 1039 1341 2572 39188 1676 11870 2371 12275 1079 2983 1122 1972 2193 4913 995 1064 1022 1213 1048 1291 1247 2185 1091 1122 1065 1261 1445 4135 6134 9853 985 1108 1103 1258 1405 4663 2075 8387 1415 2304 2836 
75 98.698296 2147483647 64 4971 28737 1731 19864 2555 5053 1077 1860 4809 17723 2586 6450 6983 6462 10033 1540 2706 8967 8577 3204 9892 1157 2133 1039 1341 2572 39188 1676 11870 2371 12275 1079 2983 1122 1972 2193 4913 995 1064 1022 1213 1048 1291 1247 2185 1091 1122 1065 1261 1445 4135 6134 9853 985 1108 1103 1258 1405 4663 2075 8387 1415 2304 2836 
76 67.603348 2147483647 64 4971 28737 1731 19864 2555 5053 1077 1860 4809 17723 2586 6450 6983 6462 10033 1540 2706 8967 8577 3204 9892 1157 2133 1039 1341 2572 39188 1676 11870 2371 12275 1079 2983 1122 1972 2193 4913 995 1064 1022 1213 1048 1291 1247 2185 1091 1122 1065 1261 1445 4135 6134 9853 985 1108 1103 1258 1405 4663 2075 8387 1415 2304 2836 
77 65.933075 2147483647 64 4971 28737 1731 19864 2555 5053 1077 1860 4809 17723 2586 6450 6983 6462 10033 1540 2706 8967 8577 3204 9892 1157 2133 1039 1341 2572 39188 1676 11870 2371 12275 1079 2983 1122 1972 2193 4913 995 1064 1022 1213 1048 1291 1247 2185 1091 1122 1065 1261 1445 4135 6134 9853 985 1108 1103 1258 1405 4663 2075 8387 1415 2304 2836 
78 56.136986 2147483647 64 4971 28737 1731 19864 2555 5053 1077 1860 4809 17723 2586 6450 6983 6462 10033 1540 2706 8967 8577 3204 9892 1157 2133 1039 1341 2572 39188 1676 11870 2371 12275 1079 2976 1122 1972 2193 4913 995 1064 1022 1213 1048 1291 1247 2185 1091 1122 1065 1259 1445 4135 6131 9851 985 1108 1103 1256 1405 4663 2072 8379 1415 2294 2802 
79 93.075249 2147483647 64 4971 28737 1731 19864 2555 5053 1077 1860 4809 17723 2586 6450 6983 6462 10033 1540 2706 8967 8577 3204 9892 1157 2133 1039 1341 2572 39188 1676 11870 2371 12275 1079 2983 1122 1972 2193 4913 995 1064 1022 1213 1048 1291 1247 2185 1091 1122 1065 1261 1445 4135 6134 9853 985 1108 1103 1258 1405 4663 2075 8387 1415 2304 2836 
80 92.961052 2147483647 64 4971 28737 1731 19864 2555 5053 1077 1860 4809 17723 2586 6450 6983 6462 10033 1540 2706 8967 8577 3204 9892 1157 2133 1039 1341 2572 39188 1676 11870 2371 12275 1079 2983 1122 1972 2193 4913 995 1064 1022 1213 1048 1291 1247 2185 1091 1122 1065 1261 1445 4135 6134 9853 985 1108 1103 1258 1405 4663 2075 8387 1415 2304 2836 
81 93.566071 2147483647 64 4971 28737 1731 19864 2555 5053 1077 1860 4809 17723 2586 6450 6983 6462 10033 1540 2706 8967 8577 3204 9892 1157 2133 1039 1341 2572 39188 1676 11870 2371 12275 1079 2983 1122 1972 2193 4913 995 1064 1022 1213 1048 1291 1247 2185 1091 1122 1065 1261 1445 4135 6134 9853 985 1108 1103 1258 1405 4663 2075 8387 1415 2304 2836 
82 99.062218 2147483647 64 4971 28737 1731 19864 2555 5053 1077 1860 4809 17723 2586 6450 6983 6462 10033 1540 2706 8967 8577 3204 9892 1157 2133 1039 1341 2572 39188 1676 11870 2371 12275 1079 2983 1122 1972 2193 4913 995 1064 1022 1213 1048 1291 1247 2185 1091 1122 1065 1261 1445 4135 6134 9853 985 1108 1103 1258 1405 4663 2075 8387 1415 2304 2836 
83 114.335480 2147483647 64 4971 28737 1731 19864 2555 5053 1077 1860 4809 17723 2586 6450 6983 6462 10033 1540 2706 8967 8577 3204 9892 1157 2133 1039 1341 2572 39188 1676 11870 2371 12275 1079 2983 1122 1972 2193 4913 995 1064 1022 1213 1048 1291 1247 2185 1091 1122 1065 1261 1445 4135 6134 9853 985 1108 1103 1258 1405 4663 2075 8387 1415 2304 2836 
84 78.975662 2147483647 64 4971 28737 1731 19864 2555 5053 1077 1860 4809 17723 2586 6450 6983 6462 10033 1540 2706 8967 8577 3204 9892 1157 2133 1039 1341 2572 39188 1676 11870 2371 12275 1079 2983 1122 1972 2193 4913 995 1064 1022 1213 1048 1291 1247 2185 1091 1122 1065 1261 1445 4135 6134 9853 985 1108 1103 1258 1405 4663 2075 8387 1415 2304 2836 
85 84.649986 2147483647 64 4971 28737 1731 19864 2555 5053 1077 1860 4809 17723 2586 6450 6983 6462 10033 1540 2706 8967 8577 3204 9892 1157 2133 1039 1341 2572 39188 1676 11870 2371 12275 1079 2983 1122 1972 2193 4913 995 1064 1022 1213 1048 1291 1247 2185 1091 1122 1065 1261 1445 4135 6134 9853 985 1108 1103 1258 1405 4663 2075 8387 1415 2304 2836 
86 83.655960 2147483647 64 4971 28737 1731 19864 2555 5053 1077 1860 4809 17723 2586 6450 6983 6462 10033 1540 2706 8967 8577 3204 9892 1157 2133 1039 1341 2572 39188 1676 11870 2371 12275 1079 2983 1122 1972 2193 4913 995 1064 1022 1213 1048 1291 1247 2185 1091 1122 1065 1261 1445 4135 6134 9853 985 1108 1103 1258 1405 4663 2075 8387 1415 2304 2836 
87 92.417107 2147483647 64 4971 28737 1731 19864 2555 5053 1077 1860 4809 17723 2586 6450 6983 6462 10033 1540 2706 8967 8577 3204 9892 1157 2133 1039 1341 2572 39188 1676 11870 2371 12275 1079 2983 1122 1972 2193 4913 995 1064 1022 1213 1048 1291 1247 2185 1091 1122 1065 1261 1445 4135 6134 9853 985 1108 1103 1258 1405 4663 2075 8387 1415 2304 2836 
88 85.734879 2147483647 64 4971 28737 1731 19864 2555 5053 1077 1860 4809 17723 2586 6450 6983 6462 10033 1540 2706 8967 8577 3204 9892 1157 2133 1039 1341 2572 39188 1676 11870 2371 12275 1079 2983 1122 1972 2193 4913 995 1064 1022 1213 1048 1291 1247 2185 1091 1122 1065 1261 1445 4135 6134 9853 985 1108 1103 1258 1405 4663 2075 8387 1415 2304 2836 
89 80.993683 2147483647 64 4971 28737 1731 19864 2555 5053 1077 1860 4809 17723 2586 6450 6983 6462 10033 1540 2706 8967 8577 3204 9892 1157 2133 1039 1341 2572 39188 1676 11870 2371 12275 1079 2983 1122 1972 2193 4913 995 1064 1022 1213 1048 1291 1247 2185 1091 1122 1065 1261 1445 4135 6134 9853 985 1108 1103 1258 1405 4663 2075 8387 1415 2304 2836 
90 109.202538 2147483647 64 4971 28737 1731 19864 2555 5053 1077 1860 4809 17723 2586 6450 6983 6462 10033 1540 2706 8967 8577 3204 9892 1157 2133 1039 1341 2572 39188 1676 11870 2371 12275 1079 2983 1122 1972 2193 4913 995 1064 1022 1213 1048 1291 1247 2185 1091 1122 1065 1261 1445 4135 6134 9853 985 1108 1103 1258 1405 4663 2075 8387 1415 2304 2836 
91 88.678589 2147483647 64 4971 28737 1731 19864 2555 5053 1077 1860 4809 17723 2586 6450 6983 6462 10033 1540 2706 8967 8577 3204 9892 1157 2133 1039 1341 2572 39188 1676 11870 2371 12275 1079 2983 1122 1972 2193 4913 995 1064 1022 1213 1048 1291 1247 2185 1091 1122 1065 1261 1445 4135 6134 9853 985 1108 1103 1258 1405 4663 2075 8387 1415 2304 2836 
92 72.633217 2147483647 64 4971 28737 1731 19864 2555 5053 1077 1860 4809 17723 2586 6450 6983 6462 10033 1540 2706 8967 8577 3204 9892 1157 2133 1039 1341 2572 39188 1676 11870 2371 12275 1079 2983 1122 1972 2193 4913 995 1064 1022 1213 1048 1291 1247 2185 1091 1122 1065 1261 1445 4135 6134 9853 985 1108 1103 1258 1405 4663 2075 8387 1415 2304 2836 
93 96.566360 2147483647 64 4971 28737 1731 19864 2555 5053 1077 1860 4809 17723 2586 6450 6983 6462 10033 1540 2706 8967 8577 3204 9892 1157 2133 1039 1341 2572 39188 1676 11870 2371 12275 1079 2983 1122 1972 2193 4913 995 1064 1022 1213 1048 1291 1247 2185 1091 1122 1065 1261 1445 4135 6134 9853 985 1108 1103 1258 1405 4663 2075 8387 1415 2304 2836 
94 93.942375 2147483647 64 4971 28737 1731 19864 2555 5053 1077 1860 4809 17723 2586 6450 6983 6462 10033 1540 2706 8967 8577 3204 9892 1157 2133 1039 1341 2572 39188 1676 11870 2371 12275 1079 2983 1122 1972 2193 4913 995 1064 1022 1213 1048 1291 1247 2185 1091 1122 1065 1261 1445 4135 6134 9853 985 1108 1103 1258 1405 4663 2075 8387 1415 2304 2836 
95 93.683357 2147483647 64 4971 28737 1731 19864 2555 5053 1077 1860 4809 17723 2586 6450 6983 6462 10033 1540 2706 8967 8577 3204 9892 1157 2133 1039 1341 2572 39188 1676 11870 2371 12275 1079 2983 1122 1972 2193 4913 995 1064 1022 1213 1048 1291 1247 2185 1091 1122 1065 1261 1445 4135 6134 9853 985 1108 1103 1258 1405 4663 2075 8387 1415 2304 2836 
96 88.871635 2147483647 64 4971 28737 1731 19864 2555 5053 1077 1860 4809 17723 2586 6450 6983 6462 10033 1540 2706 8967 8577 3204 9892 1157 2133 1039 1341 2572 39188 1676 11870 2371 12275 1079 2983 1122 1972 2193 4913 995 1064 1022 1213 1048 1291 1247 2185 1091 1122 1065 1261 1445 4135 6134 9853 985 1108 1103 1258 1405 4663 2075 8387 1415 2304 2836 
97 100.347801 2147483647 64 4971 28737 1731 19864 2555 5053 1077 1860 4809 17723 2586 6450 6983 6462 10033 1540 2706 8967 8577 3204 9892 1157 2133 1039 1341 2572 39188 1676 11870 2371 12275 1079 2983 1122 1972 2193 4913 995 1064 1022 1213 1048 1291 1247 2185 1091 1122 1065 1261 1445 4135 6134 9853 985 1108 1103 1258 1405 4663 2075 8387 1415 2304 2836 
98 78.975662 2147483647 64 4971 28737 1731 19864 2555 5053 1077 1860 4809 17723 2586 6450 6983 6462 10033 1540 2706 8967 8577 3204 9892 1157 2133 1039 1341 2572 39188 1676 11870 2371 12275 1079 2983 1122 1972 2193 4913 995 1064 1022 1213 1048 1291 1247 2185 1091 1122 1065 1261 1445 4135 6134 9853 985 1108 1103 1258 1405 4663 2075 8387 1415 2304 2836 
99 103.763481 2147483647 64 4971 28737 1731 19864 2555 5053 1077 1860 4809 17723 2586 6450 6983 6462 10033 1540 2706 8967 8577 3204 9892 1157 2133 1039 1341 2572 39188 1676 11870 2371 12275 1079 2983 1122 1972 2193 4913 995 1064 1022 1213 1048 1291 1247 2185 1091 1122 1065 1261 1445 4135 6134 9853 985 1108 1103 1258 1405 4663 2075 8387 1415 2304 2836 
