#query #bsf #th #total_pqs #per_pq_size
0 1.137334 2147483647 64 2283 2736 2407 2081 4357 4308 4055 3422 3401 2101 2863 1687 7107 4916 5752 3618 2953 3563 3237 3124 6730 6174 6651 5733 3455 2838 3022 2426 8927 7079 7512 5796 1845 1901 1659 1602 3172 2681 3049 3228 1985 1596 1816 1579 3126 2964 2900 3085 2287 2328 2771 2598 4284 3828 4732 5174 2217 1992 2409 2406 4524 4565 4206 4751 
1 1.157034 2147483647 64 2283 2736 2407 2081 4357 4308 4055 3422 3401 2101 2863 1687 7107 4916 5752 3618 2953 3563 3237 3124 6730 6174 6651 5733 3455 2838 3022 2426 8927 7079 7512 5796 1845 1901 1659 1602 3172 2681 3049 3228 1985 1596 1816 1579 3126 2964 2900 3085 2287 2328 2771 2598 4284 3828 4732 5174 2217 1992 2409 2406 4524 4565 4206 4751 
2 0.994460 2147483647 64 2283 2736 2407 2081 4357 4308 4055 3422 3401 2101 2863 1687 7107 4916 5752 3618 2953 3563 3237 3124 6730 6174 6651 5733 3455 2838 3022 2426 8927 7079 7512 5796 1845 1901 1659 1602 3172 2681 3049 3228 1985 1596 1816 1579 3126 2964 2900 3085 2287 2328 2771 2598 4284 3828 4732 5174 2217 1992 2409 2406 4524 4565 4206 4751 
3 1.061207 2147483647 64 2283 2736 2407 2081 4357 4308 4055 3422 3401 2101 2863 1687 7107 4916 5752 3618 2953 3563 3237 3124 6730 6174 6651 5733 3455 2838 3022 2426 8927 7079 7512 5796 1845 1901 1659 1602 3172 2681 3049 3228 1985 1596 1816 1579 3126 2964 2900 3085 2287 2328 2771 2598 4284 3828 4732 5174 2217 1992 2409 2406 4524 4565 4206 4751 
4 1.183955 2147483647 64 2283 2736 2407 2081 4357 4308 4055 3422 3401 2101 2863 1687 7107 4916 5752 3618 2953 3563 3237 3124 6730 6174 6651 5733 3455 2838 3022 2426 8927 7079 7512 5796 1845 1901 1659 1602 3172 2681 3049 3228 1985 1596 1816 1579 3126 2964 2900 3085 2287 2328 2771 2598 4284 3828 4732 5174 2217 1992 2409 2406 4524 4565 4206 4751 
5 1.011604 2147483647 64 2283 2736 2407 2081 4357 4308 4055 3422 3401 2101 2863 1687 7107 4916 5752 3618 2953 3563 3237 3124 6730 6174 6651 5733 3455 2838 3022 2426 8927 7079 7512 5796 1845 1901 1659 1602 3172 2681 3049 3228 1985 1596 1816 1579 3126 2964 2900 3085 2287 2328 2771 2598 4284 3828 4732 5174 2217 1992 2409 2406 4524 4565 4206 4751 
6 0.923832 2147483647 64 2283 2736 2407 2081 4357 4308 4055 3422 3401 2101 2863 1687 7107 4916 5752 3618 2953 3563 3237 3124 6730 6174 6651 5733 3455 2838 3022 2426 8927 7079 7512 5796 1845 1901 1659 1602 3172 2681 3049 3228 1985 1596 1816 1579 3126 2964 2900 3085 2287 2328 2771 2598 4284 3828 4732 5174 2217 1992 2409 2406 4524 4565 4206 4751 
7 1.074320 2147483647 64 2283 2736 2407 2081 4357 4308 4055 3422 3401 2101 2863 1687 7107 4916 5752 3618 2953 3563 3237 3124 6730 6174 6651 5733 3455 2838 3022 2426 8927 7079 7512 5796 1845 1901 1659 1602 3172 2681 3049 3228 1985 1596 1816 1579 3126 2964 2900 3085 2287 2328 2771 2598 4284 3828 4732 5174 2217 1992 2409 2406 4524 4565 4206 4751 
8 1.054738 2147483647 64 2283 2736 2407 2081 4357 4308 4055 3422 3401 2101 2863 1687 7107 4916 5752 3618 2953 3563 3237 3124 6730 6174 6651 5733 3455 2838 3022 2426 8927 7079 7512 5796 1845 1901 1659 1602 3172 2681 3049 3228 1985 1596 1816 1579 3126 2964 2900 3085 2287 2328 2771 2598 4284 3828 4732 5174 2217 1992 2409 2406 4524 4565 4206 4751 
9 1.047010 2147483647 64 2283 2736 2407 2081 4357 4308 4055 3422 3401 2101 2863 1687 7107 4916 5752 3618 2953 3563 3237 3124 6730 6174 6651 5733 3455 2838 3022 2426 8927 7079 7512 5796 1845 1901 1659 1602 3172 2681 3049 3228 1985 1596 1816 1579 3126 2964 2900 3085 2287 2328 2771 2598 4284 3828 4732 5174 2217 1992 2409 2406 4524 4565 4206 4751 
10 0.922701 2147483647 64 2283 2736 2407 2081 4357 4308 4055 3422 3401 2101 2863 1687 7107 4916 5752 3618 2953 3563 3237 3124 6730 6174 6651 5733 3455 2838 3022 2426 8927 7079 7512 5796 1845 1901 1659 1602 3172 2681 3049 3228 1985 1596 1816 1579 3126 2964 2900 3085 2287 2328 2771 2598 4284 3828 4732 5174 2217 1992 2409 2406 4524 4565 4206 4751 
11 1.095960 2147483647 64 2283 2736 2407 2081 4357 4308 4055 3422 3401 2101 2863 1687 7107 4916 5752 3618 2953 3563 3237 3124 6730 6174 6651 5733 3455 2838 3022 2426 8927 7079 7512 5796 1845 1901 1659 1602 3172 2681 3049 3228 1985 1596 1816 1579 3126 2964 2900 3085 2287 2328 2771 2598 4284 3828 4732 5174 2217 1992 2409 2406 4524 4565 4206 4751 
12 1.024033 2147483647 64 2283 2736 2407 2081 4357 4308 4055 3422 3401 2101 2863 1687 7107 4916 5752 3618 2953 3563 3237 3124 6730 6174 6651 5733 3455 2838 3022 2426 8927 7079 7512 5796 1845 1901 1659 1602 3172 2681 3049 3228 1985 1596 1816 1579 3126 2964 2900 3085 2287 2328 2771 2598 4284 3828 4732 5174 2217 1992 2409 2406 4524 4565 4206 4751 
13 1.144114 2147483647 64 2283 2736 2407 2081 4357 4308 4055 3422 3401 2101 2863 1687 7107 4916 5752 3618 2953 3563 3237 3124 6730 6174 6651 5733 3455 2838 3022 2426 8927 7079 7512 5796 1845 1901 1659 1602 3172 2681 3049 3228 1985 1596 1816 1579 3126 2964 2900 3085 2287 2328 2771 2598 4284 3828 4732 5174 2217 1992 2409 2406 4524 4565 4206 4751 
14 1.102329 2147483647 64 2283 2736 2407 2081 4357 4308 4055 3422 3401 2101 2863 1687 7107 4916 5752 3618 2953 3563 3237 3124 6730 6174 6651 5733 3455 2838 3022 2426 8927 7079 7512 5796 1845 1901 1659 1602 3172 2681 3049 3228 1985 1596 1816 1579 3126 2964 2900 3085 2287 2328 2771 2598 4284 3828 4732 5174 2217 1992 2409 2406 4524 4565 4206 4751 
15 1.155207 2147483647 64 2283 2736 2407 2081 4357 4308 4055 3422 3401 2101 2863 1687 7107 4916 5752 3618 2953 3563 3237 3124 6730 6174 6651 5733 3455 2838 3022 2426 8927 7079 7512 5796 1845 1901 1659 1602 3172 2681 3049 3228 1985 1596 1816 1579 3126 2964 2900 3085 2287 2328 2771 2598 4284 3828 4732 5174 2217 1992 2409 2406 4524 4565 4206 4751 
16 1.071671 2147483647 64 2283 2736 2407 2081 4357 4308 4055 3422 3401 2101 2863 1687 7107 4916 5752 3618 2953 3563 3237 3124 6730 6174 6651 5733 3455 2838 3022 2426 8927 7079 7512 5796 1845 1901 1659 1602 3172 2681 3049 3228 1985 1596 1816 1579 3126 2964 2900 3085 2287 2328 2771 2598 4284 3828 4732 5174 2217 1992 2409 2406 4524 4565 4206 4751 
17 1.223237 2147483647 64 2283 2736 2407 2081 4357 4308 4055 3422 3401 2101 2863 1687 7107 4916 5752 3618 2953 3563 3237 3124 6730 6174 6651 5733 3455 2838 3022 2426 8927 7079 7512 5796 1845 1901 1659 1602 3172 2681 3049 3228 1985 1596 1816 1579 3126 2964 2900 3085 2287 2328 2771 2598 4284 3828 4732 5174 2217 1992 2409 2406 4524 4565 4206 4751 
18 1.059201 2147483647 64 2283 2736 2407 2081 4357 4308 4055 3422 3401 2101 2863 1687 7107 4916 5752 3618 2953 3563 3237 3124 6730 6174 6651 5733 3455 2838 3022 2426 8927 7079 7512 5796 1845 1901 1659 1602 3172 2681 3049 3228 1985 1596 1816 1579 3126 2964 2900 3085 2287 2328 2771 2598 4284 3828 4732 5174 2217 1992 2409 2406 4524 4565 4206 4751 
19 1.304264 2147483647 64 2283 2736 2407 2081 4357 4308 4055 3422 3401 2101 2863 1687 7107 4916 5752 3618 2953 3563 3237 3124 6730 6174 6651 5733 3455 2838 3022 2426 8927 7079 7512 5796 1845 1901 1659 1602 3172 2681 3049 3228 1985 1596 1816 1579 3126 2964 2900 3085 2287 2328 2771 2598 4284 3828 4732 5174 2217 1992 2409 2406 4524 4565 4206 4751 
20 1.028955 2147483647 64 2283 2736 2407 2081 4357 4308 4055 3422 3401 2101 2863 1687 7107 4916 5752 3618 2953 3563 3237 3124 6730 6174 6651 5733 3455 2838 3022 2426 8927 7079 7512 5796 1845 1901 1659 1602 3172 2681 3049 3228 1985 1596 1816 1579 3126 2964 2900 3085 2287 2328 2771 2598 4284 3828 4732 5174 2217 1992 2409 2406 4524 4565 4206 4751 
21 1.054768 2147483647 64 2283 2736 2407 2081 4357 4308 4055 3422 3401 2101 2863 1687 7107 4916 5752 3618 2953 3563 3237 3124 6730 6174 6651 5733 3455 2838 3022 2426 8927 7079 7512 5796 1845 1901 1659 1602 3172 2681 3049 3228 1985 1596 1816 1579 3126 2964 2900 3085 2287 2328 2771 2598 4284 3828 4732 5174 2217 1992 2409 2406 4524 4565 4206 4751 
22 1.054486 2147483647 64 2283 2736 2407 2081 4357 4308 4055 3422 3401 2101 2863 1687 7107 4916 5752 3618 2953 3563 3237 3124 6730 6174 6651 5733 3455 2838 3022 2426 8927 7079 7512 5796 1845 1901 1659 1602 3172 2681 3049 3228 1985 1596 1816 1579 3126 2964 2900 3085 2287 2328 2771 2598 4284 3828 4732 5174 2217 1992 2409 2406 4524 4565 4206 4751 
23 1.085647 2147483647 64 2283 2736 2407 2081 4357 4308 4055 3422 3401 2101 2863 1687 7107 4916 5752 3618 2953 3563 3237 3124 6730 6174 6651 5733 3455 2838 3022 2426 8927 7079 7512 5796 1845 1901 1659 1602 3172 2681 3049 3228 1985 1596 1816 1579 3126 2964 2900 3085 2287 2328 2771 2598 4284 3828 4732 5174 2217 1992 2409 2406 4524 4565 4206 4751 
24 1.081142 2147483647 64 2283 2736 2407 2081 4357 4308 4055 3422 3401 2101 2863 1687 7107 4916 5752 3618 2953 3563 3237 3124 6730 6174 6651 5733 3455 2838 3022 2426 8927 7079 7512 5796 1845 1901 1659 1602 3172 2681 3049 3228 1985 1596 1816 1579 3126 2964 2900 3085 2287 2328 2771 2598 4284 3828 4732 5174 2217 1992 2409 2406 4524 4565 4206 4751 
25 1.125866 2147483647 64 2283 2736 2407 2081 4357 4308 4055 3422 3401 2101 2863 1687 7107 4916 5752 3618 2953 3563 3237 3124 6730 6174 6651 5733 3455 2838 3022 2426 8927 7079 7512 5796 1845 1901 1659 1602 3172 2681 3049 3228 1985 1596 1816 1579 3126 2964 2900 3085 2287 2328 2771 2598 4284 3828 4732 5174 2217 1992 2409 2406 4524 4565 4206 4751 
26 0.946762 2147483647 64 2283 2736 2407 2081 4357 4308 4055 3422 3401 2101 2863 1687 7107 4916 5752 3618 2953 3563 3237 3124 6730 6174 6651 5733 3455 2838 3022 2426 8927 7079 7512 5796 1845 1901 1659 1602 3172 2681 3049 3228 1985 1596 1816 1579 3126 2964 2900 3085 2287 2328 2771 2598 4284 3828 4732 5174 2217 1992 2409 2406 4524 4565 4206 4751 
27 1.087835 2147483647 64 2283 2736 2407 2081 4357 4308 4055 3422 3401 2101 2863 1687 7107 4916 5752 3618 2953 3563 3237 3124 6730 6174 6651 5733 3455 2838 3022 2426 8927 7079 7512 5796 1845 1901 1659 1602 3172 2681 3049 3228 1985 1596 1816 1579 3126 2964 2900 3085 2287 2328 2771 2598 4284 3828 4732 5174 2217 1992 2409 2406 4524 4565 4206 4751 
28 0.983604 2147483647 64 2283 2736 2407 2081 4357 4308 4055 3422 3401 2101 2863 1687 7107 4916 5752 3618 2953 3563 3237 3124 6730 6174 6651 5733 3455 2838 3022 2426 8927 7079 7512 5796 1845 1901 1659 1602 3172 2681 3049 3228 1985 1596 1816 1579 3126 2964 2900 3085 2287 2328 2771 2598 4284 3828 4732 5174 2217 1992 2409 2406 4524 4565 4206 4751 
29 1.129097 2147483647 64 2283 2736 2407 2081 4357 4308 4055 3422 3401 2101 2863 1687 7107 4916 5752 3618 2953 3563 3237 3124 6730 6174 6651 5733 3455 2838 3022 2426 8927 7079 7512 5796 1845 1901 1659 1602 3172 2681 3049 3228 1985 1596 1816 1579 3126 2964 2900 3085 2287 2328 2771 2598 4284 3828 4732 5174 2217 1992 2409 2406 4524 4565 4206 4751 
30 1.077119 2147483647 64 2283 2736 2407 2081 4357 4308 4055 3422 3401 2101 2863 1687 7107 4916 5752 3618 2953 3563 3237 3124 6730 6174 6651 5733 3455 2838 3022 2426 8927 7079 7512 5796 1845 1901 1659 1602 3172 2681 3049 3228 1985 1596 1816 1579 3126 2964 2900 3085 2287 2328 2771 2598 4284 3828 4732 5174 2217 1992 2409 2406 4524 4565 4206 4751 
31 1.216085 2147483647 64 2283 2736 2407 2081 4357 4308 4055 3422 3401 2101 2863 1687 7107 4916 5752 3618 2953 3563 3237 3124 6730 6174 6651 5733 3455 2838 3022 2426 8927 7079 7512 5796 1845 1901 1659 1602 3172 2681 3049 3228 1985 1596 1816 1579 3126 2964 2900 3085 2287 2328 2771 2598 4284 3828 4732 5174 2217 1992 2409 2406 4524 4565 4206 4751 
32 1.246764 2147483647 64 2283 2736 2407 2081 4357 4308 4055 3422 3401 2101 2863 1687 7107 4916 5752 3618 2953 3563 3237 3124 6730 6174 6651 5733 3455 2838 3022 2426 8927 7079 7512 5796 1845 1901 1659 1602 3172 2681 3049 3228 1985 1596 1816 1579 3126 2964 2900 3085 2287 2328 2771 2598 4284 3828 4732 5174 2217 1992 2409 2406 4524 4565 4206 4751 
33 1.251316 2147483647 64 2283 2736 2407 2081 4357 4308 4055 3422 3401 2101 2863 1687 7107 4916 5752 3618 2953 3563 3237 3124 6730 6174 6651 5733 3455 2838 3022 2426 8927 7079 7512 5796 1845 1901 1659 1602 3172 2681 3049 3228 1985 1596 1816 1579 3126 2964 2900 3085 2287 2328 2771 2598 4284 3828 4732 5174 2217 1992 2409 2406 4524 4565 4206 4751 
34 1.072360 2147483647 64 2283 2736 2407 2081 4357 4308 4055 3422 3401 2101 2863 1687 7107 4916 5752 3618 2953 3563 3237 3124 6730 6174 6651 5733 3455 2838 3022 2426 8927 7079 7512 5796 1845 1901 1659 1602 3172 2681 3049 3228 1985 1596 1816 1579 3126 2964 2900 3085 2287 2328 2771 2598 4284 3828 4732 5174 2217 1992 2409 2406 4524 4565 4206 4751 
35 1.112985 2147483647 64 2283 2736 2407 2081 4357 4308 4055 3422 3401 2101 2863 1687 7107 4916 5752 3618 2953 3563 3237 3124 6730 6174 6651 5733 3455 2838 3022 2426 8927 7079 7512 5796 1845 1901 1659 1602 3172 2681 3049 3228 1985 1596 1816 1579 3126 2964 2900 3085 2287 2328 2771 2598 4284 3828 4732 5174 2217 1992 2409 2406 4524 4565 4206 4751 
36 1.059104 2147483647 64 2283 2736 2407 2081 4357 4308 4055 3422 3401 2101 2863 1687 7107 4916 5752 3618 2953 3563 3237 3124 6730 6174 6651 5733 3455 2838 3022 2426 8927 7079 7512 5796 1845 1901 1659 1602 3172 2681 3049 3228 1985 1596 1816 1579 3126 2964 2900 3085 2287 2328 2771 2598 4284 3828 4732 5174 2217 1992 2409 2406 4524 4565 4206 4751 
37 1.111930 2147483647 64 2283 2736 2407 2081 4357 4308 4055 3422 3401 2101 2863 1687 7107 4916 5752 3618 2953 3563 3237 3124 6730 6174 6651 5733 3455 2838 3022 2426 8927 7079 7512 5796 1845 1901 1659 1602 3172 2681 3049 3228 1985 1596 1816 1579 3126 2964 2900 3085 2287 2328 2771 2598 4284 3828 4732 5174 2217 1992 2409 2406 4524 4565 4206 4751 
38 1.140719 2147483647 64 2283 2736 2407 2081 4357 4308 4055 3422 3401 2101 2863 1687 7107 4916 5752 3618 2953 3563 3237 3124 6730 6174 6651 5733 3455 2838 3022 2426 8927 7079 7512 5796 1845 1901 1659 1602 3172 2681 3049 3228 1985 1596 1816 1579 3126 2964 2900 3085 2287 2328 2771 2598 4284 3828 4732 5174 2217 1992 2409 2406 4524 4565 4206 4751 
39 1.072835 2147483647 64 2283 2736 2407 2081 4357 4308 4055 3422 3401 2101 2863 1687 7107 4916 5752 3618 2953 3563 3237 3124 6730 6174 6651 5733 3455 2838 3022 2426 8927 7079 7512 5796 1845 1901 1659 1602 3172 2681 3049 3228 1985 1596 1816 1579 3126 2964 2900 3085 2287 2328 2771 2598 4284 3828 4732 5174 2217 1992 2409 2406 4524 4565 4206 4751 
40 1.240251 2147483647 64 2283 2736 2407 2081 4357 4308 4055 3422 3401 2101 2863 1687 7107 4916 5752 3618 2953 3563 3237 3124 6730 6174 6651 5733 3455 2838 3022 2426 8927 7079 7512 5796 1845 1901 1659 1602 3172 2681 3049 3228 1985 1596 1816 1579 3126 2964 2900 3085 2287 2328 2771 2598 4284 3828 4732 5174 2217 1992 2409 2406 4524 4565 4206 4751 
41 0.982470 2147483647 64 2283 2736 2407 2081 4357 4308 4055 3422 3401 2101 2863 1687 7107 4916 5752 3618 2953 3563 3237 3124 6730 6174 6651 5733 3455 2838 3022 2426 8927 7079 7512 5796 1845 1901 1659 1602 3172 2681 3049 3228 1985 1596 1816 1579 3126 2964 2900 3085 2287 2328 2771 2598 4284 3828 4732 5174 2217 1992 2409 2406 4524 4565 4206 4751 
42 1.136620 2147483647 64 2283 2736 2407 2081 4357 4308 4055 3422 3401 2101 2863 1687 7107 4916 5752 3618 2953 3563 3237 3124 6730 6174 6651 5733 3455 2838 3022 2426 8927 7079 7512 5796 1845 1901 1659 1602 3172 2681 3049 3228 1985 1596 1816 1579 3126 2964 2900 3085 2287 2328 2771 2598 4284 3828 4732 5174 2217 1992 2409 2406 4524 4565 4206 4751 
43 1.113962 2147483647 64 2283 2736 2407 2081 4357 4308 4055 3422 3401 2101 2863 1687 7107 4916 5752 3618 2953 3563 3237 3124 6730 6174 6651 5733 3455 2838 3022 2426 8927 7079 7512 5796 1845 1901 1659 1602 3172 2681 3049 3228 1985 1596 1816 1579 3126 2964 2900 3085 2287 2328 2771 2598 4284 3828 4732 5174 2217 1992 2409 2406 4524 4565 4206 4751 
44 1.237527 2147483647 64 2283 2736 2407 2081 4357 4308 4055 3422 3401 2101 2863 1687 7107 4916 5752 3618 2953 3563 3237 3124 6730 6174 6651 5733 3455 2838 3022 2426 8927 7079 7512 5796 1845 1901 1659 1602 3172 2681 3049 3228 1985 1596 1816 1579 3126 2964 2900 3085 2287 2328 2771 2598 4284 3828 4732 5174 2217 1992 2409 2406 4524 4565 4206 4751 
45 0.945451 2147483647 64 2283 2736 2407 2081 4357 4308 4055 3422 3401 2101 2863 1687 7107 4916 5752 3618 2953 3563 3237 3124 6730 6174 6651 5733 3455 2838 3022 2426 8927 7079 7512 5796 1845 1901 1659 1602 3172 2681 3049 3228 1985 1596 1816 1579 3126 2964 2900 3085 2287 2328 2771 2598 4284 3828 4732 5174 2217 1992 2409 2406 4524 4565 4206 4751 
46 0.855156 2147483647 64 2283 2736 2407 2081 4357 4308 4055 3422 3401 2101 2863 1687 7107 4916 5752 3618 2953 3563 3237 3124 6730 6174 6651 5733 3455 2838 3022 2426 8927 7079 7512 5796 1845 1901 1659 1602 3172 2681 3049 3228 1985 1596 1816 1579 3126 2964 2900 3085 2287 2328 2771 2598 4284 3828 4732 5174 2217 1992 2409 2406 4524 4565 4206 4751 
47 1.185485 2147483647 64 2283 2736 2407 2081 4357 4308 4055 3422 3401 2101 2863 1687 7107 4916 5752 3618 2953 3563 3237 3124 6730 6174 6651 5733 3455 2838 3022 2426 8927 7079 7512 5796 1845 1901 1659 1602 3172 2681 3049 3228 1985 1596 1816 1579 3126 2964 2900 3085 2287 2328 2771 2598 4284 3828 4732 5174 2217 1992 2409 2406 4524 4565 4206 4751 
48 0.940611 2147483647 64 2283 2736 2407 2081 4357 4308 4055 3422 3401 2101 2863 1687 7107 4916 5752 3618 2953 3563 3237 3124 6730 6174 6651 5733 3455 2838 3022 2426 8927 7079 7512 5796 1845 1901 1659 1602 3172 2681 3049 3228 1985 1596 1816 1579 3126 2964 2900 3085 2287 2328 2771 2598 4284 3828 4732 5174 2217 1992 2409 2406 4524 4565 4206 4751 
49 1.140332 2147483647 64 2283 2736 2407 2081 4357 4308 4055 3422 3401 2101 2863 1687 7107 4916 5752 3618 2953 3563 3237 3124 6730 6174 6651 5733 3455 2838 3022 2426 8927 7079 7512 5796 1845 1901 1659 1602 3172 2681 3049 3228 1985 1596 1816 1579 3126 2964 2900 3085 2287 2328 2771 2598 4284 3828 4732 5174 2217 1992 2409 2406 4524 4565 4206 4751 
50 1.091885 2147483647 64 2283 2736 2407 2081 4357 4308 4055 3422 3401 2101 2863 1687 7107 4916 5752 3618 2953 3563 3237 3124 6730 6174 6651 5733 3455 2838 3022 2426 8927 7079 7512 5796 1845 1901 1659 1602 3172 2681 3049 3228 1985 1596 1816 1579 3126 2964 2900 3085 2287 2328 2771 2598 4284 3828 4732 5174 2217 1992 2409 2406 4524 4565 4206 4751 
51 1.188139 2147483647 64 2283 2736 2407 2081 4357 4308 4055 3422 3401 2101 2863 1687 7107 4916 5752 3618 2953 3563 3237 3124 6730 6174 6651 5733 3455 2838 3022 2426 8927 7079 7512 5796 1845 1901 1659 1602 3172 2681 3049 3228 1985 1596 1816 1579 3126 2964 2900 3085 2287 2328 2771 2598 4284 3828 4732 5174 2217 1992 2409 2406 4524 4565 4206 4751 
52 1.329602 2147483647 64 2283 2736 2407 2081 4357 4308 4055 3422 3401 2101 2863 1687 7107 4916 5752 3618 2953 3563 3237 3124 6730 6174 6651 5733 3455 2838 3022 2426 8927 7079 7512 5796 1845 1901 1659 1602 3172 2681 3049 3228 1985 1596 1816 1579 3126 2964 2900 3085 2287 2328 2771 2598 4284 3828 4732 5174 2217 1992 2409 2406 4524 4565 4206 4751 
53 1.253754 2147483647 64 2283 2736 2407 2081 4357 4308 4055 3422 3401 2101 2863 1687 7107 4916 5752 3618 2953 3563 3237 3124 6730 6174 6651 5733 3455 2838 3022 2426 8927 7079 7512 5796 1845 1901 1659 1602 3172 2681 3049 3228 1985 1596 1816 1579 3126 2964 2900 3085 2287 2328 2771 2598 4284 3828 4732 5174 2217 1992 2409 2406 4524 4565 4206 4751 
54 0.872527 2147483647 64 2283 2736 2407 2081 4357 4308 4055 3422 3401 2101 2863 1687 7107 4916 5752 3618 2953 3563 3237 3124 6730 6174 6651 5733 3455 2838 3022 2426 8927 7079 7512 5796 1845 1901 1659 1602 3172 2681 3049 3228 1985 1596 1816 1579 3126 2964 2900 3085 2287 2328 2771 2598 4284 3828 4732 5174 2217 1992 2409 2406 4524 4565 4206 4751 
55 0.966546 2147483647 64 2283 2736 2407 2081 4357 4308 4055 3422 3401 2101 2863 1687 7107 4916 5752 3618 2953 3563 3237 3124 6730 6174 6651 5733 3455 2838 3022 2426 8927 7079 7512 5796 1845 1901 1659 1602 3172 2681 3049 3228 1985 1596 1816 1579 3126 2964 2900 3085 2287 2328 2771 2598 4284 3828 4732 5174 2217 1992 2409 2406 4524 4565 4206 4751 
56 1.062126 2147483647 64 2283 2736 2407 2081 4357 4308 4055 3422 3401 2101 2863 1687 7107 4916 5752 3618 2953 3563 3237 3124 6730 6174 6651 5733 3455 2838 3022 2426 8927 7079 7512 5796 1845 1901 1659 1602 3172 2681 3049 3228 1985 1596 1816 1579 3126 2964 2900 3085 2287 2328 2771 2598 4284 3828 4732 5174 2217 1992 2409 2406 4524 4565 4206 4751 
57 0.850837 2147483647 64 2283 2736 2407 2081 4357 4308 4055 3422 3401 2101 2863 1687 7107 4916 5752 3618 2953 3563 3237 3124 6730 6174 6651 5733 3455 2838 3022 2426 8927 7079 7512 5796 1845 1901 1659 1602 3172 2681 3049 3228 1985 1596 1816 1579 3126 2964 2900 3085 2287 2328 2771 2598 4284 3828 4732 5174 2217 1992 2409 2406 4524 4565 4206 4751 
58 1.027745 2147483647 64 2283 2736 2407 2081 4357 4308 4055 3422 3401 2101 2863 1687 7107 4916 5752 3618 2953 3563 3237 3124 6730 6174 6651 5733 3455 2838 3022 2426 8927 7079 7512 5796 1845 1901 1659 1602 3172 2681 3049 3228 1985 1596 1816 1579 3126 2964 2900 3085 2287 2328 2771 2598 4284 3828 4732 5174 2217 1992 2409 2406 4524 4565 4206 4751 
59 1.277377 2147483647 64 2283 2736 2407 2081 4357 4308 4055 3422 3401 2101 2863 1687 7107 4916 5752 3618 2953 3563 3237 3124 6730 6174 6651 5733 3455 2838 3022 2426 8927 7079 7512 5796 1845 1901 1659 1602 3172 2681 3049 3228 1985 1596 1816 1579 3126 2964 2900 3085 2287 2328 2771 2598 4284 3828 4732 5174 2217 1992 2409 2406 4524 4565 4206 4751 
60 0.914955 2147483647 64 2283 2736 2407 2081 4357 4308 4055 3422 3401 2101 2863 1687 7107 4916 5752 3618 2953 3563 3237 3124 6730 6174 6651 5733 3455 2838 3022 2426 8927 7079 7512 5796 1845 1901 1659 1602 3172 2681 3049 3228 1985 1596 1816 1579 3126 2964 2900 3085 2287 2328 2771 2598 4284 3828 4732 5174 2217 1992 2409 2406 4524 4565 4206 4751 
61 1.045181 2147483647 64 2283 2736 2407 2081 4357 4308 4055 3422 3401 2101 2863 1687 7107 4916 5752 3618 2953 3563 3237 3124 6730 6174 6651 5733 3455 2838 3022 2426 8927 7079 7512 5796 1845 1901 1659 1602 3172 2681 3049 3228 1985 1596 1816 1579 3126 2964 2900 3085 2287 2328 2771 2598 4284 3828 4732 5174 2217 1992 2409 2406 4524 4565 4206 4751 
62 1.048615 2147483647 64 2283 2736 2407 2081 4357 4308 4055 3422 3401 2101 2863 1687 7107 4916 5752 3618 2953 3563 3237 3124 6730 6174 6651 5733 3455 2838 3022 2426 8927 7079 7512 5796 1845 1901 1659 1602 3172 2681 3049 3228 1985 1596 1816 1579 3126 2964 2900 3085 2287 2328 2771 2598 4284 3828 4732 5174 2217 1992 2409 2406 4524 4565 4206 4751 
63 1.114144 2147483647 64 2283 2736 2407 2081 4357 4308 4055 3422 3401 2101 2863 1687 7107 4916 5752 3618 2953 3563 3237 3124 6730 6174 6651 5733 3455 2838 3022 2426 8927 7079 7512 5796 1845 1901 1659 1602 3172 2681 3049 3228 1985 1596 1816 1579 3126 2964 2900 3085 2287 2328 2771 2598 4284 3828 4732 5174 2217 1992 2409 2406 4524 4565 4206 4751 
64 1.028069 2147483647 64 2283 2736 2407 2081 4357 4308 4055 3422 3401 2101 2863 1687 7107 4916 5752 3618 2953 3563 3237 3124 6730 6174 6651 5733 3455 2838 3022 2426 8927 7079 7512 5796 1845 1901 1659 1602 3172 2681 3049 3228 1985 1596 1816 1579 3126 2964 2900 3085 2287 2328 2771 2598 4284 3828 4732 5174 2217 1992 2409 2406 4524 4565 4206 4751 
65 1.081071 2147483647 64 2283 2736 2407 2081 4357 4308 4055 3422 3401 2101 2863 1687 7107 4916 5752 3618 2953 3563 3237 3124 6730 6174 6651 5733 3455 2838 3022 2426 8927 7079 7512 5796 1845 1901 1659 1602 3172 2681 3049 3228 1985 1596 1816 1579 3126 2964 2900 3085 2287 2328 2771 2598 4284 3828 4732 5174 2217 1992 2409 2406 4524 4565 4206 4751 
66 1.240370 2147483647 64 2283 2736 2407 2081 4357 4308 4055 3422 3401 2101 2863 1687 7107 4916 5752 3618 2953 3563 3237 3124 6730 6174 6651 5733 3455 2838 3022 2426 8927 7079 7512 5796 1845 1901 1659 1602 3172 2681 3049 3228 1985 1596 1816 1579 3126 2964 2900 3085 2287 2328 2771 2598 4284 3828 4732 5174 2217 1992 2409 2406 4524 4565 4206 4751 
67 0.836104 2147483647 64 2283 2736 2407 2081 4357 4308 4055 3422 3401 2101 2863 1687 7107 4916 5752 3618 2953 3563 3237 3124 6730 6174 6651 5733 3455 2838 3022 2426 8927 7079 7512 5796 1845 1901 1659 1602 3172 2681 3049 3228 1985 1596 1816 1579 3126 2964 2900 3085 2287 2328 2771 2598 4284 3828 4732 5174 2217 1992 2409 2406 4524 4565 4206 4751 
68 1.224029 2147483647 64 2283 2736 2407 2081 4357 4308 4055 3422 3401 2101 2863 1687 7107 4916 5752 3618 2953 3563 3237 3124 6730 6174 6651 5733 3455 2838 3022 2426 8927 7079 7512 5796 1845 1901 1659 1602 3172 2681 3049 3228 1985 1596 1816 1579 3126 2964 2900 3085 2287 2328 2771 2598 4284 3828 4732 5174 2217 1992 2409 2406 4524 4565 4206 4751 
69 1.221349 2147483647 64 2283 2736 2407 2081 4357 4308 4055 3422 3401 2101 2863 1687 7107 4916 5752 3618 2953 3563 3237 3124 6730 6174 6651 5733 3455 2838 3022 2426 8927 7079 7512 5796 1845 1901 1659 1602 3172 2681 3049 3228 1985 1596 1816 1579 3126 2964 2900 3085 2287 2328 2771 2598 4284 3828 4732 5174 2217 1992 2409 2406 4524 4565 4206 4751 
70 1.107270 2147483647 64 2283 2736 2407 2081 4357 4308 4055 3422 3401 2101 2863 1687 7107 4916 5752 3618 2953 3563 3237 3124 6730 6174 6651 5733 3455 2838 3022 2426 8927 7079 7512 5796 1845 1901 1659 1602 3172 2681 3049 3228 1985 1596 1816 1579 3126 2964 2900 3085 2287 2328 2771 2598 4284 3828 4732 5174 2217 1992 2409 2406 4524 4565 4206 4751 
71 1.056681 2147483647 64 2283 2736 2407 2081 4357 4308 4055 3422 3401 2101 2863 1687 7107 4916 5752 3618 2953 3563 3237 3124 6730 6174 6651 5733 3455 2838 3022 2426 8927 7079 7512 5796 1845 1901 1659 1602 3172 2681 3049 3228 1985 1596 1816 1579 3126 2964 2900 3085 2287 2328 2771 2598 4284 3828 4732 5174 2217 1992 2409 2406 4524 4565 4206 4751 
72 1.053222 2147483647 64 2283 2736 2407 2081 4357 4308 4055 3422 3401 2101 2863 1687 7107 4916 5752 3618 2953 3563 3237 3124 6730 6174 6651 5733 3455 2838 3022 2426 8927 7079 7512 5796 1845 1901 1659 1602 3172 2681 3049 3228 1985 1596 1816 1579 3126 2964 2900 3085 2287 2328 2771 2598 4284 3828 4732 5174 2217 1992 2409 2406 4524 4565 4206 4751 
73 1.105517 2147483647 64 2283 2736 2407 2081 4357 4308 4055 3422 3401 2101 2863 1687 7107 4916 5752 3618 2953 3563 3237 3124 6730 6174 6651 5733 3455 2838 3022 2426 8927 7079 7512 5796 1845 1901 1659 1602 3172 2681 3049 3228 1985 1596 1816 1579 3126 2964 2900 3085 2287 2328 2771 2598 4284 3828 4732 5174 2217 1992 2409 2406 4524 4565 4206 4751 
74 1.128719 2147483647 64 2283 2736 2407 2081 4357 4308 4055 3422 3401 2101 2863 1687 7107 4916 5752 3618 2953 3563 3237 3124 6730 6174 6651 5733 3455 2838 3022 2426 8927 7079 7512 5796 1845 1901 1659 1602 3172 2681 3049 3228 1985 1596 1816 1579 3126 2964 2900 3085 2287 2328 2771 2598 4284 3828 4732 5174 2217 1992 2409 2406 4524 4565 4206 4751 
75 1.182448 2147483647 64 2283 2736 2407 2081 4357 4308 4055 3422 3401 2101 2863 1687 7107 4916 5752 3618 2953 3563 3237 3124 6730 6174 6651 5733 3455 2838 3022 2426 8927 7079 7512 5796 1845 1901 1659 1602 3172 2681 3049 3228 1985 1596 1816 1579 3126 2964 2900 3085 2287 2328 2771 2598 4284 3828 4732 5174 2217 1992 2409 2406 4524 4565 4206 4751 
76 1.018496 2147483647 64 2283 2736 2407 2081 4357 4308 4055 3422 3401 2101 2863 1687 7107 4916 5752 3618 2953 3563 3237 3124 6730 6174 6651 5733 3455 2838 3022 2426 8927 7079 7512 5796 1845 1901 1659 1602 3172 2681 3049 3228 1985 1596 1816 1579 3126 2964 2900 3085 2287 2328 2771 2598 4284 3828 4732 5174 2217 1992 2409 2406 4524 4565 4206 4751 
77 1.125567 2147483647 64 2283 2736 2407 2081 4357 4308 4055 3422 3401 2101 2863 1687 7107 4916 5752 3618 2953 3563 3237 3124 6730 6174 6651 5733 3455 2838 3022 2426 8927 7079 7512 5796 1845 1901 1659 1602 3172 2681 3049 3228 1985 1596 1816 1579 3126 2964 2900 3085 2287 2328 2771 2598 4284 3828 4732 5174 2217 1992 2409 2406 4524 4565 4206 4751 
78 1.006042 2147483647 64 2283 2736 2407 2081 4357 4308 4055 3422 3401 2101 2863 1687 7107 4916 5752 3618 2953 3563 3237 3124 6730 6174 6651 5733 3455 2838 3022 2426 8927 7079 7512 5796 1845 1901 1659 1602 3172 2681 3049 3228 1985 1596 1816 1579 3126 2964 2900 3085 2287 2328 2771 2598 4284 3828 4732 5174 2217 1992 2409 2406 4524 4565 4206 4751 
79 1.225412 2147483647 64 2283 2736 2407 2081 4357 4308 4055 3422 3401 2101 2863 1687 7107 4916 5752 3618 2953 3563 3237 3124 6730 6174 6651 5733 3455 2838 3022 2426 8927 7079 7512 5796 1845 1901 1659 1602 3172 2681 3049 3228 1985 1596 1816 1579 3126 2964 2900 3085 2287 2328 2771 2598 4284 3828 4732 5174 2217 1992 2409 2406 4524 4565 4206 4751 
80 1.225700 2147483647 64 2283 2736 2407 2081 4357 4308 4055 3422 3401 2101 2863 1687 7107 4916 5752 3618 2953 3563 3237 3124 6730 6174 6651 5733 3455 2838 3022 2426 8927 7079 7512 5796 1845 1901 1659 1602 3172 2681 3049 3228 1985 1596 1816 1579 3126 2964 2900 3085 2287 2328 2771 2598 4284 3828 4732 5174 2217 1992 2409 2406 4524 4565 4206 4751 
81 1.033590 2147483647 64 2283 2736 2407 2081 4357 4308 4055 3422 3401 2101 2863 1687 7107 4916 5752 3618 2953 3563 3237 3124 6730 6174 6651 5733 3455 2838 3022 2426 8927 7079 7512 5796 1845 1901 1659 1602 3172 2681 3049 3228 1985 1596 1816 1579 3126 2964 2900 3085 2287 2328 2771 2598 4284 3828 4732 5174 2217 1992 2409 2406 4524 4565 4206 4751 
82 1.405233 2147483647 64 2283 2736 2407 2081 4357 4308 4055 3422 3401 2101 2863 1687 7107 4916 5752 3618 2953 3563 3237 3124 6730 6174 6651 5733 3455 2838 3022 2426 8927 7079 7512 5796 1845 1901 1659 1602 3172 2681 3049 3228 1985 1596 1816 1579 3126 2964 2900 3085 2287 2328 2771 2598 4284 3828 4732 5174 2217 1992 2409 2406 4524 4565 4206 4751 
83 1.048479 2147483647 64 2283 2736 2407 2081 4357 4308 4055 3422 3401 2101 2863 1687 7107 4916 5752 3618 2953 3563 3237 3124 6730 6174 6651 5733 3455 2838 3022 2426 8927 7079 7512 5796 1845 1901 1659 1602 3172 2681 3049 3228 1985 1596 1816 1579 3126 2964 2900 3085 2287 2328 2771 2598 4284 3828 4732 5174 2217 1992 2409 2406 4524 4565 4206 4751 
84 1.088121 2147483647 64 2283 2736 2407 2081 4357 4308 4055 3422 3401 2101 2863 1687 7107 4916 5752 3618 2953 3563 3237 3124 6730 6174 6651 5733 3455 2838 3022 2426 8927 7079 7512 5796 1845 1901 1659 1602 3172 2681 3049 3228 1985 1596 1816 1579 3126 2964 2900 3085 2287 2328 2771 2598 4284 3828 4732 5174 2217 1992 2409 2406 4524 4565 4206 4751 
85 1.176764 2147483647 64 2283 2736 2407 2081 4357 4308 4055 3422 3401 2101 2863 1687 7107 4916 5752 3618 2953 3563 3237 3124 6730 6174 6651 5733 3455 2838 3022 2426 8927 7079 7512 5796 1845 1901 1659 1602 3172 2681 3049 3228 1985 1596 1816 1579 3126 2964 2900 3085 2287 2328 2771 2598 4284 3828 4732 5174 2217 1992 2409 2406 4524 4565 4206 4751 
86 1.178504 2147483647 64 2283 2736 2407 2081 4357 4308 4055 3422 3401 2101 2863 1687 7107 4916 5752 3618 2953 3563 3237 3124 6730 6174 6651 5733 3455 2838 3022 2426 8927 7079 7512 5796 1845 1901 1659 1602 3172 2681 3049 3228 1985 1596 1816 1579 3126 2964 2900 3085 2287 2328 2771 2598 4284 3828 4732 5174 2217 1992 2409 2406 4524 4565 4206 4751 
87 1.177319 2147483647 64 2283 2736 2407 2081 4357 4308 4055 3422 3401 2101 2863 1687 7107 4916 5752 3618 2953 3563 3237 3124 6730 6174 6651 5733 3455 2838 3022 2426 8927 7079 7512 5796 1845 1901 1659 1602 3172 2681 3049 3228 1985 1596 1816 1579 3126 2964 2900 3085 2287 2328 2771 2598 4284 3828 4732 5174 2217 1992 2409 2406 4524 4565 4206 4751 
88 1.031446 2147483647 64 2283 2736 2407 2081 4357 4308 4055 3422 3401 2101 2863 1687 7107 4916 5752 3618 2953 3563 3237 3124 6730 6174 6651 5733 3455 2838 3022 2426 8927 7079 7512 5796 1845 1901 1659 1602 3172 2681 3049 3228 1985 1596 1816 1579 3126 2964 2900 3085 2287 2328 2771 2598 4284 3828 4732 5174 2217 1992 2409 2406 4524 4565 4206 4751 
89 1.047539 2147483647 64 2283 2736 2407 2081 4357 4308 4055 3422 3401 2101 2863 1687 7107 4916 5752 3618 2953 3563 3237 3124 6730 6174 6651 5733 3455 2838 3022 2426 8927 7079 7512 5796 1845 1901 1659 1602 3172 2681 3049 3228 1985 1596 1816 1579 3126 2964 2900 3085 2287 2328 2771 2598 4284 3828 4732 5174 2217 1992 2409 2406 4524 4565 4206 4751 
90 1.032948 2147483647 64 2283 2736 2407 2081 4357 4308 4055 3422 3401 2101 2863 1687 7107 4916 5752 3618 2953 3563 3237 3124 6730 6174 6651 5733 3455 2838 3022 2426 8927 7079 7512 5796 1845 1901 1659 1602 3172 2681 3049 3228 1985 1596 1816 1579 3126 2964 2900 3085 2287 2328 2771 2598 4284 3828 4732 5174 2217 1992 2409 2406 4524 4565 4206 4751 
91 1.057770 2147483647 64 2283 2736 2407 2081 4357 4308 4055 3422 3401 2101 2863 1687 7107 4916 5752 3618 2953 3563 3237 3124 6730 6174 6651 5733 3455 2838 3022 2426 8927 7079 7512 5796 1845 1901 1659 1602 3172 2681 3049 3228 1985 1596 1816 1579 3126 2964 2900 3085 2287 2328 2771 2598 4284 3828 4732 5174 2217 1992 2409 2406 4524 4565 4206 4751 
92 0.897911 2147483647 64 2283 2736 2407 2081 4357 4308 4055 3422 3401 2101 2863 1687 7107 4916 5752 3618 2953 3563 3237 3124 6730 6174 6651 5733 3455 2838 3022 2426 8927 7079 7512 5796 1845 1901 1659 1602 3172 2681 3049 3228 1985 1596 1816 1579 3126 2964 2900 3085 2287 2328 2771 2598 4284 3828 4732 5174 2217 1992 2409 2406 4524 4565 4206 4751 
93 0.850374 2147483647 64 2283 2736 2407 2081 4357 4308 4055 3422 3401 2101 2863 1687 7107 4916 5752 3618 2953 3563 3237 3124 6730 6174 6651 5733 3455 2838 3022 2426 8927 7079 7512 5796 1845 1901 1659 1602 3172 2681 3049 3228 1985 1596 1816 1579 3126 2964 2900 3085 2287 2328 2771 2598 4284 3828 4732 5174 2217 1992 2409 2406 4524 4565 4206 4751 
94 0.955279 2147483647 64 2283 2736 2407 2081 4357 4308 4055 3422 3401 2101 2863 1687 7107 4916 5752 3618 2953 3563 3237