0.861553
0.875410
1.246786
1.375295
0.372409
0.052445
0.744849
1.185787
1.250401
0.807855
1.109960
1.323180
1.210909
1.525050
0.953744
0.149974
0.972811
0.718797
1.206129
0.644010
1.559895
0.054746
1.250105
1.454085
0.871088
1.207188
1.233591
1.395525
1.027520
1.101873
0.662339
0.927913
1.229800
1.595725
1.090886
1.241658
0.871976
1.176395
1.171952
0.756743
0.799139
0.993472
0.943534
0.974920
1.177672
0.696732
1.222774
1.119970
0.789167
1.427510
1.445824
1.113995
0.477428
1.059592
1.015294
0.788824
1.098270
0.938164
0.908146
0.778810
0.858510
0.145502
1.524709
0.978345
1.098665
1.080285
1.115773
1.144675
0.067421
0.105032
1.099842
0.009508
1.370900
1.577651
0.967673
0.847149
1.283817
0.916899
1.001187
1.111693
1.499687
1.278006
1.535126
0.710220
0.941851
1.051077
0.861702
1.055864
1.071964
1.138106
0.826119
1.571599
0.863675
1.087375
0.907111
0.951697
1.205813
1.131226
1.580182
0.676288
0.638107
0.918449
0.473225
0.785811
1.071405
0.816405
0.827514
1.167854
0.975776
1.263168
1.503987
0.361650
1.230263
1.051776
0.962078
1.651801
1.292708
0.843798
1.282280
1.155241
0.923536
1.128377
1.243155
0.697913
0.693555
1.472705
1.208731
1.251239
0.869569
1.306154
0.735661
1.132244
1.141451
0.960567
0.098745
1.170682
0.851676
1.050920
1.128370
1.003130
1.050233
1.024463
1.115774
1.159921
0.922264
0.929329
1.168244
0.995261
0.866430
1.058472
1.309682
0.867911
0.915810
0.820904
0.837767
0.458507
1.016696
0.997383
1.016506
0.846928
1.032221
0.690834
1.084340
0.843197
0.842703
1.024103
0.993758
0.724615
0.893702
1.011729
0.894338
0.831472
0.906441
0.052203
1.068660
0.895170
0.816642
0.738348
0.959428
1.437754
1.007354
0.730796
0.593743
0.036755
1.175291
1.094200
1.024798
0.851781
1.003272
0.753929
1.191303
0.835705
1.253113
0.965031
0.897013
0.847387
1.040154
0.808995
0.920415
0.837318
0.088779
0.946109
1.294597
0.993938
0.898923
1.239521
1.079097
1.005974
0.771225
0.951232
1.022325
0.675571
0.886936
1.063976
0.823000
1.017203
1.071895
1.139632
0.890632
0.895631
1.157088
0.357176
0.236275
0.939012
1.170303
1.088761
0.920750
0.620914
0.913970
0.585997
0.945560
0.829622
0.787787
0.458327
1.247491
0.696632
0.800908
1.266574
0.888519
0.940283
0.668794
0.894430
1.019930
1.121077
0.970214
1.202930
1.008402
0.629573
0.762137
0.944582
0.737048
0.079825
1.216669
0.047711
0.014991
0.891696
0.906367
1.059128
0.771643
0.824630
0.819442
0.756990
1.028521
0.906873
0.805544
1.065013
0.874171
0.842872
0.383596
0.898829
0.610617
0.865270
0.972080
0.719093
0.667674
0.663083
0.871885
1.272493
1.042118
0.947593
0.145043
0.668818
0.951913
0.882385
0.528663
1.259871
0.699243
0.815655
0.017821
0.987560
0.936290
0.021510
0.867762
0.706569
1.011286
0.518070
0.824137
0.930796
1.026968
0.929913
0.612137
0.066842
0.932021
0.852139
0.859113
1.024196
0.848488
0.927042
1.071474
0.912550
0.451270
1.006810
0.189530
0.814985
0.842446
0.799496
0.696388
0.798297
0.745326
0.743831
0.853160
0.962033
0.786086
0.892786
0.894427
1.111209
0.144010
0.151612
0.690404
0.815907
0.905367
0.754099
0.874691
1.134884
1.014459
0.992248
0.762793
0.862363
0.709794
0.660418
0.613313
0.799486
0.775131
0.849348
0.673209
0.819223
0.702949
1.043146
1.006150
0.980596
0.832359
1.090160
1.131450
0.737227
0.669212
0.853905
1.074960
0.924658
0.017228
0.913171
1.029659
0.994317
0.020825
1.024791
1.079432
0.704813
1.126492
0.841433
0.808741
0.800953
0.998240
0.828288
0.810420
0.752156
1.157427
1.036339
1.226338
0.982798
1.018991
1.215152
1.149214
0.882607
0.118857
0.731902
0.053877
0.700522
0.872956
0.984790
0.664132
0.582674
1.209591
0.776923
0.801058
0.719125
0.510293
0.205651
0.303322
0.898062
0.641797
1.056173
0.814251
0.635724
0.884191
0.859620
0.716287
0.509393
0.815257
1.015286
0.790859
0.995460
1.040901
0.841632
0.682360
0.089218
1.009372
0.821623
0.750231
0.966047
0.793526
0.943969
1.144184
0.911182
0.949856
0.996395
0.993715
0.850939
0.997315
0.987199
0.075313
0.843433
0.709215
0.684446
1.069853
0.969582
0.690197
0.663114
0.564049
1.011134
0.935315
0.781953
0.679951
0.632360
0.902744
0.921952
0.893363
0.848335
0.893067
0.747039
0.770680
0.721529
0.868965
0.962007
0.977823
0.888527
1.030995
0.949088
0.732020
0.698026
1.010948
1.035886
0.744571
0.797211
0.747181
0.945830
0.996807
0.746479
0.272280
0.929158
0.787569
0.744350
1.022930
0.823124
0.853737
0.868780
0.999536
0.824524
0.741499
1.186278
0.944534
0.882878
0.663139
0.941199
0.669176
0.713203
0.647199
0.401280
0.713417
0.838390
0.708003
0.882424
0.835833
0.099762
0.749067
0.091517
0.999740
0.762719
0.721644
0.823733
0.754565
1.178980
0.999199
0.783852
0.872631
0.685900
0.116431
0.932239
0.674635
0.922164
0.648861
1.073297
0.694630
1.021592
0.073342
1.164569
0.598407
0.129100
0.883829
1.038877
1.018873
0.985360
0.876912
0.784776
1.013892
0.783833
0.758066
1.180108
0.632988
0.641679
0.699840
0.717578
0.961756
0.636700
0.809751
0.970438
0.416212
0.963460
0.998525
1.024435
1.105442
0.865117
0.818627
0.491878
0.124382
0.800523
1.014620
0.871875
0.011151
0.704784
0.733363
1.195748
0.822288
0.648691
0.767439
1.180667
0.551128
1.055166
0.926326
0.939816
0.835867
0.843209
0.842341
0.885469
0.934929
0.964252
0.649780
1.148138
0.848849
0.679655
0.686423
0.610852
0.184904
1.003643
0.966672
0.929804
1.035169
0.864880
0.441993
0.562706
0.849732
0.010029
0.792371
0.683082
0.137234
1.092258
0.765851
0.720261
1.013042
0.803188
0.873774
0.972558
0.683900
0.748460
1.163952
0.753432
0.206915
0.874272
0.660849
1.068039
1.109782
1.039452
0.742955
0.913473
0.872527
0.760881
0.806596
1.109295
0.866985
0.917100
0.899760
0.008892
0.774161
0.704134
0.893931
0.830638
0.959002
0.975934
0.876632
1.131263
1.081618
0.770535
0.737625
1.044269
0.830607
0.812221
0.731237
0.633329
0.687258
1.110369
1.095414
0.918605
0.876328
0.816925
0.546195
0.799029
0.745922
1.038670
0.897094
1.122445
0.947186
0.747484
0.955468
0.802198
0.789587
0.797472
0.718065
0.737411
0.870444
1.113809
0.879686
0.882111
1.067502
1.136588
0.808906
1.207769
0.758761
0.836185
0.955749
0.138733
1.149691
1.134139
1.197052
0.902458
0.481986
0.795691
0.665647
1.017299
0.651596
1.139728
1.158373
0.638172
0.865900
0.692105
0.641310
1.134181
1.185165
0.821533
1.056125
0.872917
0.842707
1.023674
0.756733
0.219200
0.878285
0.757169
0.767510
0.786920
0.894927
0.731339
0.920043
0.718487
0.784161
0.664023
0.827011
0.939957
1.154794
0.748912
0.891458
0.983277
0.768073
0.667023
0.969115
1.005495
0.373405
0.876252
0.585692
0.959574
0.871104
0.940401
0.931524
0.716965
0.707314
0.832542
0.995894
1.104408
1.138403
0.781822
0.048394
0.400258
0.776239
0.744092
0.804342
0.694275
0.723452
0.858102
0.658527
0.657128
0.822121
0.946322
0.747789
1.017138
1.037342
1.120033
1.142407
0.923680
0.770081
0.876753
1.000237
0.455672
0.163625
0.877210
0.926569
0.061453
0.852503
1.161022
1.107679
1.066366
1.093499
0.066020
0.900858
0.778737
0.072162
0.042909
0.982735
0.899115
0.853372
0.969447
0.871476
0.801573
0.484766
0.663077
1.042071
0.706963
1.049104
1.081832
0.744908
1.067526
0.936132
0.826339
0.772778
0.377682
0.431334
0.943924
0.666088
0.605464
0.976728
0.841611
0.417350
0.971903
0.590110
1.012027
0.815919
1.085198
0.797004
0.719174
0.633419
0.899099
0.846512
1.110697
0.817334
0.833405
0.784011
0.966776
0.917931
0.629218
1.051371
0.760471
1.113298
0.796097
1.137715
0.829546
0.919977
0.922646
1.161756
0.569382
1.134634
0.810935
0.738370
0.808313
1.013134
0.864241
0.173730
0.705118
0.868878
0.695453
0.823021
0.704044
0.911478
0.838539
1.026934
0.937867
0.811846
0.455611
0.620172
0.899400
0.835325
0.782311
1.139794
0.120488
0.811484
0.904543
0.127253
0.914909
1.073859
0.856002
0.959278
0.785426
0.746520
0.671715
1.009687
0.740549
0.082742
0.806539
1.122941
0.656637
0.780673
1.118528
0.704974
0.803580
0.796710
0.785912
0.742584
1.039006
0.951219
1.104321
0.780591
0.817818
0.817507
1.116261
0.683693
0.903543
0.889138
0.787685
0.784963
1.013095
1.032704
0.534488
0.737717
0.109541
0.841821
0.878882
0.442360
0.824040
0.681554
0.769994
1.014284
0.814663
0.678060
0.995841
0.829513
0.747409
0.674958
0.834367
1.051047
0.896990
0.354001
0.049570
0.118559
1.120542
0.720684
1.109657
0.795539
0.815660
0.776543
0.981829
0.578017
0.698927
1.005454
0.862189
0.770087
0.912285
0.724842
1.151950
0.988859
0.674041
0.130693
0.945269
1.153817
0.925580
0.991534
0.864024
0.767651
0.764186
0.989949
1.132663
0.943045
0.732016
0.851508
0.828816
1.141471
0.964700
0.892149
0.438304
0.638907
1.170170
0.866617
0.125327
1.195427
0.871373
0.655038
0.883350
1.156839
0.733248
0.671576
0.792771
0.973245
0.688227
0.543831
0.874489
0.864239
0.934150
0.699140
0.692096
0.805000
0.910804
0.655322
0.688090
0.529755
0.940568
0.806115
0.582296
0.896289
0.873868
1.170909
0.727490
1.116854
0.547285
0.103615
0.971043
0.117266
0.940789
0.642534
0.049221
0.760357
0.895837
0.663871
0.755565
0.709839
0.557731
0.775899
0.069479
0.086284
1.041534
0.940597
0.713154
0.847777
0.996119
0.501848
0.883063
0.813590
0.896170
0.835082
1.172019
0.909944
0.820954
0.969198
0.944869
0.923157
0.798067
0.870595
0.879235
0.931506
0.909286
0.674437
0.752435
0.629184
0.669368
0.038237
0.815386
0.864514
0.675514
0.274972
0.741903
0.774976
0.784618
0.645301
1.032783
0.995703
1.191756
0.081655
1.076017
0.687996
0.776124
0.868282
0.802597
1.017717
0.820084
0.776518
1.183406
0.832738
0.651867
0.945394
0.917783
0.995892
0.902526
1.012015
0.675430
0.899035
0.778839
0.958864
0.079096
0.776737
0.486684
0.923140
0.881785
0.825930
0.769631
0.721543
0.967549
0.777655
1.008850
0.753609
1.150205
0.852295
0.910791
0.450310
0.872338
0.953640
1.096107
0.934997
0.841068
0.193614
0.924118
0.736824
0.885592
0.765322
0.754481
0.811765
0.908131
0.821869
0.458521
0.566912
0.878856
1.133491
0.959415
0.881664
0.730150
0.642100
0.775273
0.692390
0.894922
0.712966
0.832195
0.784911
0.845964
0.861165
0.792926
0.936830
0.869002
0.822627
0.700824
1.044387
0.745449
0.130758
1.030811
0.726829
1.192936
0.852394
0.918453
0.975065
0.741351
0.078802
0.073527
0.884500
0.853906
1.204036
0.943101
0.853699
0.667450
0.533597
0.713639
0.840456
0.482865
0.956946
0.881307
0.886860
0.806617
0.662141
0.494032
0.879975
0.884247
0.922022
0.806500
0.943205
0.766852
0.868248
0.995732
0.337933
0.957499
0.830950
0.854614
0.819844
0.811626
0.937843
0.836561
0.859251
0.667017
0.850898
0.838761
1.152701
0.869716
0.715385
0.647103
0.926576
0.915793
0.737756
1.034746
0.882061
0.969995
0.763834
1.047854
0.646081
1.175254
0.743519
0.024489
0.911926
0.066761
1.090155
0.717806
0.655095
1.042307
0.566610
0.934238
0.764161
0.798964
1.003243
0.920410
0.833963
0.779938
0.617024
0.607228
0.515840
0.513792
0.872523
0.628344
0.940092
0.980331
0.596828
0.811837
0.870043
1.143902
0.746313
0.076479
1.027484
0.659837
1.102778
0.734107
0.837153
0.854762
0.876959
0.918904
0.869949
0.937887
0.281098
0.747011
0.831123
0.787179
0.430032
0.798989
0.619915
0.763501
0.787602
0.985127
0.674967
0.633230
0.804244
0.735527
1.171133
0.759029
0.029744
0.976723
0.888699
1.156917
1.010893
0.760444
0.988580
0.887872
1.136443
0.442796
1.137547
0.992118
0.956429
1.149697
1.135861
0.942124
0.735171
0.942878
0.730120
0.812512
0.580781
0.993905
0.922466
0.637971
0.740568
0.045966
0.893798
1.142768
0.611514
0.732321
0.847023
0.141171
1.180100
0.928995
1.123590
0.476227
0.958141
0.640433
0.946195
1.015566
0.149293
0.891812
0.825235
1.041831
0.741409
0.967046
0.720999
1.157076
0.951581
0.805900
0.915028
0.083203
0.842876
0.742800
0.804735
0.654995
0.396642
0.659389
0.661927
0.854100
1.024602
0.094406
1.052605
1.059129
0.799735
0.825524
0.947212
0.770243
0.705699
0.714107
1.103835
1.041628
0.647402
0.023568
1.151752
0.713601
0.873688
0.902076
0.599836
0.915732
0.625179
0.446078
0.717842
0.161152
0.701380
0.743081
1.003852
0.706119
1.160086
0.676169
0.094370
0.623910
0.567123
0.644161
0.892271
0.924801
0.689223
0.993174
0.823889
0.787574
0.054202
0.224686
0.883707
1.054541
0.807194
0.755700
0.960492
0.926343
0.695613
0.605746
0.867326
0.563668
1.033472
0.922601
0.999827
0.893744
0.978015
0.020471
0.738718
0.874364
0.071369
0.908258
0.820163
0.754945
0.815619
0.742761
0.032185
1.156685
0.587796
0.652204
0.706026
0.837980
1.154722
0.785906
0.810946
0.820977
0.912549
1.114648
0.980434
0.007326
0.793376
0.536466
0.801918
0.668423
1.085538
1.199804
0.729707
0.746440
0.737917
0.943810
0.933245
0.010329
0.962012
0.932431
0.750390
0.822888
0.904837
1.198285
0.815803
0.081498
0.080258
0.991865
0.869304
0.083871
0.970084
0.946638
1.146227
0.755088
0.884238
0.862818
0.707918
0.093585
0.239273
1.053818
0.940271
1.152035
0.479798
0.815092
0.890734
1.241162
0.830108
1.149892
0.936115
0.951382
0.937786
0.829641
0.624574
0.818219
0.863512
0.855494
0.788360
0.748900
0.475325
0.060113
1.171232
1.076476
0.836788
1.056784
1.074749
0.850243
0.449932
0.934034
0.971158
0.958018
0.932456
0.832983
0.982648
0.827078
0.920575
0.723861
0.900475
0.885708
0.766908
0.671429
0.964231
0.785726
0.849035
0.166479
0.066949
0.642981
0.435826
0.685892
0.866789
0.719796
0.498159
0.791616
0.890179
0.760727
1.075348
1.082286
0.758472
0.451505
0.713404
0.792822
0.622457
0.987496
0.851178
0.658204
0.780475
0.736725
0.720716
0.666398
0.785042
0.485957
0.855346
0.663071
0.745459
1.025153
0.858462
1.042062
1.082800
1.061432
0.717003
0.965700
0.716272
0.702007
0.851592
1.114425
0.647580
0.663618
1.147125
0.925174
0.828117
0.062539
1.146267
0.589925
0.384382
0.892559
1.079850
0.733632
0.867592
0.798123
0.133296
0.992643
0.785354
0.916914
0.922928
0.569009
0.031413
0.686435
0.448236
1.081409
0.078612
0.844542
0.971520
0.837008
0.931867
0.731615
0.967278
0.746442
0.760806
0.848254
0.083297
0.223573
0.839312
0.680347
0.910143
0.989945
0.843305
0.934784
0.778648
0.744221
0.647142
0.378814
0.755709
0.966962
0.249694
0.741870
0.830359
0.660447
0.713887
0.781798
0.730071
0.861441
1.164484
0.786402
0.510689
0.753694
0.737274
1.109138
0.701815
1.054002
0.862197
0.450746
0.639041
0.624889
1.169162
0.750954
0.804269
0.731130
0.817304
0.835107
0.792039
0.035970
0.105919
0.116150
0.791773
0.867092
0.841271
0.408057
0.878167
0.626855
0.908254
0.837502
0.626489
0.831004
1.026287
0.762797
0.893924
1.031119
0.668528
0.396331
0.986379
0.919199
0.835110
1.013274
1.030137
0.539286
0.880837
0.768822
0.733086
0.959980
0.890027
0.693988
1.077643
0.805062
0.811145
0.764353
0.278680
0.795198
0.029987
0.436339
0.662669
0.952797
0.061853
0.692288
0.682977
0.778892
0.909941
0.737683
0.727586
0.938749
1.068654
0.895986
0.773706
0.636192
0.804168
0.930404
0.656299
0.931985
1.129561
0.874431
0.955814
0.898181
0.803012
0.641819
0.938621
0.820743
0.864523
0.791275
0.698064
0.884938
1.146045
1.049327
0.654373
0.934007
0.760449
0.857440
0.675891
0.852737
0.477763
0.593883
0.728245
0.175219
0.859915
0.717792
0.786535
0.652915
0.826565
0.526355
0.816944
0.891334
0.642680
0.548705
0.834915
0.726334
0.914714
0.925332
0.910063
0.956831
0.758593
0.860624
0.447647
0.672512
0.624665
0.021693
0.936128
0.624387
0.892340
0.782486
0.993662
0.705063
0.387871
0.994868
0.527589
0.836179
0.978124
0.938023
0.956015
0.083689
0.105782
0.963009
0.757200
0.638601
1.006218
0.162477
0.701794
0.717410
0.777486
0.724897
0.659371
0.175726
0.408589
1.148370
0.677426
0.794684
0.712777
0.658699
0.752004
0.584143
0.751378
0.065853
0.086100
0.821262
0.679619
0.686034
0.866992
0.808391
0.932152
0.737371
0.963235
0.837427
0.645805
0.644638
0.602303
0.713834
0.937110
0.495542
0.972716
0.697833
0.859389
0.746383
0.804737
0.728952
0.562417
0.544902
0.726073
0.706546
0.758644
0.841009
0.428493
0.996700
0.030610
0.817181
0.973085
0.935034
0.834426
0.953171
0.692369
0.595553
0.873258
0.862139
0.810904
0.484110
0.860032
0.777759
0.771831
0.628742
0.623626
0.730785
0.701556
0.618932
0.785022
0.613482
0.829032
0.965643
0.674381
0.684501
0.739208
0.742742
0.319717
0.844709
0.845103
0.902668
0.716312
0.676483
0.804581
0.773240
0.809603
1.114836
0.775133
0.610289
0.710384
0.858236
0.599974
0.504863
0.941699
0.559733
0.993401
0.862992
0.815336
0.756801
0.660370
0.754435
0.781902
0.629557
0.676876
0.698911
0.839722
0.572550
0.866382
0.756931
0.880435
0.949899
0.130436
0.888445
0.870236
0.553992
0.896677
0.704891
0.048212
0.878273
0.922320
1.013468
0.668415
0.684412
0.631747
0.718596
0.591681
0.731008
0.590495
0.827957
0.765283
1.011701
0.665955
0.087366
0.797420
0.883734
0.888096
0.711453
0.726765
0.785020
0.691728
0.068499
0.642153
0.712262
0.725926
0.621317
0.701776
0.654698
0.794570
0.929215
0.885652
0.717230
0.716236
0.600331
1.068413
0.906763
0.874416
0.647293
0.654207
0.493655
0.836872
0.927074
0.948607
0.753630
0.771265
0.710009
0.426942
0.668246
0.811907
0.807070
1.091425
1.108283
0.772159
0.721617
0.642843
1.093105
0.738406
0.878139
0.714863
1.097865
0.630763
0.627808
0.184716
0.723238
0.892453
0.533457
0.632560
0.756170
0.811224
0.986856
0.546618
0.824161
0.612724
1.076522
0.932925
0.833532
0.718266
0.544544
0.850583
0.737150
0.835555
0.734618
0.703593
0.012463
0.874034
1.138437
0.914070
0.615940
0.772998
0.849894
0.819678
0.134995
0.822500
0.622327
0.559038
0.761593
0.863977
0.761581
0.359113
0.773468
0.234746
0.029753
0.787412
0.074639
0.751005
0.879977
1.093595
0.801319
0.866278
0.027971
1.098987
0.808128
0.791946
0.790245
0.739761
0.811870
1.109905
0.642645
0.832735
0.846353
1.128648
0.787598
0.679739
0.964865
0.864916
1.105306
0.726485
0.008172
0.728895
0.214508
0.950740
0.748583
0.709954
1.031568
0.728404
0.720413
0.737705
0.645400
0.649262
0.700506
0.862264
0.463993
0.954559
0.852203
0.730241
0.825677
0.678390
0.669499
0.630438
0.925590
0.841802
0.593021
0.758950
0.584432
1.001971
0.734044
0.075893
0.796077
0.813073
0.727183
0.523558
1.079039
0.885454
0.780929
0.648314
0.172159
1.016416
0.864304
0.762867
0.866950
1.008543
0.619264
0.926541
0.799473
0.584681
0.894010
0.852619
0.050288
1.113757
0.681054
0.775166
0.787965
0.560328
0.618567
0.828176
0.688408
0.064592
0.091209
0.826373
0.652207
0.612238
0.979625
0.476598
0.836421
0.726126
0.824518
0.781093
0.115179
0.653137
0.834294
1.047039
0.553697
0.550811
0.780687
0.675712
0.876466
1.090058
0.051511
0.923538
0.932009
0.561591
0.659040
0.638200
0.755868
0.750455
0.810271
0.699183
0.575843
0.094872
0.865264
0.362132
0.748496
0.653219
0.791505
0.231141
0.861025
0.912789
0.075411
0.598063
0.809610
0.082014
0.775188
0.576431
0.882860
0.984041
0.718269
1.024085
0.505386
0.716054
0.953866
1.060110
0.778857
0.681036
0.742985
1.082900
0.949174
1.027668
0.878673
0.390328
0.689478
0.741972
0.846635
0.756539
0.718390
0.630667
0.760372
1.063457
0.791688
0.906674
0.603635
0.741217
0.044831
0.889627
0.604465
0.938719
0.347406
0.797303
0.800255
0.800733
0.043586
0.740587
0.061553
0.825993
0.956995
0.830617
1.095586
0.769052
0.920659
0.809725
0.170460
0.644242
0.806595
1.085059
1.066181
0.968262
0.925201
0.703320
0.796011
0.715295
0.721894
0.546515
0.736652
0.758519
0.814809
0.774072
0.974758
0.735500
1.079976
0.108526
0.681647
0.726319
0.839276
0.961120
0.885732
0.917203
0.708090
0.309355
0.912674
1.116872
0.566772
0.572762
0.821587
1.002730
0.919339
0.607719
0.892789
1.048880
0.771790
1.011839
0.157867
0.733859
0.738445
0.788795
0.984521
0.811732
0.655953
1.130499
0.817522
0.771302
0.020688
0.593700
0.826705
0.516408
0.811262
1.075176
0.848794
0.865654
1.021885
0.803128
0.844835
0.967608
0.631739
0.626672
0.972424
0.913831
1.114634
0.779152
0.975800
0.940316
0.730703
0.780758
0.909757
0.742902
0.774853
0.796044
1.064532
0.134809
0.682828
0.897891
0.685193
0.964371
0.062043
0.785846
0.680659
0.786797
0.739288
0.912999
0.976018
0.921103
0.689886
0.762876
1.106223
0.731389
0.852853
0.680827
1.124356
0.719605
0.666086
0.912678
0.716233
0.729748
1.090968
0.682375
0.646923
0.790437
0.630369
0.811567
0.799144
1.067849
1.085295
0.680441
0.677073
0.806427
0.690728
0.682205
0.806387
0.600008
0.740615
0.832828
0.709860
0.818734
0.452061
0.782238
0.600499
0.666131
1.098924
0.721009
0.767368
0.873403
0.999552
0.198452
0.935286
0.561662
0.783879
0.868011
0.945443
0.783590
0.783716
0.611379
1.051642
0.825582
0.637543
0.374914
0.938064
0.921158
0.668101
0.633585
0.188146
0.712175
0.095138
0.724234
0.730016
0.676802
0.622653
1.048979
0.844049
0.112526
1.099706
0.771206
0.763130
0.513954
0.672021
0.948210
0.723578
0.622335
0.543820
0.952782
0.748659
0.776347
0.846638
0.970617
0.887924
0.570136
0.818466
0.981103
1.101805
0.764044
0.860025
0.741004
1.088104
1.028994
0.933891
0.031582
0.781480
0.346664
0.711145
0.750232
0.677834
0.666830
0.637234
0.774286
0.766036
0.070294
0.838869
0.671103
0.753853
1.033689
0.652606
0.730891
1.069691
0.679078
0.686785
0.724978
0.857669
0.626761
0.698255
0.844472
0.077361
0.693502
0.036344
0.069005
0.886911
0.910854
0.851490
0.880601
0.497827
0.866905
1.116461
0.796790
0.618821
0.829171
0.673442
0.712287
1.113485
0.581399
0.684492
0.365954
0.527309
0.988265
0.811226
0.930602
0.540262
0.693498
0.746618
0.793414
0.820469
0.658599
1.081689
0.934277
0.814028
0.911571
1.054352
0.510540
0.941888
0.588957
0.671265
0.679794
0.754493
0.822513
0.812589
0.616812
0.659882
0.891369
0.730347
0.925742
0.839011
0.732609
0.697599
0.818836
1.083946
0.743186
0.745844
0.787576
0.767786
0.777785
0.899542
1.105176
0.622251
0.621341
0.769470
0.801684
0.894430
0.573929
0.758898
0.783798
0.644788
0.634051
0.824267
0.666937
0.643958
0.699856
0.196467
1.054363
0.600759
1.035266
0.712604
0.935612
0.784876
0.749253
0.788631
0.870894
0.880168
0.660684
0.827740
0.892515
0.578174
0.077777
0.765401
0.706843
0.875439
0.904197
0.767267
0.651542
0.633529
0.874853
0.907871
0.883169
0.777205
1.077273
0.820335
0.778179
0.962286
0.709981
0.130407
0.043631
0.923845
0.801618
0.762494
0.093797
0.786837
0.667440
1.070022
0.725405
0.889531
0.886699
0.694834
0.669038
0.780459
0.066161
0.042288
0.630388
0.839095
0.823057
0.569607
0.133870
0.968562
0.804537
0.656986
0.773130
0.770421
0.640245
0.735940
0.816464
0.766182
0.722585
0.615658
0.501919
0.796183
0.784454
0.821984
0.707233
1.037544
0.618672
0.588677
0.155506
0.692207
0.851720
0.681608
0.961617
1.015936
0.781904
0.873222
0.920562
0.839517
1.081829
0.747305
0.752969
0.728526
0.731354
0.132639
0.774175
0.768534
0.710170
0.653445
0.755898
1.050542
0.775632
0.576630
0.891866
0.678397
0.751303
0.826218
1.013844
0.976832
0.738698
0.162388
0.823785
0.477835
0.503102
0.813439
0.079043
0.828933
0.667312
0.759736
0.941882
0.876724
0.752605
0.736338
0.765280
0.748008
1.124257
0.770590
1.071788
0.765181
0.546501
0.643296
0.716150
0.894857
0.612732
0.653252
1.032210
0.855820
0.969511
0.825458
0.708194
1.076841
0.023422
0.693910
0.551837
0.012649
1.032805
0.757269
0.563375
0.815092
0.757586
0.724306
0.695469
0.941999
0.714678
0.961841
0.770084
0.831933
0.632272
0.655674
0.913990
0.513551
0.705887
0.200949
0.738210
0.552701
0.214695
0.941034
0.740691
0.527398
0.704620
0.865681
0.791594
0.851024
0.901312
1.017404
0.772642
0.697234
0.946891
1.005782
0.873600
0.369681
0.746541
0.749960
0.917066
0.225755
1.110640
0.722159
0.948686
0.715090
0.709760
0.668794
0.882769
0.663514
0.391899
0.993195
0.873112
0.874338
0.874990
0.725193
0.765678
0.794312
0.645029
0.576534
1.099847
0.748286
0.678583
0.963221
0.978052
0.701597
0.727596
0.667047
0.764503
0.719907
0.075908
0.919644
0.767958
1.099798
0.928316
0.942633
0.579381
0.594350
0.705035
0.910803
0.784662
0.948588
0.903934
0.658809
0.901996
0.027762
0.077875
0.700347
0.041342
1.072185
0.799391
0.700571
0.168521
0.631224
0.060064
1.072323
0.903531
0.539889
0.828128
0.895333
0.693496
1.122819
0.967372
0.561605
0.682136
0.829615
0.883154
0.150775
0.641576
0.768034
0.739730
1.005634
0.481448
0.159383
0.747251
0.514958
0.843994
0.699950
0.910384
0.606712
0.656548
0.611239
0.758656
0.609063
0.850286
0.768843
0.839062
1.063056
1.083603
0.740397
0.570755
0.794605
0.831053
0.720557
0.903071
0.722458
0.603409
0.936651
0.559247
0.674763
0.793458
0.706692
0.199121
0.677840
0.463300
0.633132
0.039770
0.713832
0.945205
0.274016
0.751271
0.476942
0.540977
0.592367
0.761785
1.005930
0.805799
0.869173
0.631424
0.950064
0.951303
0.744458
0.881502
0.819793
0.557389
0.649724
0.616752
0.840312
0.678797
1.111005
0.333458
0.805406
0.706075
0.618665
0.596303
0.645973
1.072413
0.654738
0.036945
0.927621
1.050003
1.018142
1.038507
0.818819
0.736206
0.771828
0.808708
0.575800
0.542072
1.066093
0.745231
0.689153
0.761189
0.682712
0.725094
0.915091
0.788151
0.709181
0.889674
0.654137
0.705487
0.741180
0.748199
0.063684
0.788063
0.823476
1.003402
0.676599
0.887004
0.495710
0.790089
0.615250
0.944381
0.388308
0.735959
0.753913
0.905881
1.095412
0.658901
0.814375
0.675371
0.675729
0.631990
0.649949
0.923899
0.141635
0.713128
0.849516
0.976451
0.092917
0.692281
0.899136
0.084875
0.933809
0.980083
1.061114
0.747489
1.000933
1.033164
0.649825
0.657948
0.550345
0.838072
0.411698
0.943457
0.535650
0.786540
0.876661
1.068421
1.022119
0.680282
0.922912
0.042808
0.568280
0.113526
0.663320
0.828803
0.023868
0.579749
0.696354
0.862297
0.993835
0.698594
0.727453
1.012175
0.704357
0.067856
0.933639
0.413587
0.556908
0.369683
0.675852
1.088824
0.116675
0.751165
0.661857
0.868811
0.508090
0.846566
0.844215
1.107613
0.662857
0.662392
0.322692
1.097569
0.784621
0.557788
0.703628
0.570461
0.602115
0.847934
0.591955
0.665638
0.090522
1.057113
0.922420
0.908719
0.681545
0.741845
0.870498
0.593894
0.779282
1.064964
0.953740
0.841385
0.854264
0.879528
0.943752
0.769978
0.703149
0.128143
1.073026
0.806383
0.075764
0.794559
0.803012
0.736532
0.949809
0.640401
0.923372
0.518570
0.818453
0.860750
0.640505
0.976627
0.724499
0.483853
1.062403
0.744116
0.590486
0.010094
0.496078
0.858728
0.596152
1.081023
0.168911
0.816574
0.760805
0.528106
0.708093
0.745542
0.714281
0.615352
0.866159
0.058656
0.470320
0.978410
0.596319
0.883433
0.767639
0.714829
0.521693
1.067699
0.659385
0.818744
0.929960
0.874685
0.527325
0.026938
0.755358
0.834326
0.865176
0.831262
0.414367
0.920838
0.729267
0.891235
0.103685
0.996803
0.725505
1.056054
1.007659
0.805942
0.890557
0.696941
0.082880
0.606591
0.827154
0.671401
0.730958
0.758481
0.722639
0.942961
1.072816
0.570015
0.795031
0.978480
0.564502
0.848482
0.728594
0.813598
0.655702
0.756107
0.680413
0.889456
0.813177
1.076882
0.720233
0.722016
0.816133
0.777296
0.882039
0.664899
0.617376
1.071169
0.870377
0.839284
0.641358
0.933663
0.619612
0.664274
0.743330
0.872899
0.667741
0.699935
0.601550
0.895799
0.747726
1.058323
0.217850
0.021815
0.580254
0.844582
0.676167
0.750599
0.765128
0.699748
0.685986
1.040382
0.450918
0.674999
0.618098
0.863772
0.723137
0.671656
0.093065
0.839960
0.764448
0.665748
0.778650
1.081530
0.806768
0.782362
0.625154
0.703933
0.966743
1.117143
0.719908
0.626480
0.680447
0.778010
0.756914
0.114245
0.687497
0.598773
1.022758
0.847954
0.915195
0.865805
0.986370
0.777967
0.775934
0.025407
1.171668
0.706234
0.517770
0.720414
0.786025
0.753428
1.058479
0.706993
0.419256
0.826899
0.965841
0.822702
0.753400
0.603502
0.112874
0.763338
0.718387
0.643098
0.725344
1.093690
0.905730
0.634953
0.619761
0.982048
0.560821
0.733314
0.596909
0.817876
0.805798
0.613116
0.714518
1.083603
1.001513
0.771529
0.358623
0.930576
0.940470
0.893371
0.668262
0.868868
0.742874
0.462245
0.601489
0.665268
0.613882
0.767576
0.730092
0.729119
0.670171
0.834899
1.078993
0.784226
0.697907
0.687380
0.756754
0.822060
0.725816
0.916020
0.867823
1.036138
1.086755
0.180996
0.040583
0.728604
0.306013
0.735553
0.837514
0.720300
0.687860
0.600454
0.809968
0.907570
0.015466
0.415486
0.720376
0.796309
0.911468
0.814037
0.632560
0.860287
0.040895
0.899048
0.646320
0.992077
1.107947
0.761903
0.185364
0.828778
0.659933
0.766928
1.096734
0.984890
0.643501
0.861964
0.649936
0.993797
0.663843
0.860076
0.883946
0.687940
0.056046
0.499628
0.696967
0.933175
0.824684
1.065785
0.725753
0.890137
1.046894
0.754169
1.081470
0.936108
0.649629
1.051160
0.791312
0.487223
0.681285
0.804037
0.774724
0.808587
0.893998
0.772256
0.088164
0.672326
0.834579
0.737489
0.819007
0.730699
1.003702
0.928610
0.442218
0.731769
0.633744
0.843716
0.617093
0.779970
0.815667
0.512385
0.099743
0.045498
0.384039
0.740802
0.663075
0.692662
0.784163
0.723236
0.632131
0.749792
0.781727
0.933577
0.913189
0.804692
0.887625
0.692475
0.883877
0.069840
0.546132
0.158596
0.860826
0.704464
0.857215
0.631548
1.105612
0.664794
0.757643
0.739914
0.907493
0.864670
0.810681
0.846525
0.723070
1.084433
0.709817
0.511935
0.781689
0.688588
0.019029
0.588680
0.701795
0.880013
0.399680
0.811929
0.610716
0.650915
1.034654
0.761178
0.608757
0.869033
0.781889
0.793967
1.047802
0.634275
1.006912
1.015923
0.869325
1.104953
0.638812
0.729116
0.837826
0.932292
0.833668
0.183830
0.626734
0.320692
0.595719
0.134671
0.817973
0.575704
0.934241
0.666534
0.978443
1.107678
0.874041
0.684560
0.854725
0.742590
0.965512
0.652036
1.052283
0.596217
0.908681
0.569366
0.593483
0.896052
0.755190
0.121375
0.832757
0.794302
0.850417
1.041640
0.651642
0.715718
0.621332
1.040297
0.659971
1.000982
0.877673
0.730903
1.046873
0.696119
0.885567
0.808943
0.824865
0.743305
0.497605
0.712611
0.617678
0.848507
0.697557
0.902874
0.610973
0.214052
0.960118
0.778106
0.195294
0.839104
0.460480
0.813091
0.811281
1.091305
0.017218
0.400684
0.653707
0.872138
0.525975
0.593073
0.711494
0.782283
0.566189
0.620697
0.798028
1.077317
0.759966
0.964146
0.802373
0.590989
0.726266
0.661008
1.016906
0.663935
0.519963
0.741985
0.890403
0.918453
0.029153
0.861948
1.009095
0.726249
0.739812
0.056883
0.758727
0.965936
0.793959
0.918167
0.650965
0.788821
0.706738
0.998266
1.063404
0.746350
0.596849
0.689760
0.610897
0.727349
0.740726
0.658791
0.916104
0.902042
0.656614
0.872253
0.900253
0.580241
0.872297
1.004179
0.937599
0.762448
0.643440
0.669603
0.984179
1.056592
0.152648
0.531653
1.092803
0.881273
0.875520
0.713626
0.475095
0.671248
0.746869
0.597435
0.839298
0.640177
0.647488
0.624273
0.604682
0.506319
0.833651
0.683048
0.773982
0.714294
0.775295
0.705542
0.454454
0.712174
0.847458
0.710630
0.607446
0.651198
0.940907
0.719045
0.820591
0.255148
0.684077
0.591781
0.699809
1.079667
0.026574
0.615522
0.885081
0.754213
0.837343
0.845860
0.957857
0.971479
0.625289
0.801670
1.014241
0.029492
0.633667
0.871359
0.035946
0.815888
0.741547
0.619987
0.124894
1.101027
0.570758
0.799116
0.856083
0.566802
0.792680
0.078743
1.010295
0.672425
0.811059
0.744430
0.006964
0.573059
0.671478
0.844496
0.708566
0.683486
0.917210
0.714732
0.630583
0.824290
0.900042
0.832732
0.201068
0.755911
0.887974
0.702359
0.678602
0.874542
1.096664
0.494742
0.987810
0.894140
0.700045
0.738449
0.659368
0.940951
0.797982
0.771293
0.710658
1.109353
0.815361
0.666148
0.717334
0.803327
0.741619
0.811951
0.731894
0.829106
1.139807
0.724125
0.679768
0.851181
0.617818
0.045098
1.085416
0.761839
0.819842
0.649820
0.945453
0.806206
0.765305
1.090308
0.743899
0.497204
0.864043
0.396576
1.041893
0.608897
0.652418
0.780673
0.933140
0.757033
0.576375
1.096450
0.182029
0.860870
0.763987
0.564133
1.018524
0.780886
0.959021
0.646869
0.013235
0.693200
0.759566
0.753598
0.841127
0.910097
0.638873
1.055034
1.017955
0.839753
0.704786
0.989008
0.998597
0.956065
0.476052
0.936349
0.058945
0.718370
0.776961
0.685828
0.699077
0.675227
0.818088
0.742611
0.952146
0.640655
0.635538
0.148253
1.094935
0.606667
0.694742
0.740757
0.748016
1.051820
1.084137
0.580682
0.696196
1.066417
0.705816
1.088602
0.015187
0.855445
0.832082
0.559836
0.867522
0.779864
0.192380
0.935146
0.846403
0.643036
0.866592
0.542398
0.012837
0.489244
0.809247
1.050699
0.703006
0.075925
0.863901
0.553373
0.875695
0.758081
0.713744
0.607267
0.822370
0.676583
0.013066
0.812949
0.951286
0.566448
0.871474
0.816157
0.789928
0.618415
0.587155
0.841175
0.912828
0.759290
0.010410
0.986064
0.698395
0.657841
0.528324
0.948233
0.746437
0.126671
0.778576
0.883428
0.871098
0.756920
0.751522
0.828822
0.813151
0.760351
0.153148
0.778094
0.746434
0.829237
0.030845
0.619075
0.784634
0.508635
0.590417
0.662597
0.890047
0.733353
0.239437
0.816696
0.614352
0.689001
0.892023
1.001621
0.689732
0.539928
1.069590
0.752723
0.742208
0.161814
0.727132
0.789665
0.860741
0.750722
0.657818
0.713771
0.605029
0.866452
0.706701
0.645851
0.973786
0.058811
0.583760
0.889351
0.714008
0.519918
0.602361
0.820571
0.901536
0.675365
0.832397
1.074744
0.596063
0.029870
0.691653
0.583175
0.618217
0.814979
1.066602
0.830723
0.756140
0.770444
0.868491
0.738804
0.703086
0.889654
0.661724
0.948724
0.728500
0.858768
1.096451
0.075676
0.885391
1.016569
1.038695
1.022279
0.883405
0.762549
0.810760
0.516561
0.021529
1.091733
0.858327
0.578722
0.674412
0.664790
0.609589
0.721834
0.034440
0.403129
1.042888
0.629539
0.811949
1.088646
1.068030
0.742188
0.686808
0.752385
0.620957
0.628545
0.064662
0.889887
0.722571
0.601062
0.628690
0.679597
0.906241
0.946351
0.821689
0.841133
0.963826
0.687506
0.783092
0.440173
0.647719
0.887517
0.694651
0.811337
0.746288
0.636120
0.570212
1.096963
0.399792
0.995357
0.070474
0.615825
0.513966
0.618913
0.919627
0.676659
1.059626
0.152085
0.801191
0.805980
0.871355
1.090808
0.761525
1.001585
0.753023
0.574671
0.749178
0.644956
0.598270
0.829241
1.067996
0.356429
0.559999
0.640309
0.764738
0.680405
0.657887
1.071240
0.634593
0.945553
0.621384
0.583572
0.709986
0.643598
0.752909
0.770508
0.706300
1.039250
0.627442
1.027555
0.695904
0.670959
0.694346
0.801210
0.691126
0.718062
1.106532
0.603594
0.660686
0.894174
0.955068
0.673294
0.732810
0.649387
1.101402
0.853915
0.028625
0.856197
0.813401
0.871898
0.641252
0.824384
0.923799
0.643400
0.681971
0.757798
0.658347
0.694038
0.806892
0.740173
0.264658
0.505029
0.817668
0.085265
0.743918
0.939810
0.434536
0.626950
0.636211
0.786649
0.801872
0.821306
0.856499
0.639325
0.620314
0.026102
0.721255
0.806596
0.804613
0.523409
1.087201
0.204720
0.650484
1.063331
0.413747
0.571008
0.731813
0.103774
0.711426
0.624092
0.667418
0.085449
0.779747
0.818153
0.770535
0.543709
0.792881
0.708188
0.700731
0.790605
0.587947
0.794065
0.850194
0.652062
0.986912
0.821785
0.855507
0.922809
0.813527
0.685490
0.916916
0.805378
1.032001
0.928588
0.575678
0.544596
0.701845
0.852054
0.408763
0.816805
0.862222
0.864216
0.631709
0.766325
1.053134
0.918835
0.930476
0.944834
0.107951
0.878551
1.094264
0.636227
0.900461
0.758094
0.591961
1.086204
0.816514
0.462696
0.915556
0.648603
0.805586
0.168138
0.677591
0.742870
0.797017
0.802450
0.960234
0.885315
0.671328
0.670710
0.655226
0.825848
0.638483
0.658667
0.736169
0.681043
0.916752
0.683961
0.847100
1.093532
0.972816
0.682802
0.612484
0.965319
0.665131
0.601305
0.980015
0.778309
0.474835
0.631345
0.748155
0.663380
0.600965
0.084764
0.672996
0.724621
0.598879
0.763623
0.815337
0.677530
0.909170
0.635069
0.813011
0.682881
0.695913
1.064908
0.689760
1.046369
0.595610
0.658089
0.727394
0.831976
0.877405
1.050909
0.982276
0.764893
0.588145
0.842914
0.691058
0.752563
0.712341
0.610164
0.837463
0.635629
0.581322
0.746877
0.759358
1.102433
0.620749
0.582390
0.887168
0.752866
0.865524
1.076168
0.143923
0.775198
0.663054
0.937669
0.930848
0.584793
0.744201
0.807784
0.869131
0.800009
0.658787
0.687019
0.717769
0.790718
0.516628
0.755631
0.826404
1.021998
0.669203
0.725974
0.911481
0.034484
0.694299
0.727140
0.546989
0.729807
0.935175
0.826516
0.895810
0.060488
0.686400
0.914208
0.080394
0.944100
0.908237
0.822339
0.891987
0.591904
0.663837
0.448964
0.647567
0.889861
0.637878
0.647294
0.704986
0.707852
0.232830
0.847905
0.805776
0.693276
0.812170
0.458612
0.749995
0.020985
0.562125
0.240378
0.775271
0.882203
0.709929
0.883983
0.889512
0.661881
1.105286
0.514106
1.027851
0.855202
0.755134
1.079333
0.872877
1.079068
0.931836
1.068540
0.608180
0.730939
1.061954
0.977217
0.937266
0.794498
0.935050
0.561201
0.053492
0.609583
0.456526
0.869403
0.739821
0.587439
0.769569
0.634184
0.869604
0.939955
0.702844
0.901635
1.096500
0.651018
0.946508
0.567788
0.887590
0.877786
0.493232
0.715197
0.609969
1.010494
0.635170
0.636240
1.048038
0.840527
0.947469
0.105802
0.671865
0.690127
0.641950
0.593695
0.770138
0.716527
0.618266
0.795831
0.687980
0.836333
0.783019
0.628936
0.115025
0.597532
0.098497
0.759077
0.766058
0.712706
0.024395
0.869698
0.037785
0.441339
0.658911
0.709192
0.602600
0.694072
0.748755
1.037604
0.478037
0.618464
0.776880
0.581049
0.738903
0.676168
0.331792
0.772723
0.651281
0.798825
0.720388
0.752409
0.827658
1.003413
0.726878
0.537923
0.680987
0.905612
0.833727
0.580704
0.732035
0.660505
0.096884
0.624812
0.712032
0.309839
0.855125
0.793342
0.812337
0.866121
0.090673
0.690548
0.784743
0.762682
0.534424
0.015262
0.664901
0.654962
0.774757
0.778408
0.782745
0.647240
0.767848
0.039538
0.659239
0.816840
0.882420
0.770530
0.993413
0.663405
0.680297
0.769449
0.663061
1.025518
0.779311
0.551716
0.642800
0.560297
0.551338
0.749108
0.893156
0.693925
0.170012
0.957296
0.937984
0.723655
1.096244
0.790006
0.766941
0.706966
0.890379
0.859422
0.623381
1.060923
0.994058
0.708079
0.815946
0.752491
0.220020
0.028311
0.597997
0.796827
1.013658
1.053051
0.744069
0.612714
0.666043
0.851948
0.565464
0.768979
0.528605
1.125077
0.842062
0.707663
0.703432
0.960478
0.916221
0.083448
0.653672
0.630875
0.755887
0.635643
0.663094
0.095548
0.058434
0.104011
0.870799
0.552873
0.729984
0.126627
0.787589
0.654533
0.597646
0.549273
0.887094
0.779936
0.792875
0.696192
0.833783
0.708148
0.862294
0.125877
0.835808
0.804273
0.636601
0.814579
0.923865
0.798669
0.862332
0.921487
0.170191
0.971572
0.847454
0.658483
0.747840
0.473279
1.049424
0.742935
0.962848
0.761376
0.880148
0.665399
0.722068
0.262724
0.969983
0.942951
0.230850
1.066873
0.421093
0.795470
0.328040
0.781658
0.754702
0.829081
0.973246
0.731692
0.582567
0.882780
1.062539
0.884573
0.691767
0.494549
1.108989
0.683023
1.100678
0.631048
1.094269
0.138855
0.718292
0.886183
0.683573
0.821695
0.598468
0.761473
0.876354
0.703931
0.453836
0.756990
0.686406
0.513607
1.025251
1.110394
0.803375
0.805722
0.833740
0.780080
0.744451
0.085826
0.753764
0.733647
0.714122
0.901965
0.669607
0.550318
0.948002
0.436194
0.431835
0.812993
0.830291
0.047593
0.682650
0.739482
0.626474
0.795945
0.713063
0.669997
1.083363
0.703984
0.656287
0.592524
0.833782
0.664689
0.986014
0.936315
0.861956
0.735728
0.829938
0.717224
0.873066
0.921364
0.457382
0.861873
0.084821
0.908725
0.887275
1.117380
0.905814
0.840778
0.730341
0.052005
0.758775
0.177970
0.700121
0.792768
0.658564
0.681692
0.740995
0.807148
0.710850
0.099726
0.841028
0.948888
0.356440
0.654784
0.829421
0.850361
0.803545
0.671070
0.687971
0.575202
0.889627
0.672413
0.744324
0.725135
0.852913
0.609598
0.807218
0.944499
0.669547
0.136921
0.695507
0.733421
0.776758
0.667472
0.797463
0.809961
0.691101
1.065084
0.730098
1.074866
0.558807
0.634057
0.030987
0.793839
0.866552
1.040342
0.801935
0.819542
0.576836
0.555718
0.109803
0.863881
0.748253
0.581716
0.775937
1.093840
0.855735
0.847492
0.689394
0.934873
0.642393
0.799202
0.126042
0.844528
0.026137
0.676241
0.658619
0.820467
0.006315
0.260002
0.869205
0.839706
0.016734
0.846659
0.564503
0.895017
0.891114
0.895406
0.740127
0.528485
0.696918
0.731557
0.560658
0.731325
1.034740
0.457362
0.657730
0.849538
0.802116
0.864548
0.685645
0.872877
1.080268
0.520221
0.823709
0.764855
0.681872
0.607897
0.713158
0.726234
0.762977
0.687501
0.800760
0.752388
0.975786
0.678587
0.701764
0.877036
0.656003
0.656007
0.673519
0.771358
0.797045
0.747892
0.894884
0.912468
1.073990
0.185866
0.838618
1.046050
0.642209
0.689387
0.650007
0.866485
0.797575
0.701377
0.785019
0.919019
0.783366
0.578752
0.818010
0.995809
0.691958
0.873653
1.019584
0.094182
0.533033
1.093116
0.642914
0.025227
0.896479
0.040559
0.507034
0.889305
0.670690
0.712801
0.613760
0.878409
0.710269
0.761602
0.032164
0.968654
0.764468
0.646850
0.628946
0.605807
1.088013
0.883651
0.400023
0.843649
0.884882
0.677604
0.665911
0.832227
0.750157
0.488921
0.675438
1.076008
0.666085
0.825749
0.841949
0.834633
0.137342
0.606856
0.706493
0.785151
0.904573
0.790503
0.652683
0.790993
1.013887
0.747967
1.035053
1.015919
0.662348
1.075645
0.858411
0.878041
0.729211
0.821055
0.615314
1.035370
0.687439
0.472377
0.721249
0.995617
0.852583
0.071166
0.836483
0.666851
0.689068
0.586103
0.713233
0.652695
0.763858
0.827651
0.614001
0.540293
0.846432
1.098073
0.983600
0.382637
0.075896
0.800407
0.760948
1.097690
0.896991
0.659468
0.702901
0.647482
0.769937
0.687969
0.589338
0.799590
0.722862
0.547345
0.917592
0.999423
0.857259
0.600181
0.374680
0.850399
0.452285
0.877431
0.770876
0.922570
0.010724
0.672480
0.713711
0.805810
0.058093
0.852938
0.789991
0.550334
0.933645
1.013706
0.748035
0.735456
0.801013
0.798781
0.848092
0.715372
0.538141
0.851854
0.762507
0.901212
0.852745
0.753916
0.942021
0.688513
0.125873
0.870853
0.798903
0.542993
0.837889
1.107686
0.369370
1.108160
0.827630
0.800500
1.124724
0.684685
0.903235
0.723050
0.681678
0.799166
0.762762
0.988978
0.941607
0.790478
0.970830
0.794728
0.752315
0.632957
0.554862
0.792619
0.848655
0.053000
0.775458
0.805507
0.444077
0.793837
0.581906
0.575508
0.888867
0.873104
0.950446
0.584979
0.728445
0.692400
0.528178
0.848738
0.699448
0.887280
0.600487
0.681967
0.882550
0.842706
0.750241
0.631373
0.684040
0.720851
0.747160
0.682904
0.577833
0.599512
0.713577
0.273055
0.737482
1.088003
1.088206
0.855161
0.705220
0.767218
0.781412
0.446388
0.644671
0.559807
0.744459
0.754797
1.084969
0.629717
0.654724
1.094943
0.843064
1.015288
0.754146
0.851905
0.678050
0.904270
0.624796
0.909886
0.973456
0.636183
0.705583
0.817820
0.907615
0.756346
0.809868
0.822010
0.817749
1.007388
0.753852
0.806748
0.747853
0.826399
0.685348
0.619219
0.645418
0.685182
0.996816
0.755321
0.811314
1.082375
0.828572
0.997358
0.961518
0.259689
0.619204
0.592970
0.190455
0.900126
0.857081
0.807261
0.893968
0.955229
0.020489
0.298141
0.699491
0.695464
0.691142
0.886476
0.526605
0.858162
0.938129
1.082506
0.995674
0.814162
0.720047
0.090944
0.582178
0.646272
0.685794
0.629422
0.773546
0.546396
0.871373
0.707900
0.876616
0.651265
0.649439
0.105721
0.617602
0.780590
0.769216
0.755669
0.699357
0.782384
0.824130
0.841166
0.789706
1.059319
1.082932
0.655718
0.541051
1.037810
0.750246
0.300058
0.865711
0.730517
0.826007
0.913198
0.837497
0.800971
0.617626
0.922645
0.190080
0.993651
0.786107
0.623174
0.707208
0.875248
0.675657
0.777510
1.075799
0.625747
0.723122
0.717784
0.762559
0.762722
0.628124
1.015349
0.903825
0.745040
0.675998
0.870947
0.874922
0.866477
0.758164
0.944753
0.803721
0.737358
0.821099
0.665272
0.625870
0.677738
0.641641
0.766133
0.908627
0.049863
0.954916
0.891790
0.720141
0.974161
0.563727
0.839775
0.841545
0.517061
0.628544
0.947989
0.617566
0.839985
0.873264
0.730867
0.597802
1.097245
0.665694
0.646332
0.764403
0.348182
0.684372
0.944069
0.623979
0.915339
0.707418
0.779072
1.097596
0.637063
0.676270
0.665132
0.850342
0.888398
0.551436
0.725451
0.810768
0.691999
0.941743
0.380001
0.567768
0.026890
0.835534
0.580231
1.008084
0.598160
0.779918
0.771526
0.439722
0.835073
0.505155
0.655131
0.664253
0.836937
0.044480
0.708210
0.738680
0.824455
0.817109
0.051506
0.413675
0.950461
0.725826
0.826858
0.791242
0.870445
0.668710
0.611994
0.630347
0.844273
1.072162
1.100783
0.709126
0.666655
0.868252
0.832854
0.634855
0.717583
0.887995
1.091838
0.122410
0.880243
0.516742
0.730051
0.617786
0.514844
0.714473
0.716375
0.959659
0.998328
0.768681
0.896566
0.766787
0.646541
0.888810
0.915962
0.741834
0.854810
0.884161
0.808119
0.663088
0.807748
0.784793
0.599228
0.079436
0.455049
0.289260
0.719047
0.934074
0.739759
0.987159
1.109354
0.712150
0.536601
0.932488
0.659519
0.844354
0.710893
0.633456
0.737800
0.590084
1.061823
0.766515
0.740244
0.842429
0.999183
0.448051
0.942034
0.824971
0.022218
1.105701
0.808503
0.840572
0.721666
0.908821
0.873290
0.804869
0.067510
0.719076
0.768785
0.844055
0.885766
0.384190
0.871825
0.735116
1.038971
0.100923
0.677894
1.037527
0.836097
0.852360
0.788675
0.709573
0.799017
0.710474
0.788663
0.735052
0.956553
0.748878
0.788446
0.840837
0.806404
0.488158
0.920514
0.892060
0.461890
0.677528
0.710961
0.957925
0.884616
0.028503
0.565552
0.847986
0.812178
0.991139
0.748729
0.715263
0.683459
0.710107
0.706207
0.852939
0.433282
0.236475
0.348980
0.293730
0.773807
0.787793
0.599189
0.897831
1.085290
0.024294
0.552116
0.823742
1.038002
0.612813
0.594683
0.816666
0.726920
0.499991
0.930525
0.097233
0.418253
0.805516
0.384481
0.942892
0.719863
0.551637
0.645130
0.783483
1.029503
0.823448
0.885698
0.584794
0.047306
0.946285
0.941903
0.996511
0.083207
0.972390
0.611553
0.680728
0.690400
0.614891
0.613911
0.760949
0.890918
0.809009
0.805569
0.698529
0.799244
0.784592
0.896816
0.748902
0.692422
0.695775
0.671687
0.702008
0.723975
0.626237
0.550216
1.120906
0.843878
0.187232
0.876807
0.639120
0.759833
0.659239
0.799987
0.930365
0.967316
0.984123
0.759322
1.054237
0.576064
0.680393
0.889740
1.023009
0.106004
1.079624
0.798477
0.802836
0.643226
0.164419
0.787233
1.073857
0.697405
0.655790
0.973081
0.630863
0.962636
0.047611
0.840193
0.779234
0.840872
0.957527
0.981506
0.646373
0.607404
0.714030
0.909636
0.786386
0.888632
0.861763
0.059858
0.707956
0.573499
0.382553
0.781079
0.153205
0.828754
0.086138
0.804301
1.094279
0.638776
0.726575
0.846005
0.885167
0.741040
0.721235
0.953793
0.802074
0.597075
0.274757
0.863584
0.911958
1.067668
0.699709
0.545771
1.061566
0.808742
0.635485
0.958039
0.615118
0.310194
0.808518
0.736041
0.091727
0.782087
0.640377
0.581536
0.970245
1.009507
0.116582
1.079643
0.870658
0.861643
0.768093
0.788294
1.061601
1.056029
0.975661
0.710832
0.875595
0.731163
0.933792
0.793584
0.060391
1.002949
0.848074
0.929553
0.828910
0.319241
0.865033
0.870922
0.747055
0.729545
0.738182
0.884457
0.947971
0.807622
0.165270
