1.225433
1.174557
1.732633
1.945682
0.463195
0.052729
0.967546
1.643820
1.761057
1.050501
1.493648
1.869278
1.695689
2.175798
1.297502
0.176590
1.301065
0.946242
1.671743
0.861643
2.212831
0.059516
1.772390
2.095407
1.163978
1.698763
1.732198
1.977343
1.387011
1.505466
0.866302
1.251968
1.714153
2.270300
1.478430
1.741976
1.173900
1.598525
1.633130
1.015177
1.042500
1.350624
1.292962
1.337074
1.626826
0.938234
1.704731
1.546937
1.047408
2.040818
2.053767
1.529376
0.638556
1.426767
1.397935
1.055062
1.510014
1.302171
1.256159
1.059953
1.192914
0.174463
2.187235
1.363919
1.522492
1.502267
1.578505
1.615325
0.077493
0.115269
1.532976
0.034247
1.950181
2.248308
1.331288
1.139621
1.794265
1.213241
1.395379
1.544213
2.111615
1.779317
2.098428
0.947819
1.211908
1.421397
1.107887
1.416461
1.445566
1.518079
1.081549
2.141367
1.129706
1.471817
1.085759
1.268921
1.598471
1.500800
2.101610
0.860711
0.819241
1.205830
0.610233
1.010678
1.401519
1.032148
1.077629
1.558407
1.282488
1.663518
1.990402
0.428117
1.603804
1.367525
1.232726
2.141622
1.696971
1.074473
1.686420
1.484745
1.175714
1.462026
1.626175
0.880819
0.908588
1.977753
1.583842
1.671705
1.126402
1.744050
0.949264
1.492343
1.518970
1.274988
0.143273
1.577538
1.129390
1.409234
1.500399
1.355792
1.436982
1.363158
1.515460
1.571701
1.244878
1.283698
1.621496
1.371398
1.198756
1.487031
1.824647
1.183601
1.275469
1.146288
1.166874
0.596465
1.385274
1.382232
1.359170
1.163576
1.486940
0.931360
1.550376
1.184210
1.197522
1.480886
1.418263
1.024282
1.276305
1.480139
1.285125
1.176942
1.302200
0.048633
1.544184
1.266378
1.161003
1.090113
1.395668
2.117878
1.444217
1.035029
0.801261
0.042374
1.695084
1.582729
1.487968
1.228275
1.500322
1.092227
1.794228
1.197942
1.874784
1.436186
1.334981
1.239766
1.573674
1.172141
1.374288
1.246985
0.099160
1.419659
1.965907
1.442588
1.348833
1.874183
1.612895
1.504278
1.069726
1.384651
1.519996
0.793008
1.300243
1.573131
1.155044
1.535703
1.557105
1.639988
1.279031
1.319137
1.706365
0.433231
0.278356
1.353577
1.677734
1.574989
1.302711
0.865836
1.326175
0.802683
1.397224
1.165740
1.099541
0.600178
1.775974
0.915665
1.088168
1.781962
1.221264
1.311754
0.918948
1.205567
1.409690
1.519705
1.313735
1.666289
1.367482
0.792771
1.023863
1.284918
0.955875
0.066753
1.642224
0.052673
0.018040
1.169441
1.211392
1.439123
0.979716
1.044223
1.077011
0.974004
1.319239
1.171362
1.033889
1.389646
1.048165
1.100205
0.458056
1.143272
0.741468
1.124085
1.257614
0.907992
0.825322
0.783084
1.068261
1.613294
1.304802
1.157605
0.166110
0.811761
1.171446
1.086954
0.576816
1.554989
0.807810
0.937616
0.020178
1.185872
1.158287
0.024308
1.036203
0.832408
1.199178
0.621085
0.998513
1.125808
1.256600
1.098609
0.733449
0.046578
1.052115
1.021883
1.005972
1.207929
0.961207
1.051153
1.273720
1.042662
0.534435
1.187953
0.215177
0.922685
0.896464
0.910197
0.794653
0.919181
0.837267
0.833934
0.938152
1.094479
0.888167
0.964482
1.014822
1.245886
0.158289
0.163229
0.789456
0.911099
1.008935
0.862243
0.988807
1.248782
1.133517
1.139215
0.893653
0.964637
0.790712
0.728065
0.688134
0.885498
0.862473
0.910599
0.729050
0.946127
0.780933
1.154188
1.098979
1.089861
0.913083
1.192796
1.231083
0.818379
0.755377
0.933759
1.154932
0.996665
0.013559
0.997411
1.119735
1.099833
0.028550
1.119955
1.179692
0.771617
1.191227
0.908053
0.871210
0.873198
1.082479
0.909142
0.849987
0.809632
1.198502
1.127990
1.285800
1.052229
1.130004
1.275935
1.209803
0.957057
0.131272
0.790399
0.055774
0.766694
0.959490
1.051340
0.793931
0.638719
1.219966
0.883175
0.873183
0.774233
0.556446
0.268915
0.347324
0.951676
0.714999
1.107120
0.898503
0.695448
0.938313
0.930815
0.785060
0.566898
0.868539
1.074611
0.860418
1.054521
1.098820
0.907420
0.760936
0.096545
1.057215
0.914678
0.808305
1.054021
0.884690
1.003546
1.179286
0.934645
1.003729
1.045671
1.068616
0.940897
1.052506
1.075816
0.089954
0.957025
0.796427
0.759842
1.108597
1.029897
0.794866
0.718486
0.640072
1.079475
1.047048
0.885463
0.742289
0.696182
0.948129
0.993314
0.930368
0.904454
0.930792
0.804055
0.845269
0.787856
0.925806
1.005148
1.001451
0.988157
1.068738
1.017597
0.792775
0.750276
1.052953
1.126170
0.838328
0.844932
0.812451
1.006969
1.029951
0.827119
0.311952
0.977942
0.837922
0.782763
1.070320
0.893775
0.890278
0.909735
1.039492
0.925486
0.793105
1.207779
1.003335
0.919758
0.716710
0.993899
0.726594
0.778629
0.733126
0.461987
0.768372
0.888739
0.766242
0.939948
0.894678
0.077936
0.864915
0.096732
1.016524
0.841926
0.771730
0.907198
0.818317
1.189848
1.091966
0.881449
0.928504
0.745550
0.126921
0.956759
0.735271
0.949672
0.719720
1.116022
0.789830
1.061771
0.081250
1.222452
0.600927
0.148980
0.936375
1.085337
1.090419
1.041571
0.918039
0.838459
1.049509
0.865830
0.805269
1.196841
0.738507
0.711782
0.753960
0.786327
1.011710
0.711194
0.869664
1.038375
0.480551
1.033798
1.067699
1.081554
1.135731
0.929369
0.882445
0.471307
0.141793
0.839889
1.055423
0.961127
0.011119
0.759506
0.791061
1.239346
0.890699
0.700050
0.814668
1.195445
0.639962
1.114095
0.996017
0.977874
0.878084
0.861205
0.909586
0.940023
0.978194
1.001505
0.692677
1.168456
0.875544
0.730644
0.731833
0.602318
0.215053
1.038176
1.035773
0.989841
1.087014
0.932110
0.478003
0.605083
0.883560
0.009902
0.860875
0.719273
0.139667
1.128782
0.812436
0.760051
1.055205
0.856839
0.894071
0.977973
0.714917
0.763282
1.171964
0.790548
0.198627
0.888916
0.692093
1.076591
1.143028
1.066546
0.774193
0.901133
0.878605
0.756952
0.811137
1.087850
0.907232
0.913477
0.887251
0.006922
0.756069
0.714261
0.896643
0.833699
0.945644
0.971875
0.880372
1.106823
1.090795
0.776032
0.729946
1.022428
0.866237
0.796363
0.764642
0.714403
0.694264
1.084278
1.113321
0.966212
0.871677
0.809495
0.570343
0.779091
0.746721
1.036362
0.941195
1.098360
0.981158
0.743250
0.975767
0.800899
0.806655
0.890292
0.723941
0.752985
0.869527
1.103424
0.926957
0.885943
1.053925
1.136981
0.800195
1.168455
0.767544
0.808859
0.965035
0.117009
1.123195
1.112094
1.165158
0.888364
0.491129
0.784457
0.664244
1.001881
0.665905
1.117298
1.132205
0.646292
0.860292
0.668578
0.647470
1.111017
1.152527
0.824934
1.038432
0.867563
0.840583
1.020299
0.757629
0.194996
0.866310
0.838419
0.752988
0.790838
0.891222
0.730211
0.920740
0.716383
0.785653
0.679592
0.842360
0.916865
1.126842
0.752872
0.887357
0.987828
0.770936
0.676706
0.958020
0.987701
0.384927
0.871271
0.599564
0.952159
0.864602
0.917376
0.922707
0.700007
0.706479
0.840760
0.949000
1.081703
1.111991
0.788928
0.035999
0.408782
0.780372
0.747987
0.802991
0.701679
0.727106
0.852006
0.668726
0.652946
0.797040
0.935796
0.747404
1.008806
1.041105
1.093357
1.119673
0.903726
0.761315
0.874761
0.967231
0.463352
0.136171
0.878430
0.923755
0.040950
0.836769
1.121996
1.082099
1.052211
1.077465
0.050008
0.884326
0.778268
0.057417
0.032751
0.983660
0.883690
0.837956
0.966902
0.868835
0.790358
0.504403
0.662283
1.037172
0.680321
1.038323
1.064249
0.735400
1.041244
0.916636
0.799782
0.763989
0.383498
0.443345
0.959407
0.668350
0.615507
0.954262
0.832932
0.421814
0.962933
0.596751
0.992136
0.801065
1.058528
0.787241
0.711254
0.637508
0.891418
0.841060
1.091056
0.812772
0.805630
0.785550
0.951409
0.897814
0.642481
1.049320
0.760125
1.089538
0.779196
1.112221
0.826995
0.877333
0.910572
1.135443
0.568432
1.114331
0.804740
0.738874
0.798693
0.990284
0.856565
0.154120
0.704913
0.853682
0.712371
0.803871
0.693467
0.883415
0.835098
1.015424
0.918808
0.799781
0.464985
0.675827
0.894236
0.824032
0.767838
1.132834
0.097345
0.805581
0.904135
0.115496
0.915182
1.052389
0.845806
0.958471
0.778433
0.759895
0.676376
1.003665
0.717818
0.071348
0.813693
1.097793
0.665412
0.786067
1.098370
0.720469
0.904609
0.788347
0.772476
0.748012
1.026822
0.938192
1.083833
0.775944
0.810293
0.809094
1.125225
0.679877
0.884174
0.888773
0.773230
0.755282
1.007441
1.017078
0.539961
0.751328
0.091427
0.791988
0.861917
0.445884
0.812175
0.693365
0.774400
0.972074
0.795453
0.677991
0.988699
0.817759
0.742223
0.682129
0.830712
1.017368
0.895652
0.347757
0.035121
0.096120
1.089924
0.723663
1.080224
0.787133
0.813000
0.764821
0.967222
0.591406
0.711305
0.992406
0.843422
0.764132
0.904029
0.661066
1.121612
0.969367
0.670797
0.102785
0.917993
1.123141
0.907111
0.976478
0.865748
0.740244
0.757787
0.887419
1.096549
0.910747
0.709312
0.851901
0.817058
1.107826
0.945222
0.870496
0.442297
0.638105
1.136016
0.837470
0.100355
1.155639
0.838010
0.686174
0.870600
1.116840
0.723120
0.671928
0.805392
0.974960
0.688332
0.555553
0.877446
0.858327
0.938664
0.631966
0.691542
0.781491
0.892004
0.652418
0.654930
0.542307
0.919717
0.811074
0.582943
0.874094
0.857751
1.134110
0.706273
1.095160
0.511300
0.105080
0.937400
0.090828
0.918489
0.641062
0.043247
0.746110
0.892999
0.634772
0.774192
0.710048
0.560722
0.765707
0.054967
0.071844
1.011658
0.893370
0.719506
0.809091
0.970929
0.496503
0.870705
0.788715
0.877070
0.824059
1.143787
0.865723
0.787207
0.944502
0.931819
0.907669
0.793904
0.866407
0.836309
0.908978
0.874342
0.689832
0.727180
0.638641
0.665576
0.028535
0.817981
0.850319
0.675483
0.255183
0.743422
0.762274
0.775178
0.662149
0.998803
0.962064
1.160188
0.067584
1.038745
0.654804
0.754204
0.843357
0.793069
1.007106
0.770348
0.752684
1.143032
0.795585
0.646443
0.928359
0.875258
0.977166
0.863392
0.992917
0.688479
0.871642
0.752517
0.937748
0.061268
0.770673
0.496601
0.905485
0.868325
0.802788
0.764918
0.722148
0.939539
0.775886
1.016040
0.715257
1.118670
0.789433
0.884947
0.421214
0.744213
0.932317
1.069356
0.885028
0.809760
0.173005
0.905377
0.722702
0.852898
0.762900
0.747225
0.797453
0.883316
0.803870
0.463200
0.568626
0.822346
1.096599
0.908235
0.866566
0.720675
0.641070
0.775173
0.674371
0.825619
0.690265
0.712306
0.778143
0.815505
0.854357
0.789073
0.920597
0.850743
0.801915
0.701739
1.035144
0.704636
0.111736
0.994984
0.686283
1.161715
0.813945
0.914648
0.973946
0.725606
0.057001
0.056597
0.873655
0.850363
1.165213
0.904122
0.856935
0.673840
0.499984
0.698901
0.833965
0.485774
0.950130
0.872841
0.970822
0.821259
0.718010
0.432751
0.859480
0.845853
0.899437
0.786713
0.927471
0.789052
0.863754
0.927282
0.338233
0.975370
0.825646
0.838680
0.801070
0.801278
0.931829
0.831852
0.848333
0.675476
0.844048
0.774181
1.128442
0.832751
0.706050
0.709557
0.912785
0.891849
0.715132
1.047645
0.843148
0.899984
0.752325
1.036872
0.639147
1.149083
0.708121
0.017471
0.926297
0.046821
1.071862
0.693729
0.752761
1.015428
0.565147
0.921050
0.750188
0.787558
0.987649
0.888069
0.799764
0.768886
0.623250
0.606501
0.517655
0.509399
0.857930
0.638956
0.922037
0.962252
0.602633
0.820780
0.789489
1.116308
0.715398
0.056987
1.011123
0.633845
1.063533
0.695800
0.835497
0.857113
0.880406
0.880033
0.844618
0.923892
0.257982
0.739260
0.825547
0.774310
0.441190
0.799357
0.636325
0.756098
0.779459
0.977837
0.672453
0.630020
0.797766
0.753893
1.146094
0.734118
0.021590
0.956411
0.801553
1.077034
0.960870
0.766480
0.977992
0.830640
1.134253
0.407490
1.126234
0.953226
0.947216
1.142268
1.096718
0.854921
0.737298
0.869384
0.727136
0.805053
0.592904
1.006435
0.905435
0.654054
0.734257
0.040834
0.893908
1.133555
0.629432
0.726880
0.817032
0.111213
1.015517
0.877120
1.107674
0.484460
0.881918
0.638296
0.930578
1.018999
0.098941
0.852548
0.822061
1.033120
0.711491
0.968736
0.722260
1.151506
0.919314
0.786542
0.900371
0.070904
0.823315
0.741119
0.811527
0.651185
0.395357
0.656736
0.656026
0.849396
1.039310
0.048575
1.010818
1.018645
0.766144
0.821375
0.931948
0.764906
0.699301
0.704247
1.101756
0.996257
0.629869
0.018219
1.117656
0.697169
0.849482
0.897089
0.645472
0.887868
0.617804
0.439180
0.711825
0.133139
0.699040
0.737879
0.992642
0.689987
1.153745
0.642246
0.072966
0.618259
0.570071
0.637869
0.875641
0.920726
0.697144
0.993568
0.815345
0.783637
0.043829
0.197138
0.863104
1.047430
0.756935
0.748939
0.949273
0.941067
0.693284
0.611472
0.855268
0.549669
1.024548
0.877709
0.994383
0.870766
0.970824
0.015702
0.737155
0.844045
0.051786
0.902130
0.810083
0.755633
0.797983
0.748198
0.024313
1.139835
0.583033
0.640907
0.704490
0.830620
1.136793
0.746649
0.815731
0.781604
0.881538
1.146453
0.938503
0.007594
0.805818
0.486108
0.803842
0.665696
1.005152
1.149261
0.687789
0.734620
0.738356
0.932223
0.897409
0.008171
0.947907
0.916136
0.834986
0.816297
0.892647
1.180455
0.763364
0.060463
0.061566
0.975356
0.847803
0.061905
0.963191
0.931028
1.130167
0.723782
0.897833
0.848991
0.703947
0.074241
0.237758
1.073985
0.874070
1.138586
0.447008
0.808152
0.880351
0.953101
0.783646
1.135518
0.861911
0.931139
0.932339
0.762394
0.628632
0.727788
0.854505
0.842487
0.778414
0.736610
0.478156
0.100619
1.152504
1.034753
0.797845
1.037573
1.020809
0.734666
0.446844
0.912102
0.968658
0.900225
0.910974
0.806801
0.955634
0.803844
0.895826
0.704928
0.902122
0.863011
0.753744
0.671955
0.926397
0.777648
0.843987
0.132484
0.049220
0.638223
0.409800
0.695156
0.857295
0.713870
0.489621
0.772646
0.853012
0.762472
1.061142
1.021421
0.714583
0.492629
0.710583
0.769585
0.629541
0.973011
0.833492
0.655091
0.782889
0.696747
0.766152
0.627328
0.768745
0.441825
0.729206
0.655849
0.748274
1.018756
0.805953
1.028778
1.027985
1.007708
0.666244
0.928391
0.716626
0.624665
0.823441
1.097784
0.625217
0.663406
1.130198
0.904337
0.823985
0.052867
1.121835
0.592297
0.376916
0.861244
1.065968
0.709704
0.864911
0.782973
0.107590
0.976940
0.771119
0.896728
0.916390
0.576907
0.026397
0.676271
0.456572
1.064664
0.061996
0.807721
0.961678
0.827027
0.916996
0.736450
0.953534
0.729120
0.741943
0.842120
0.066802
0.198592
0.804245
0.694586
0.840657
0.972264
0.810743
0.912946
0.762573
0.744995
0.633779
0.384760
0.753341
0.963076
0.225133
0.742321
0.821242
0.667396
0.736469
0.770413
0.713372
0.841839
1.146545
0.762089
0.514970
0.737938
0.716204
1.093503
0.682305
1.036639
0.827411
0.477716
0.638664
0.630470
1.157312
0.731921
0.799716
0.724257
0.820127
0.829816
0.769201
0.055623
0.083897
0.090891
0.790386
0.858502
0.872220
0.418812
0.866530
0.640485
0.899242
0.834674
0.702042
0.811407
1.017155
0.742858
0.887814
1.027192
0.648597
0.405045
0.964224
0.913752
0.838876
1.011645
1.024423
0.538184
0.869242
0.715199
0.717155
0.942016
0.893988
0.696232
1.062963
0.788882
0.792455
0.764944
0.270982
0.786503
0.058830
0.446248
0.670881
0.920975
0.052760
0.702012
0.680806
0.793730
0.909363
0.720246
0.730366
0.931358
1.066002
0.871471
0.775379
0.633949
0.815139
0.933853
0.674302
0.926162
1.113023
0.878672
0.955844
0.849702
0.814237
0.652251
0.933518
0.822971
0.865050
0.795297
0.718867
0.888204
1.137029
1.040719
0.657602
0.944998
0.785729
0.859946
0.705543
0.876158
0.508770
0.637078
0.760318
0.176782
0.883066
0.761694
0.755878
0.665457
0.851592
0.550987
0.835395
0.943560
0.690085
0.583360
0.854319
0.751495
0.941387
0.940842
0.923830
0.964504
0.778927
0.869007
0.476911
0.718146
0.656574
0.021381
0.943929
0.739517
0.911573
0.771492
0.916495
0.737371
0.375700
1.018805
0.577040
0.851272
1.005625
0.963349
0.984999
0.089682
0.107262
0.995399
0.791518
0.672975
1.043892
0.169879
0.726534
0.756755
0.805191
0.764294
0.692357
0.179829
0.405271
1.154545
0.703609
0.834837
0.749200
0.690284
0.789636
0.598143
0.784223
0.065783
0.100067
0.850712
0.723645
0.730799
0.882936
0.852381
0.950586
0.760371
0.993438
0.864273
0.694880
0.691318
0.638303
0.751656
0.973331
0.535412
1.034798
0.737759
0.904386
0.798678
0.834396
0.769769
0.613980
0.583820
0.762345
0.848828
0.795279
0.873556
0.471915
1.021835
0.032015
0.859391
1.004870
0.952818
0.837685
0.984648
0.722339
0.627704
0.918746
0.897072
0.854010
0.521641
0.904505
0.827140
0.801476
0.674627
0.669296
0.774879
0.735285
0.679918
0.828024
0.647726
0.860142
0.997730
0.655612
0.730155
0.788422
0.799971
0.347468
0.886505
0.887034
0.953620
0.751644
0.725010
0.847482
0.814928
0.840782
1.134806
0.781554
0.662982
0.753471
0.893865
0.663887
0.555437
0.980082
0.611967
1.028964
0.900727
0.860280
0.804968
0.714506
0.787913
0.814246
0.684443
0.728985
0.749462
0.874821
0.680323
0.914108
0.786930
0.906066
0.978835
0.137642
0.917852
0.900620
0.597599
0.931373
0.779978
0.050519
0.902146
0.923173
1.054155
0.725876
0.735664
0.680172
0.763166
0.644005
0.797818
0.648951
0.829123
0.810128
1.049319
0.690299
0.089048
0.795402
0.932668
0.934318
0.712152
0.778645
0.827286
0.739979
0.071431
0.687948
0.772566
0.768700
0.674476
0.739592
0.698663
0.830896
0.969068
0.934157
0.758216
0.761952
0.656431
1.101180
0.911473
0.906427
0.693932
0.697563
0.532371
0.878085
0.954950
0.987464
0.802069
0.813068
0.770475
0.464284
0.721590
0.843262
0.851396
1.121987
1.107825
0.771325
0.767101
0.673448
1.123834
0.736577
0.911034
0.742142
1.120137
0.627331
0.675507
0.193719
0.749960
0.932109
0.583953
0.689765
0.798669
0.850698
1.029964
0.600204
0.878091
0.654712
1.109632
0.945706
0.874338
0.713282
0.573625
0.886644
0.721123
0.869176
0.778332
0.743201
0.012848
0.912394
1.157971
0.914659
0.673624
0.808684
0.896621
0.862664
0.143053
0.882451
0.675127
0.613452
0.819666
0.920988
0.805341
0.414604
0.783372
0.250264
0.035050
0.845974
0.077429
0.786773
0.915763
1.131252
0.847755
0.907823
0.031364
1.130991
0.848133
0.829914
0.850038
0.799973
0.847023
1.141183
0.702860
0.874991
0.879827
1.158574
0.830297
0.734754
1.001401
0.878194
1.151614
0.763347
0.008017
0.785044
0.225322
0.986214
0.789845
0.748299
1.071054
0.776864
0.762953
0.777306
0.695778
0.699751
0.761191
0.910830
0.532088
1.002855
0.910077
0.775814
0.880931
0.725098
0.710082
0.690932
0.964434
0.899513
0.643003
0.803783
0.637433
1.040791
0.771243
0.079345
0.846352
0.855711
0.764068
0.570536
1.107708
0.927633
0.817892
0.699237
0.086796
1.052513
0.902650
0.812959
0.902108
1.039256
0.670577
0.968529
0.827418
0.611827
0.936307
0.900546
0.061107
1.141621
0.698584
0.810080
0.832695
0.618826
0.660949
0.868508
0.738946
0.066200
0.093935
0.853053
0.693370
0.667323
1.019923
0.520821
0.887625
0.774185
0.864091
0.810948
0.120362
0.696030
0.876160
1.083007
0.621503
0.567774
0.817715
0.729844
0.907614
1.121836
0.054854
0.980832
0.966163
0.611602
0.710476
0.716004
0.747195
0.810954
0.869721
0.757575
0.608987
0.101591
0.912683
0.399626
0.834497
0.704898
0.840568
0.397698
0.894975
0.952555
0.077723
0.674552
0.871537
0.103710
0.824616
0.645131
0.917439
1.025547
0.764880
1.064202
0.539906
0.751131
0.983110
1.094868
0.813336
0.729277
0.776371
1.117390
0.988834
1.080240
0.925637
0.381941
0.739590
0.792718
0.890098
0.791100
0.760974
0.684521
0.801245
1.104526
0.844626
0.945749
0.661571
0.805710
0.045945
0.947847
0.661226
0.974855
0.365758
0.847711
0.847146
0.837928
0.051573
0.779970
0.150742
0.864510
0.994171
0.864107
1.129116
0.800517
0.978339
0.835769
0.177838
0.720895
0.843316
1.122421
1.113841
1.010852
0.971886
0.751026
0.836499
0.759235
0.773904
0.605281
0.784194
0.800468
0.857913
0.813463
1.012065
0.765368
1.113898
0.114323
0.726560
0.773099
0.878046
0.993726
0.910093
0.962840
0.764912
0.334083
0.952724
1.148518
0.607968
0.660475
0.851436
1.039589
0.962950
0.658903
0.930327
1.086043
0.826569
1.066460
0.163582
0.782817
0.784452
0.845724
1.019795
0.865345
0.689125
1.161095
0.884587
0.818301
0.021029
0.642768
0.874996
0.551337
0.847928
1.111887
0.896156
0.903448
1.064828
0.847210
0.890604
1.007394
0.665608
0.672753
1.013129
0.957276
1.146816
0.797086
1.020923
0.978671
0.780741
0.831545
0.944123
0.794988
0.823798
0.837445
1.106334
0.161377
0.744102
0.934062
0.728921
1.001761
0.075379
0.829597
0.732517
0.821553
0.788931
0.955982
1.018583
0.968219
0.739171
0.814773
1.140739
0.771353
0.908209
0.737070
1.155910
0.773657
0.699964
0.957095
0.752513
0.752443
1.130342
0.731606
0.702312
0.851771
0.678007
0.860020
0.845016
1.105765
1.071738
0.730463
0.734765
0.850481
0.746187
0.715309
0.853513
0.657071
0.760581
0.870483
0.758683
0.864589
0.494389
0.824648
0.689917
0.737990
1.134998
0.763482
0.813340
0.913834
1.040048
0.210188
0.972252
0.614206
0.823612
0.893833
0.991370
0.794669
0.769076
0.649655
1.082115
0.865994
0.684238
0.406408
0.981764
0.961430
0.717074
0.677340
0.200989
0.756256
0.103982
0.768282
0.778693
0.714052
0.677366
1.085108
0.888403
0.104843
1.133330
0.819602
0.798892
0.565107
0.714622
0.958096
0.779079
0.677574
0.595527
0.999361
0.797229
0.840195
0.895217
1.007721
0.926311
0.614117
0.853384
1.012395
1.135726
0.808529
0.900675
0.785844
1.122229
1.073963
0.980236
0.030777
0.810121
0.377301
0.755313
0.796454
0.732939
0.726117
0.695758
0.818963
0.809822
0.050233
0.882604
0.716898
0.799245
1.074634
0.696034
0.763152
1.109902
0.733645
0.734297
0.765100
0.893754
0.671819
0.749005
0.885129
0.029458
0.745464
0.041763
0.070574
0.877375
0.943267
0.886438
0.913922
0.550001
1.018161
1.154980
0.830747
0.655305
0.876025
0.721332
0.755330
1.149609
0.632537
0.736111
0.418943
0.554583
1.041019
0.862590
0.974688
0.511540
0.737630
0.806361
0.854393
0.886125
0.708975
1.124291
0.989091
0.851289
0.952776
1.095700
0.560359
0.985573
0.632917
0.721701
0.738809
0.801077
0.874622
0.856436
0.658165
0.708043
0.952886
0.770799
0.961457
0.874723
0.771625
0.743271
0.844195
1.123591
0.776661
0.802552
0.844364
0.810352
0.827863
0.944215
1.133030
0.681811
0.680293
0.805256
0.841977
0.935340
0.551266
0.804943
0.785164
0.692960
0.689955
0.879361
0.715861
0.685180
0.747186
0.209030
1.099192
0.664513
1.072282
0.764765
0.990021
0.829632
0.805497
0.837438
0.913164
0.939852
0.709272
0.868273
0.938268
0.636776
0.079654
0.804439
0.752224
0.932759
0.942664
0.814137
0.700660
0.688330
0.927168
0.963595
0.938071
0.825618
1.118914
0.862809
0.818616
1.020674
0.754821
0.136586
0.045016
0.972907
0.850114
0.814383
0.096250
0.828252
0.723123
1.110419
0.775393
0.933036
0.932277
0.735522
0.718129
0.816982
0.065919
0.043324
0.681135
0.878708
0.871064
0.630771
0.140807
0.972588
0.848585
0.703692
0.817353
0.819956
0.693674
0.791496
0.866402
0.816758
0.768099
0.667933
0.555445
0.848853
0.832127
0.853945
0.745772
1.083711
0.670705
0.646574
0.070701
0.736378
0.892101
0.739864
0.990975
1.045201
0.826709
0.915617
0.963208
0.917129
1.119753
0.782459
0.796386
0.780573
0.776898
0.146083
0.829202
0.811041
0.754650
0.694054
0.803825
1.090427
0.814503
0.632962
0.933356
0.736184
0.785425
0.862387
1.059282
1.027244
0.803190
0.176364
0.877443
0.544904
0.548286
0.874893
0.082137
0.876766
0.729736
0.837020
0.993948
0.930456
0.802769
0.775754
0.817987
0.852152
1.160126
0.804916
1.113507
0.817719
0.608679
0.705893
0.764990
0.936022
0.662881
0.698862
1.076727
0.899742
1.021467
0.870708
0.755115
1.132661
0.024121
0.745641
0.651746
0.013063
1.077600
0.799633
0.628933
0.873797
0.802890
0.819455
0.731022
0.989600
0.760406
1.011038
0.814403
0.881967
0.686189
0.695247
0.961178
0.559706
0.752772
0.171923
0.780294
0.605632
0.230856
0.984398
0.773702
0.580804
0.744599
0.918344
0.846963
0.904173
0.955838
1.061893
0.820440
0.738343
1.003932
1.054761
0.858665
0.405829
0.806444
0.800624
0.964133
0.195483
1.150693
0.783989
0.995633
0.762404
0.748268
0.720116
0.929565
0.714396
0.434467
1.040803
0.963820
0.912926
0.920327
0.767475
0.808106
0.854993
0.702002
0.624042
1.156902
0.783747
0.740386
0.973781
1.028071
0.741937
0.781031
0.712698
0.781402
0.766071
0.077126
0.978663
0.820601
1.142492
0.978527
1.025013
0.638894
0.646395
0.735043
0.948232
0.831326
1.006140
0.950888
0.712586
0.966630
0.035719
0.086105
0.750944
0.041361
1.115181
0.824328
0.751243
0.176380
0.718340
0.063260
1.117558
0.945979
0.602469
0.889844
0.945117
0.748410
1.163478
1.019043
0.610481
0.730531
0.880253
0.921876
0.159291
0.690428
0.825650
0.801219
1.037834
0.523650
0.171553
0.790367
0.557908
0.942503
0.741457
0.960752
0.660883
0.706623
0.668607
0.799449
0.655903
0.901386
0.830518
0.897702
1.108996
1.131236
0.786274
0.620157
0.855161
0.886571
0.768105
0.949288
0.785200
0.660533
0.987813
0.597721
0.767222
0.849097
0.747080
0.213065
0.723919
0.462279
0.687584
0.041595
0.768841
1.006289
0.294665
0.802108
0.513151
0.579811
0.647744
0.811598
1.057473
0.857669
0.926296
0.677822
1.000578
1.006474
0.793440
0.933188
0.866904
0.610130
0.700863
0.670058
0.885368
0.720380
1.153639
0.365475
0.850711
0.746851
0.603651
0.747577
0.678408
1.120143
0.711828
0.037760
0.985599
1.078870
1.088558
1.092774
0.871074
0.780989
0.820840
0.852918
0.634388
0.583798
1.115055
0.799521
0.733831
0.800942
0.754396
0.775092
0.969086
0.837143
0.761472
0.935496
0.699454
0.751347
0.787287
0.816266
0.032469
0.843998
0.872058
1.055475
0.735960
0.931575
0.534050
0.838846
0.673875
1.003974
0.424935
0.786991
0.803361
0.945859
1.157490
0.706437
0.862446
0.738072
0.720117
0.688622
0.703238
0.967048
0.151794
0.766928
0.898089
1.025208
0.092116
0.743872
0.956375
0.087769
0.973686
1.024767
1.106658
0.799547
1.050801
1.092300
0.692357
0.700760
0.608536
0.887668
0.452496
1.007798
0.576959
0.831929
0.915687
1.115080
1.071183
0.724878
0.974219
0.052696
0.610258
0.137954
0.714766
0.877800
0.026596
0.622944
0.744129
0.914091
1.044701
0.755030
0.780421
1.066277
0.765156
0.069812
0.998865
0.452190
0.599675
0.408942
0.727428
1.134032
0.122686
0.800398
0.718775
0.917364
0.554618
0.892981
0.891126
1.155240
0.712171
0.698620
0.355261
1.144893
0.844531
0.597258
0.750606
0.651535
0.653445
0.892035
0.647622
0.713848
0.096911
1.106933
0.977113
0.968518
0.736794
0.793187
0.917948
0.646383
0.824204
1.113199
1.011727
0.887155
0.905057
0.943407
0.998783
0.819893
0.755707
0.132513
1.097473
0.870346
0.071409
0.848174
0.846463
0.800106
1.003817
0.692702
0.997897
0.572491
0.861068
0.907263
0.687754
1.025310
0.767045
0.524640
1.127239
0.803518
0.689981
0.012566
0.537883
0.897141
0.639622
1.128121
0.175917
0.872611
0.811353
0.569533
0.756787
0.791185
0.768694
0.671491
0.922551
0.062131
0.530889
1.029062
0.650937
0.934181
0.803354
0.761514
0.488531
1.115839
0.689896
0.867983
0.983762
0.925511
0.574148
0.024321
0.803962
0.879894
0.909317
0.898501
0.455576
0.980413
0.778848
0.939725
0.112458
1.044233
0.768705
1.102049
1.055695
0.852235
0.948675
0.748512
0.097725
0.671005
0.879853
0.725353
0.769576
0.816054
0.776479
0.995484
1.100775
0.627307
0.845665
1.030802
0.614432
0.897006
0.792087
0.857895
0.698375
0.808763
0.722107
0.932503
0.879156
1.124847
0.773343
0.768632
0.872675
0.819878
0.983692
0.766678
0.670150
1.109714
0.912781
0.894320
0.676566
0.894213
0.668577
0.710646
0.802143
0.930737
0.717856
0.758554
0.653118
0.953626
0.774233
1.105872
0.234724
0.022607
0.627963
0.847280
0.725979
0.805014
0.806951
0.761541
0.736889
1.089476
0.481463
0.729305
0.665147
0.920309
0.772714
0.733902
0.092256
0.887037
0.815961
0.719098
0.832048
1.136470
0.864301
0.835268
0.677004
0.754208
1.050890
1.165578
0.757896
0.681286
0.769238
0.819635
0.809861
0.117565
0.733138
0.654909
1.071218
0.893912
0.965070
0.913136
1.043539
0.838914
0.837950
0.027890
0.990030
0.753437
0.561540
0.777567
0.832206
0.790422
1.108088
0.760147
0.457096
0.872542
1.018819
0.873294
0.805378
0.648930
0.117556
0.814871
0.770419
0.697407
0.770951
1.178329
0.958763
0.689161
0.673258
1.056538
0.613235
0.785680
0.642077
0.863664
0.860219
0.667621
0.760766
1.130001
1.053220
0.817637
0.372578
1.002065
0.991869
0.884333
0.718290
0.911616
0.793330
0.511647
0.653976
0.720726
0.665891
0.821096
0.782277
0.775761
0.738929
0.813172
1.128854
0.829026
0.761059
0.742209
0.809789
0.864914
0.777765
0.968146
0.885853
1.122768
1.134558
0.192654
0.069086
0.777951
0.332984
0.791022
0.890047
0.766226
0.745720
0.633289
0.848897
0.949757
0.016203
0.444564
0.767238
0.874405
0.967739
0.873410
0.683911
0.925609
0.038957
0.956761
0.696670
0.970901
1.152767
0.806788
0.197227
0.876911
0.725360
0.811812
1.144868
1.029742
0.694953
0.917466
0.726459
1.046488
0.710924
0.900117
0.942094
0.738812
0.056740
0.545968
0.743114
0.976078
0.869031
1.112395
0.776046
0.934455
1.087665
0.801849
1.172461
0.981571
0.705561
1.098559
0.800381
0.551865
0.726005
0.850965
0.814503
0.859363
0.953716
0.813889
0.088953
0.722828
0.877641
0.783078
0.870132
0.773335
1.060256
0.982076
0.480472
0.789518
0.690523
0.891949
0.672129
0.831270
0.855588
0.555359
0.106185
0.045092
0.416725
0.796216
0.712193
0.751703
0.815727
0.775116
0.685899
0.786709
0.822226
0.984966
0.962915
0.853297
0.932014
0.761679
0.932620
0.071957
0.588648
0.151631
0.904062
0.748393
0.903607
0.667644
1.150568
0.753957
0.810678
0.797116
0.877845
0.902620
0.854345
0.903118
0.766838
1.129525
0.765486
0.581500
0.837556
0.733990
0.018898
0.642018
0.744335
0.923469
0.437188
0.872905
0.665916
0.733956
0.962396
0.798352
0.659974
0.915248
0.821453
0.838969
1.107449
0.680152
1.058660
1.062204
0.916368
1.148716
0.687739
0.776783
0.888082
0.998297
0.879908
0.193485
0.679401
0.352125
0.650866
0.185109
0.860481
0.613671
0.985264
0.720103
1.028247
1.156398
0.917445
0.734612
0.899326
0.787214
1.021093
0.697528
1.102389
0.642132
0.950745
0.622332
0.636014
0.960091
0.798500
0.125334
0.868381
0.830681
0.904496
1.089824
0.709969
0.757718
0.678537
1.041556
0.711980
1.070205
0.928029
0.775752
1.097588
0.747531
0.932751
0.851584
0.888513
0.788551
0.571910
0.748802
0.669260
0.896676
0.742826
0.962568
0.660072
0.225310
1.005408
0.815920
0.203662
0.881937
0.496852
0.864080
0.839581
1.138317
0.019423
0.412356
0.699902
0.913665
0.566289
0.650915
0.765190
0.826163
0.613818
0.670541
0.838107
1.124455
0.819326
1.005467
0.869221
0.639945
0.705995
0.709200
1.065086
0.715117
0.558700
0.797915
0.937948
0.967929
0.030087
0.910448
1.060862
0.781101
0.790632
0.106640
0.795752
1.009498
0.850177
0.991405
0.712022
0.846797
0.753067
1.050578
1.111705
0.788270
0.648376
0.755767
0.652318
0.768616
0.792354
0.705222
0.959337
0.966696
0.697147
0.912231
0.944229
0.648605
0.913277
1.041928
0.981228
0.808094
0.695849
0.711441
1.041370
1.104178
0.155789
0.574791
1.138573
0.918788
0.919760
0.772215
0.517088
0.724644
0.793741
0.639910
0.885010
0.687167
0.701510
0.689104
0.657313
0.542733
0.878535
0.736602
0.818632
0.759728
0.804197
0.754783
0.505165
0.760209
0.906057
0.756449
0.659969
0.703853
0.988657
0.776247
0.866836
0.271458
0.735708
0.644222
0.750761
1.126719
0.023057
0.643943
0.927696
0.804655
0.853981
0.893059
1.012942
1.024526
0.672125
0.845052
1.069709
0.042664
0.685492
0.924370
0.030813
0.876278
0.794950
0.673381
0.128847
1.145597
0.622002
0.859276
0.899819
0.616680
0.858652
0.082162
1.062061
0.725222
0.853491
0.790167
0.013186
0.631213
0.721574
0.875807
0.759519
0.740670
0.963219
0.756721
0.670225
0.873861
0.942680
0.876772
0.195029
0.794006
0.933936
0.760516
0.729927
0.920379
1.139902
0.535011
1.041782
0.960085
0.742517
0.796967
0.697459
0.994778
0.855003
0.818975
0.751738
1.154071
0.874854
0.747142
0.751021
0.860400
0.776480
0.860939
0.777203
0.857184
1.139110
0.775899
0.717368
0.903802
0.680926
0.040950
1.129005
0.822628
0.860431
0.683477
0.995340
0.867888
0.816849
1.133654
0.794681
0.541564
0.908396
0.391023
1.107556
0.663679
0.696623
0.828625
0.976509
0.810813
0.619342
1.127997
0.207830
0.908464
0.809017
0.611659
1.062499
0.826047
1.001824
0.696260
0.040877
0.739627
0.800996
0.800740
0.887800
0.958309
0.689868
1.106392
1.068003
0.878179
0.748072
1.041609
1.049952
1.012492
0.539683
0.892691
0.061752
0.757395
0.820862
0.722245
0.746709
0.723859
0.892814
0.785970
1.015558
0.685170
0.691151
0.132062
1.131650
0.650183
0.744598
0.796287
0.781965
1.103222
1.146456
0.625126
0.738660
1.121130
0.753935
1.127963
0.018916
0.901004
0.873555
0.611427
0.871076
0.824984
0.200845
0.994841
0.896842
0.694061
0.914338
0.582573
0.013881
0.533200
0.846949
1.065066
0.723735
0.078231
0.905386
0.602085
0.882633
0.811391
0.760166
0.659423
0.871401
0.811764
0.048995
0.853115
1.000306
0.619139
0.919870
0.862251
0.829371
0.614042
0.637530
0.895334
0.963606
0.802031
0.010795
1.032604
0.740829
0.776711
0.561864
0.995145
0.790430
0.131822
0.832750
0.922156
0.916972
0.788723
0.798470
0.880954
0.861983
0.820846
0.158307
0.822386
0.794304
0.878970
0.077794
0.791222
0.833162
0.560925
0.648923
0.709640
0.943368
0.785744
0.173555
0.860692
0.676304
0.730511
0.978729
1.070080
0.723888
0.589065
1.121791
0.792715
0.813328
0.134858
0.785910
0.835120
0.909923
0.792878
0.721630
0.756365
0.657290
0.915504
0.752034
0.702784
1.025315
0.062432
0.635419
0.923845
0.761950
0.572499
0.647789
0.864643
0.954570
0.722666
0.883432
1.121579
0.648007
0.109167
0.742892
0.631544
0.656843
0.857285
1.108435
0.879324
0.804479
0.813030
0.925759
0.786849
0.749671
0.956409
0.704264
0.998005
0.764924
0.906108
1.088821
0.080974
0.934325
1.061895
1.084992
1.071835
0.932427
0.826946
0.852509
0.567639
0.023661
1.136774
0.900678
0.634543
0.725560
0.715669
0.659630
0.767378
0.034417
0.437770
1.092309
0.682247
0.869332
1.133453
1.125621
0.780481
0.727060
0.809692
0.676368
0.678854
0.158235
0.926083
0.774906
0.654363
0.684408
0.726009
0.973903
0.989449
0.877754
0.885561
1.035130
0.739944
0.834606
0.478683
0.701521
0.929043
0.740678
0.945023
0.798124
0.693665
0.614194
1.141712
0.431841
1.047234
0.065543
0.664388
0.562162
0.658750
0.963996
0.527331
1.107119
0.162880
0.845867
0.863131
0.914988
1.135554
0.804463
1.065142
0.794427
0.630792
0.788347
0.698703
0.656581
0.884319
1.113250
0.383798
0.609242
0.688495
0.903316
0.734762
0.711240
1.116197
0.682841
0.995751
0.680019
0.632384
0.764502
0.701837
0.794098
0.820785
0.748092
1.096412
0.689874
1.075748
0.739411
0.723364
0.745234
0.841372
0.735529
0.770899
1.151395
0.650163
0.697313
0.943110
0.996732
0.735718
0.778990
0.703268
1.147290
0.899893
0.029967
0.902105
0.867144
0.934031
0.687056
0.881778
0.972554
0.697945
0.731546
0.814898
0.706274
0.747962
0.858469
0.783168
0.245351
0.550191
0.860810
0.085066
0.796187
0.985004
0.469048
0.676110
0.697225
0.835600
0.850936
0.868884
0.888438
0.717146
0.665850
0.027228
0.767749
0.853864
0.849377
0.567702
1.132395
0.210391
0.694074
1.110551
0.447663
0.620437
0.772634
0.107940
0.757654
0.668202
0.721013
0.089307
0.830965
0.858851
0.817373
0.581717
0.837830
0.754823
0.738676
0.790440
0.642075
0.839734
0.906956
0.700463
1.039832
0.868736
0.911878
0.971850
0.837254
0.745631
0.983616
0.845884
1.085755
0.965790
0.611501
0.594589
0.749517
0.900122
0.441338
0.854009
0.914189
0.908898
0.677695
0.814377
1.100139
0.963183
0.993883
0.988509
0.190663
0.924438
1.139445
0.691588
0.963967
0.808012
0.650919
1.132535
0.867165
0.502171
0.965621
0.702513
0.855686
0.144299
0.737194
0.792437
0.838398
0.853994
1.017808
0.939626
0.720369
0.725438
0.699448
0.876060
0.683374
0.709633
0.787351
0.729032
0.970730
0.744300
0.896453
1.138495
1.007817
0.733090
0.665766
1.014497
0.736752
0.626859
1.036017
0.827553
0.516985
0.678048
0.786351
0.719440
0.655991
0.087050
0.721058
0.776574
0.636628
0.824658
0.868268
0.733511
0.954674
0.685512
0.858382
0.721601
0.746587
1.109236
0.738504
1.095699
0.649430
0.746049
0.767563
0.876841
0.919146
1.101929
1.030256
0.818657
0.660985
0.885585
0.731396
0.797962
0.750018
0.670196
0.885499
0.688933
0.727165
0.791063
0.817676
1.148461
0.668768
0.636445
0.928115
0.800924
0.913113
1.126038
0.146852
0.814885
0.710371
1.012489
0.974427
0.637746
0.783184
0.860411
0.909791
0.835949
0.711224
0.735197
0.778803
0.837423
0.548434
0.804934
0.896008
1.075450
0.720342
0.768118
0.958526
0.034284
0.741678
0.789319
0.585084
0.774599
0.998814
0.886064
0.946415
0.068396
0.727210
0.966890
0.089832
0.995178
0.951071
0.863598
0.941286
0.649724
0.718752
0.484003
0.712885
0.939821
0.687303
0.725853
0.745818
0.751518
0.246909
0.891240
0.845651
0.747659
0.848361
0.503472
0.803168
0.022620
0.674095
0.254116
0.811850
0.934095
0.730371
0.929275
0.933612
0.708997
1.149717
0.551518
1.078205
0.899603
0.801503
1.128325
0.927991
1.127955
0.983735
1.129257
0.659372
0.764779
1.110340
1.028477
0.982298
0.847299
1.000438
0.609655
0.120092
0.660734
0.493392
0.911015
0.805715
0.643993
0.832791
0.691154
0.902527
0.996060
0.748056
0.923460
1.142207
0.705725
1.009622
0.620327
0.931561
0.929356
0.534649
0.776624
0.650938
1.059243
0.684926
0.685487
1.100228
0.894719
0.991259
0.107864
0.718843
0.744008
0.692929
0.641624
0.814159
0.762403
0.671612
0.835003
0.739945
0.897004
0.829345
0.675758
0.122075
0.653746
0.100319
0.802217
0.818878
0.768148
0.025696
0.915362
0.038851
0.478659
0.723303
0.763736
0.703100
0.759871
0.791726
1.085351
0.536835
0.664733
0.830310
0.631323
0.775058
0.724308
0.373876
0.825691
0.724232
0.842414
0.758081
0.794062
0.872804
1.051424
0.781079
0.581133
0.731572
0.958952
0.874004
0.680866
0.780100
0.720903
0.103165
0.682848
0.731057
0.338975
0.894631
0.839689
0.863280
0.909407
0.090285
0.745553
0.831546
0.818973
0.576792
0.015997
0.703380
0.688243
0.817843
0.821814
0.827222
0.709296
0.815936
0.032247
0.707010
0.863662
0.937080
0.816861
1.041337
0.729735
0.726732
0.814011
0.707681
1.074645
0.830476
0.596604
0.697899
0.730383
0.599030
0.802462
0.950860
0.747300
0.172427
1.014129
0.994832
0.811009
1.141137
0.838924
0.811449
0.770154
0.939757
0.900020
0.671528
1.108343
1.039716
0.794355
0.862934
0.799535
0.230788
0.028158
0.642217
0.838334
1.058508
1.098245
0.789207
0.668316
0.717158
0.889568
0.607765
0.820823
0.574605
1.142247
0.878766
0.759493
0.752368
1.007528
0.946560
0.087601
0.694807
0.665143
0.802914
0.675598
0.722891
0.097711
0.066524
0.052297
0.924031
0.595661
0.777998
0.128481
0.835039
0.702893
0.647805
0.601966
0.942761
0.826476
0.836244
0.744809
0.877843
0.776992
0.908031
0.101769
0.885002
0.847364
0.697374
0.865315
0.964947
0.847823
0.909999
0.982024
0.178120
1.013326
0.886477
0.705962
0.790336
0.435611
1.095712
0.795886
1.002992
0.837114
0.921253
0.714708
0.767818
0.310005
1.018023
0.986664
0.241229
1.113282
0.432175
0.849489
0.357238
0.829586
0.797995
0.882791
1.052888
0.793143
0.636313
0.933003
1.108562
0.923705
0.741540
0.541836
1.139601
0.731275
1.145971
0.685047
1.140956
0.135389
0.762490
0.932239
0.735183
0.874631
0.649696
0.811495
0.935373
0.755909
0.513532
0.810085
0.731642
0.504600
1.098992
1.147877
0.847081
0.854078
0.890337
0.822725
0.696831
0.126721
0.801334
0.772597
0.762682
0.947765
0.711817
0.600606
0.997553
0.538954
0.468790
0.854345
0.871533
0.049658
0.734362
0.828020
0.674465
0.847989
0.770664
0.718131
1.129723
0.754900
0.701855
0.630572
0.876260
0.711842
1.039077
0.988366
0.928609
0.773080
0.874408
0.757727
0.916326
0.964992
0.503220
0.902000
0.087977
0.949119
0.936414
1.161119
0.955639
0.888134
0.769743
0.052457
0.817047
0.189459
0.737061
0.832668
0.704595
0.734638
0.791091
0.845222
0.759965
0.106895
0.890761
0.989995
0.387344
0.701763
0.871960
1.012141
0.848614
0.681427
0.734365
0.624981
0.943207
0.713309
0.785575
0.773653
0.895824
0.661381
0.845126
0.987302
0.714200
0.152148
0.730669
0.790133
0.820872
0.720836
0.837863
0.854664
0.738963
1.110409
0.776471
1.120234
0.605515
0.686493
0.033627
0.803167
0.911383
1.086916
0.844544
0.864352
0.636742
0.667857
0.113402
0.908098
0.807913
0.595563
0.817617
1.138677
0.900353
0.904779
0.737188
0.978839
0.679075
0.843073
0.116268
0.890365
0.028733
0.708287
0.710974
0.871999
0.019351
0.291075
0.908261
0.885979
0.023064
0.898251
0.604879
0.955995
0.934686
0.940951
0.755966
0.581105
0.741167
0.779080
0.616537
0.789567
1.088194
0.487993
0.703977
0.897011
0.859025
0.904511
0.679193
0.917438
1.123315
0.569467
0.864873
0.787817
0.727369
0.662521
0.758282
0.754331
0.795781
0.735322
0.846960
0.805011
1.029018
0.725968
0.742811
0.936950
0.701677
0.705497
0.716770
0.818770
0.848031
0.800272
0.937716
0.974992
1.119961
0.198326
0.888274
1.093326
0.689248
0.740155
0.721849
0.922131
0.838337
0.753380
0.843552
0.963732
0.827917
0.646023
0.858948
1.046510
0.743337
0.918943
1.066303
0.098191
0.581961
1.137063
0.688371
0.084867
0.942429
0.065468
0.567248
0.947033
0.662872
0.765117
0.667305
0.917189
0.745546
0.802599
0.032318
1.018883
0.809640
0.672993
0.674438
0.650215
1.136814
0.927682
0.434010
0.882885
0.925704
0.726086
0.716128
0.879529
0.792411
0.503082
0.726384
1.128592
0.707090
0.867213
0.887866
0.875183
0.151414
0.657351
0.764700
0.841289
0.958038
0.838261
0.707307
0.835301
1.019886
0.789308
1.084170
1.058429
0.709595
1.117995
0.904833
0.922576
0.767390
0.882268
0.667578
1.083881
0.730122
0.503956
0.759576
1.042713
0.896886
0.077518
0.876508
0.702337
0.732387
0.638046
0.751143
0.710691
0.811590
0.873529
0.677342
0.565086
0.889278
1.140702
1.044632
0.444611
0.079310
0.832240
0.798480
1.093617
0.949559
0.706640
0.755435
0.698862
0.819644
0.733154
0.647099
0.845444
0.765520
0.571847
0.968835
1.024300
0.902622
0.665933
0.407936
0.893503
0.474353
0.914662
0.819227
0.959434
0.033479
0.718626
0.763624
0.843496
0.094126
0.890319
0.832795
0.556250
0.980585
1.061248
0.792463
0.754380
0.808138
0.840748
0.886693
0.751263
0.582832
0.887943
0.762722
0.954712
0.893941
0.808112
0.982680
0.723272
0.130559
0.901773
0.843724
0.580325
0.889524
1.147529
0.399989
1.151401
0.849248
0.842534
1.129524
0.736036
0.906317
0.878923
0.735206
0.805101
0.799178
1.033833
0.987842
0.832490
1.018713
0.854185
0.801124
0.686741
0.597022
0.834945
0.885843
0.058802
0.816431
0.845003
0.490591
0.836295
0.630368
0.611367
0.929523
0.918726
0.988724
0.625602
0.811085
0.741141
0.574765
0.892649
0.742874
0.930675
0.642580
0.738965
0.938798
0.890142
0.847780
0.691250
0.735055
0.778745
0.787246
0.733355
0.620228
0.647821
0.763983
0.192314
0.797766
1.128326
1.133250
0.896880
0.742738
0.806939
0.825422
0.456047
0.695351
0.605627
0.798652
0.808080
1.151928
0.682071
0.705850
1.138280
0.887482
1.043121
0.800986
0.900867
0.708373
0.968294
0.662707
0.955655
1.023591
0.674193
0.757246
0.873110
0.951816
0.797080
0.853981
0.878373
0.865307
1.065627
0.791194
0.851586
0.776666
0.934613
0.742156
0.659058
0.685058
0.734522
1.044823
0.780508
0.846165
1.126690
0.881367
1.041589
0.960514
0.276296
0.667189
0.657233
0.202926
0.944005
0.919003
0.868896
0.940883
0.995293
0.021279
0.318396
0.762763
0.748948
0.734280
0.927448
0.576148
0.909990
0.981990
1.114466
1.040475
0.865930
0.701047
0.093815
0.629824
0.703017
0.733613
0.679349
0.823623
0.591039
0.931562
0.752952
0.912006
0.705325
0.690771
0.110245
0.669079
0.817508
0.821486
0.795467
0.746298
0.820027
0.871522
0.895215
0.817706
1.105182
1.130121
0.685836
0.592605
1.084673
0.693921
0.323537
0.807109
0.771492
0.867442
0.959437
0.878898
0.830520
0.672528
0.970378
0.200330
1.039912
0.832734
0.676971
0.755694
0.923196
0.719901
0.834460
1.123203
0.662381
0.773702
0.771762
0.807372
0.820859
0.676080
1.062146
0.948919
0.778601
0.725780
0.922021
0.940411
0.910985
0.824550
0.987205
0.849316
0.788381
0.867549
0.715868
0.675123
0.720364
0.690430
0.814762
0.949989
0.063236
0.993951
0.939437
0.765755
1.025814
0.615465
0.874555
0.882054
0.559788
0.680394
0.993694
0.655739
0.886078
0.912810
0.777757
0.644814
1.140190
0.709887
0.690603
0.817341
0.377166
0.731542
1.012303
0.675776
0.962382
0.727691
0.730944
1.144951
0.689869
0.717577
0.695296
0.885662
0.930750
0.587512
0.773798
0.860380
0.738602
0.993860
0.411346
0.604438
0.057131
0.875952
0.631915
1.048932
0.661380
0.874824
0.827544
0.480719
0.882896
0.541208
0.704254
0.705205
0.876889
0.054181
0.746404
0.784016
0.871465
0.939579
0.053101
0.452273
0.994720
0.778767
0.871727
0.840660
0.915876
0.720083
0.666169
0.673308
0.889631
1.117854
1.143395
0.757770
0.717584
0.923158
0.890376
0.681394
0.764034
0.935511
1.134160
0.130271
0.931390
0.558249
0.772723
0.657764
0.553274
0.741831
0.758085
1.001440
1.030360
0.807341
0.949635
0.817163
0.694945
0.933690
0.980884
0.786791
0.905523
0.949119
0.861203
0.712214
0.856124
0.840289
0.645090
0.079919
0.493729
0.311834
0.729078
0.982389
0.795987
1.038604
1.169200
0.766669
0.575468
0.979435
0.705068
0.900866
0.754632
0.689167
0.786690
0.635427
1.107845
0.810738
0.770454
0.879424
1.056140
0.489577
0.992344
0.879975
0.029851
1.150357
0.849836
0.893124
0.719975
1.006731
0.921210
0.848575
0.070353
0.796398
0.817065
0.895950
0.931881
0.418091
0.918537
0.789289
1.087131
0.125231
0.726381
1.085253
0.874907
0.896103
0.834007
0.752774
0.837111
0.763512
0.835254
0.790424
1.008425
0.790330
0.842714
0.886261
0.858527
0.522008
0.962471
0.894399
0.440640
0.731150
0.766930
1.004816
0.931299
0.027898
0.620371
0.887375
0.859425
1.037283
0.804280
0.767979
0.720321
0.763606
0.737469
0.900258
0.446947
0.253232
0.380224
0.316614
0.814854
0.835825
0.640479
0.947032
1.128765
0.026275
0.587807
0.871052
1.085964
0.664270
0.646483
0.867518
0.768808
0.553590
0.976328
0.095409
0.452028
0.843353
0.420360
0.979004
0.556714
0.599797
0.697262
0.832093
1.075239
0.874279
0.929116
0.636177
0.047757
0.989851
0.984107
1.040162
0.084796
1.031949
0.659099
0.724383
0.722927
0.669150
0.665446
0.783402
0.938176
0.857718
0.854973
0.743808
0.845391
0.838386
0.940101
0.793245
0.733278
0.741899
0.728356
0.750925
0.769065
0.676115
0.601847
1.045866
0.892568
0.194619
0.920938
0.689745
0.789292
0.671127
0.844480
0.984645
1.001869
1.037103
0.809787
1.101383
0.623547
0.730667
0.929229
1.075153
0.046508
1.122539
0.842870
0.850989
0.682249
0.184718
0.830684
1.121687
0.732235
0.699783
1.028828
0.689386
1.007676
0.056226
0.887164
0.815093
0.897920
1.004590
1.033015
0.698651
0.659414
0.767832
0.949357
0.833440
0.933053
0.909493
0.062099
0.747812
0.627022
0.409319
0.818152
0.168704
0.862887
0.087509
0.852941
1.142568
0.689885
0.775500
0.889433
0.936351
0.795068
0.763521
0.993564
0.844712
0.650616
0.332936
0.907432
0.967803
1.112047
0.736515
0.560960
1.105076
0.856624
0.692207
1.005517
0.663039
0.332545
0.850860
0.782201
0.095286
0.825375
0.678070
0.617880
1.018702
1.058379
0.120934
1.127036
0.930870
0.916467
0.824465
0.892330
1.108899
1.101137
1.029270
0.758402
0.922128
0.867196
0.986650
0.930414
0.061176
1.051478
0.904840
0.978651
0.867446
0.353712
0.907976
0.916906
0.790845
0.765898
0.785577
0.928438
1.016850
0.846177
0.172282
