0.719028
0.748864
0.977185
1.075595
0.344173
0.055874
0.633885
0.944531
0.991403
0.702964
0.889150
1.044429
0.973002
1.185715
0.811586
0.163080
0.811287
0.660903
0.977521
0.609396
1.205451
0.064821
0.999404
1.153843
0.740723
0.980879
0.984792
1.092182
0.833799
0.901430
0.611264
0.782574
0.983822
1.224208
0.866123
0.983757
0.742346
0.930907
0.932350
0.631107
0.678206
0.806307
0.857262
0.798194
0.948522
0.654762
0.967916
0.912890
0.678571
1.117042
1.128788
0.894569
0.430304
0.855900
0.834666
0.696319
0.890419
0.795078
0.768950
0.682882
0.752239
0.160122
1.183849
0.793691
0.881549
0.872757
0.913361
0.914356
0.073841
0.122451
0.890968
0.010316
1.114326
1.217230
0.782943
0.720351
1.003781
0.781690
0.822250
0.908804
1.169552
1.014765
1.178655
0.591730
0.767212
0.859305
0.711653
0.835716
0.873377
0.910056
0.711793
1.219891
0.716772
0.885913
0.687769
0.799798
1.014758
0.905431
1.210641
0.561201
0.540014
0.769478
0.449623
0.681432
0.863904
0.663724
0.709817
0.927799
0.804357
0.988402
1.161844
0.353052
0.972567
0.874893
0.786748
1.254337
1.015583
0.722868
1.016470
0.910055
0.773179
0.896858
0.996743
0.609920
0.620995
1.157091
0.961831
0.998360
0.740713
1.050860
0.619823
0.927019
0.931952
0.799811
0.111610
0.964648
0.744853
0.874070
0.918263
0.851700
0.889705
0.848671
0.937979
0.954858
0.801710
0.806542
0.983748
0.891768
0.773124
0.919178
1.101632
0.763197
0.800270
0.739573
0.756884
0.452725
0.865176
0.861503
0.839082
0.740925
0.909629
0.652592
0.955395
0.754806
0.775513
0.910455
0.879740
0.674184
0.791391
0.906951
0.797196
0.755195
0.809095
0.064260
0.934358
0.810451
0.729183
0.713462
0.851299
1.240580
0.888081
0.676857
0.588161
0.041837
1.024399
0.964368
0.925182
0.781032
0.904592
0.715320
1.059622
0.769217
1.107327
0.882853
0.833770
0.791285
0.952553
0.733065
0.837020
0.788513
0.098693
0.881591
1.169559
0.890304
0.845142
1.112159
0.989669
0.916851
0.718971
0.868397
0.975479
0.593279
0.834902
0.976312
0.767979
0.944650
0.974999
1.033548
0.852558
0.847031
1.088170
0.364391
0.251164
0.893851
1.083447
1.030496
0.875112
0.605076
0.884887
0.577898
0.934662
0.802428
0.767656
0.459458
1.180174
0.689928
0.778710
1.191470
0.861926
0.909047
0.652150
0.871436
0.980875
1.042409
0.929214
1.149500
0.972259
0.627587
0.742325
0.910043
0.711043
0.065130
1.160868
0.050433
0.014835
0.867008
0.868538
1.019336
0.770049
0.800086
0.864465
0.748992
0.983025
0.864343
0.782094
1.033284
0.853097
0.825169
0.397398
0.882724
0.611076
0.844247
0.951089
0.737659
0.663620
0.646888
0.840595
1.239376
1.017955
0.912899
0.159360
0.656007
0.935370
0.871026
0.488499
1.236000
0.691945
0.784680
0.017999
0.966393
0.921751
0.023528
0.858794
0.706043
0.963505
0.522967
0.802393
0.914312
1.003813
0.904552
0.613301
0.039099
0.890635
0.854272
0.865188
1.035715
0.836499
0.925720
1.059262
0.911142
0.480581
0.999462
0.208711
0.814398
0.831788
0.800765
0.698431
0.821350
0.747871
0.748462
0.846539
0.957592
0.772353
0.867583
0.891665
1.098303
0.155031
0.160627
0.698625
0.825140
0.902631
0.751652
0.872852
1.101329
1.004434
0.996396
0.764236
0.865951
0.718289
0.664598
0.620672
0.804520
0.787655
0.852633
0.677471
0.816846
0.739786
1.047341
1.010126
0.978953
0.857648
1.076726
1.130383
0.740854
0.679489
0.853949
1.076560
0.928874
0.013613
0.929294
1.009240
1.002393
0.022095
1.028946
1.086940
0.714156
1.142114
0.845009
0.826471
0.833899
1.013240
0.807436
0.809735
0.743574
1.161660
1.050530
1.222409
0.998760
1.027063
1.235696
1.163906
0.866790
0.128782
0.769801
0.057936
0.714104
0.898477
0.998773
0.673041
0.587336
1.210089
0.801536
0.817250
0.753702
0.525056
0.221786
0.320923
0.913821
0.652268
1.063693
0.829729
0.644536
0.900795
0.870518
0.741742
0.513786
0.848823
1.023698
0.806564
1.008424
1.008277
0.825802
0.693039
0.097992
1.028183
0.854275
0.771832
0.981142
0.810186
0.957791
1.157968
0.877635
0.967366
1.033896
1.018174
0.874821
1.011194
1.005114
0.085945
0.855001
0.721407
0.699291
1.078275
0.990804
0.707233
0.691494
0.574927
1.023501
0.975054
0.793338
0.690103
0.675964
0.917790
0.942083
0.917677
0.870686
0.897080
0.769912
0.783312
0.738083
0.890314
0.976995
0.974072
0.909972
1.038747
0.959961
0.744660
0.721892
1.022913
1.069789
0.763971
0.819926
0.757638
0.956631
1.013098
0.772055
0.291222
0.946962
0.813071
0.759118
1.037688
0.845975
0.871942
0.894871
1.012761
0.913562
0.761360
1.202170
0.964333
0.907253
0.697369
0.964057
0.681921
0.735078
0.662895
0.427573
0.729599
0.865149
0.750734
0.901664
0.860492
0.072243
0.762081
0.100082
0.998909
0.786088
0.747897
0.835691
0.766018
1.191826
1.023321
0.816723
0.892648
0.704506
0.125173
0.957870
0.689183
0.946859
0.662002
1.097577
0.690417
1.055542
0.079234
1.196263
0.528946
0.143174
0.908884
1.052566
1.047276
1.019273
0.861324
0.788582
1.039694
0.817427
0.782809
1.205273
0.713273
0.659994
0.713049
0.739877
0.982257
0.655283
0.826923
0.986034
0.443326
0.977828
1.015975
1.059103
1.110174
0.896647
0.834466
0.425422
0.137498
0.825811
1.031195
0.896015
0.012586
0.720626
0.751841
1.229131
0.858250
0.727729
0.852217
1.212360
0.576327
1.085264
0.961652
0.955232
0.861397
0.846221
0.873825
0.926732
0.960976
0.990059
0.665624
1.173353
0.848591
0.701691
0.695676
0.572663
0.206622
1.030875
0.999721
0.950107
1.058881
0.902325
0.466213
0.588415
0.873527
0.010078
0.810075
0.688864
0.157254
1.116167
0.800382
0.735331
1.034079
0.840107
0.894375
0.996326
0.704128
0.779448
1.193430
0.788998
0.225627
0.908758
0.678520
1.102848
1.151320
1.073071
0.774240
0.936861
0.903339
0.793493
0.844192
1.140338
0.903963
0.953345
0.918449
0.009865
0.768219
0.740547
0.921837
0.858893
0.990887
0.999089
0.902200
1.155904
1.104257
0.806909
0.764456
1.078158
0.860539
0.845593
0.751982
0.651341
0.709371
1.144629
1.133248
0.959172
0.903724
0.852465
0.574988
0.842691
0.784377
1.064682
0.938593
1.156874
0.989726
0.776776
0.983417
0.823989
0.813395
0.827281
0.739583
0.762083
0.899208
1.145414
0.918275
0.916216
1.097146
1.172363
0.852594
1.231356
0.797347
0.835018
0.988129
0.152831
1.185808
1.178903
1.245968
0.927545
0.515487
0.834166
0.694846
1.051388
0.686949
1.180092
1.202869
0.681749
0.900575
0.689937
0.674274
1.171370
1.225991
0.864864
1.089409
0.920838
0.877780
1.054262
0.800555
0.241723
0.920035
0.798887
0.790068
0.810630
0.926833
0.772492
0.947667
0.748203
0.821331
0.682815
0.861727
0.989825
1.193844
0.786562
0.926802
1.017629
0.819377
0.703620
1.010121
1.046906
0.408896
0.920694
0.627655
1.001184
0.917511
0.985969
0.968371
0.754182
0.737010
0.872454
1.004879
1.143014
1.185875
0.824575
0.052403
0.431814
0.806044
0.777324
0.840295
0.730364
0.744220
0.890964
0.680649
0.664787
0.857117
0.987232
0.759902
1.054703
1.090900
1.166334
1.189310
0.975462
0.799078
0.928362
1.025915
0.488778
0.182757
0.921466
0.965110
0.034803
0.914343
1.187568
1.160852
1.110185
1.145235
0.071391
0.964426
0.793507
0.082359
0.043083
1.024769
0.959310
0.889091
1.011685
0.911912
0.847237
0.520244
0.690915
1.088591
0.666659
1.095962
1.143707
0.793909
1.097732
0.990078
0.890928
0.814761
0.405705
0.461644
0.990033
0.696288
0.647569
1.024931
0.906187
0.457471
1.034501
0.613604
1.073777
0.883510
1.138370
0.859343
0.769128
0.654518
0.962727
0.898213
1.164397
0.876148
0.886697
0.823366
1.017119
0.981675
0.659294
1.112321
0.799699
1.183240
0.847248
1.192267
0.883019
0.944302
0.974039
1.222780
0.610220
1.189040
0.936764
0.779025
0.856432
1.067459
0.925918
0.191715
0.749281
0.940979
0.737002
0.851500
0.726999
0.968665
0.875156
1.086272
1.005401
0.862285
0.498317
0.641184
0.940003
0.887456
0.836307
1.188055
0.133598
0.879267
0.956672
0.141155
0.954717
1.116467
0.926665
1.000813
0.832164
0.788040
0.696951
1.062050
0.813140
0.094982
0.843925
1.177610
0.690161
0.820225
1.170996
0.782733
0.844342
0.844158
0.835506
0.776026
1.084617
1.017849
1.157429
0.845632
0.863388
0.861697
1.166809
0.734402
0.953899
0.934555
0.830746
0.835552
1.057372
1.103591
0.570818
0.776683
0.117619
0.902375
0.926687
0.475554
0.867272
0.716129
0.803650
1.038354
0.868419
0.708992
1.043056
0.901314
0.775894
0.698418
0.884501
1.065611
0.967706
0.385738
0.046997
0.129258
1.154769
0.774843
1.148574
0.866056
0.856839
0.822258
1.021037
0.632798
0.738131
1.047528
0.936437
0.810672
0.952066
0.684806
1.188296
1.053366
0.744849
0.148845
0.994119
1.187653
0.995112
1.028445
0.926648
0.798822
0.802648
0.949591
1.179570
0.976342
0.778937
0.904684
0.877444
1.182761
0.991200
0.942595
0.475015
0.698333
1.217454
0.900125
0.139015
1.231580
0.897478
0.683647
0.928977
1.187431
0.772447
0.698296
0.824559
1.009056
0.719466
0.589552
0.908810
0.913428
0.974499
0.660043
0.715694
0.845950
0.946907
0.701624
0.670890
0.566567
0.971255
0.852852
0.604770
0.946144
0.922935
1.194900
0.762375
1.147889
0.547421
0.116349
1.011357
0.129396
0.982438
0.666937
0.053597
0.810040
0.935140
0.694315
0.791645
0.738119
0.601942
0.819366
0.075832
0.093062
1.082453
0.947888
0.748949
0.860787
1.032598
0.527138
0.929473
0.863907
0.942976
0.874542
1.202253
0.942452
0.841020
1.008000
0.989152
0.965125
0.820585
0.909682
0.925248
0.974232
0.943046
0.703547
0.798163
0.660217
0.697570
0.043601
0.845990
0.909092
0.716353
0.304906
0.778947
0.810979
0.822939
0.683065
1.070628
1.020327
1.232527
0.089122
1.098600
0.700771
0.825302
0.914604
0.845033
1.048359
0.842166
0.818681
1.206893
0.864869
0.681548
0.984270
0.950704
1.032697
0.931782
1.043363
0.737597
0.934771
0.811242
0.996860
0.087359
0.816912
0.513954
0.962225
0.925111
0.855394
0.804785
0.749941
1.002250
0.815203
1.041698
0.766227
1.179981
0.877152
0.955435
0.487525
0.810240
0.978873
1.125058
0.949720
0.846845
0.214534
0.963172
0.783960
0.931996
0.791482
0.792057
0.857807
0.945778
0.865435
0.492480
0.589199
0.884516
1.160778
0.971599
0.932773
0.769714
0.678948
0.811697
0.725837
0.882185
0.750552
0.755072
0.815259
0.874135
0.905328
0.814152
0.978281
0.874142
0.877867
0.740578
1.086129
0.738470
0.140007
1.046300
0.724002
1.238633
0.854103
0.959313
1.013239
0.785104
0.076895
0.077009
0.930473
0.896920
1.232137
0.974466
0.892576
0.714700
0.518459
0.759102
0.867110
0.517566
0.985014
0.927216
0.937691
0.850122
0.712349
0.485348
0.927049
0.902205
0.964787
0.849328
0.991484
0.795150
0.908328
0.994190
0.377056
1.002709
0.877203
0.900205
0.869747
0.857259
0.974632
0.886169
0.910920
0.700039
0.897006
0.812726
1.189374
0.901958
0.750878
0.670267
0.971457
0.967527
0.786573
1.077081
0.898960
0.950163
0.804223
1.092335
0.650591
1.206741
0.751657
0.026570
0.960228
0.068350
1.129309
0.729132
0.691072
1.075104
0.592858
0.949141
0.807764
0.848031
1.047173
0.963670
0.856182
0.828498
0.674697
0.642752
0.545774
0.538725
0.923566
0.667941
0.989994
1.025380
0.659089
0.851918
0.830479
1.176875
0.789622
0.085151
1.064239
0.660243
1.128475
0.746156
0.865560
0.901452
0.912571
0.948197
0.899595
0.980264
0.304205
0.782891
0.877478
0.829725
0.458079
0.840364
0.665171
0.810596
0.841854
1.031983
0.738599
0.658375
0.852970
0.767557
1.212029
0.778822
0.030782
1.018454
0.841222
1.138045
1.037296
0.811979
1.039029
0.915458
1.192804
0.440256
1.190404
1.018727
1.017278
1.198040
1.166364
0.911327
0.766408
0.914248
0.759580
0.850256
0.621220
1.036748
0.983012
0.665946
0.778905
0.056012
0.942188
1.198573
0.626846
0.753268
0.874547
0.154256
1.086145
0.959652
1.166208
0.521551
0.948005
0.667563
0.978750
1.061289
0.135382
0.922851
0.868230
1.090578
0.746794
1.011241
0.772579
1.214097
0.969077
0.855361
0.959861
0.106539
0.894399
0.790436
0.836530
0.677449
0.454206
0.683885
0.692046
0.898665
1.073222
0.085541
1.081114
1.079146
0.832200
0.870711
0.978126
0.822563
0.762016
0.780352
1.161530
1.064495
0.662792
0.024198
1.185900
0.749102
0.908156
0.946743
0.643300
0.963602
0.645342
0.454447
0.747794
0.173791
0.733923
0.770940
1.053744
0.755172
1.214270
0.700358
0.102395
0.672923
0.596523
0.666977
0.933406
0.960204
0.728390
1.038514
0.873795
0.831226
0.063127
0.252785
0.931184
1.098654
0.826191
0.796535
1.007337
0.952850
0.729406
0.637697
0.918118
0.609396
1.090798
0.925198
1.046027
0.949433
1.023610
0.023237
0.769519
0.924384
0.074994
0.958315
0.869926
0.787254
0.871346
0.775877
0.033981
1.212514
0.608787
0.674988
0.744729
0.881872
1.210149
0.805763
0.831714
0.816471
0.952502
1.167619
1.008621
0.010768
0.831303
0.515085
0.845458
0.718899
1.059338
1.231786
0.736711
0.762991
0.762890
0.990628
0.952338
0.013196
1.021284
0.992532
0.793583
0.885107
0.953954
1.242545
0.839389
0.085075
0.089731
1.028038
0.925004
0.089170
1.015143
1.008229
1.202319
0.762204
0.934236
0.905708
0.742410
0.105128
0.257665
1.097888
0.952590
1.211474
0.463102
0.868491
0.937057
1.002838
0.831712
1.215573
0.937425
0.994756
0.983756
0.804087
0.620081
0.762671
0.925064
0.882721
0.832311
0.778363
0.511840
0.059406
1.202006
1.097916
0.862933
1.089454
1.088589
0.750233
0.472269
0.974008
1.001738
0.957423
0.967277
0.867352
1.010930
0.863577
0.947870
0.755678
0.936367
0.921468
0.798478
0.691889
0.996100
0.815128
0.877733
0.181281
0.067540
0.660739
0.436610
0.704476
0.892113
0.738385
0.506289
0.827681
0.922990
0.783507
1.107259
1.093626
0.755180
0.477926
0.731597
0.812247
0.639644
1.018344
0.898569
0.673411
0.798224
0.715147
0.749193
0.643794
0.813746
0.506905
0.751378
0.692183
0.771591
1.051198
0.874350
1.064432
1.094589
1.076950
0.714109
0.985142
0.727357
0.642962
0.873435
1.145938
0.645889
0.685902
1.193155
0.946784
0.830340
0.074252
1.179863
0.618662
0.405912
0.925614
1.106040
0.761161
0.891112
0.810349
0.143837
1.016706
0.833309
0.946764
0.957386
0.591755
0.042478
0.708714
0.475519
1.104644
0.089554
0.872925
0.994840
0.862023
0.960901
0.751482
0.990860
0.768695
0.787265
0.879660
0.091198
0.241278
0.836363
0.696929
0.878621
1.016768
0.890864
0.954082
0.811353
0.762647
0.671405
0.426523
0.787149
0.986189
0.270423
0.771423
0.847017
0.671300
0.734780
0.800436
0.751491
0.905803
1.204685
0.805440
0.539332
0.775822
0.741870
1.144400
0.712879
1.079962
0.898769
0.484552
0.659732
0.640646
1.223150
0.764374
0.824048
0.749918
0.829711
0.855980
0.818857
0.039787
0.117883
0.130272
0.821977
0.891880
0.864711
0.432655
0.908212
0.644319
0.938435
0.861766
0.648004
0.836104
1.060349
0.767159
0.922224
1.059883
0.682117
0.419093
0.982042
0.937461
0.863967
1.039051
1.079872
0.573011
0.901876
0.718990
0.759450
0.988960
0.909033
0.717132
1.122928
0.827869
0.821700
0.796987
0.309429
0.820777
0.037533
0.469321
0.682199
0.956848
0.069900
0.725477
0.708259
0.802432
0.938381
0.754017
0.748595
0.983048
1.115297
0.934275
0.799777
0.675826
0.829611
0.974205
0.681982
0.968647
1.178791
0.912666
1.003477
0.877277
0.842792
0.668107
0.992393
0.867981
0.905405
0.833164
0.721398
0.920650
1.210914
1.084795
0.678173
1.002720
0.814711
0.921512
0.727360
0.903965
0.519891
0.642663
0.767846
0.219260
0.914270
0.771499
0.803215
0.679575
0.881977
0.565778
0.879273
0.943152
0.688232
0.588838
0.885735
0.773042
0.963853
0.982084
0.965905
0.996423
0.815804
0.916364
0.491860
0.715652
0.668289
0.032814
0.986120
0.673025
0.946757
0.818333
0.963772
0.760638
0.406797
1.067033
0.582480
0.902400
1.036566
1.003562
1.010912
0.110526
0.142824
1.015291
0.823807
0.693324
1.066384
0.209672
0.766974
0.767908
0.840429
0.787368
0.722213
0.226544
0.419292
1.230031
0.708682
0.848934
0.776183
0.723732
0.818534
0.607119
0.815555
0.092934
0.107374
0.882814
0.731137
0.749396
0.939422
0.870491
0.974847
0.780307
1.030125
0.913869
0.701875
0.702798
0.664349
0.776596
0.998464
0.541454
1.043181
0.772376
0.917743
0.795952
0.875378
0.790962
0.612269
0.605402
0.791957
0.768492
0.821445
0.905490
0.477071
1.074002
0.045415
0.886427
1.044652
0.992757
0.866814
1.027331
0.753047
0.661522
0.931511
0.933592
0.876722
0.526992
0.936543
0.829780
0.846090
0.685760
0.683193
0.803058
0.771670
0.675867
0.851808
0.677655
0.901588
1.039519
0.672498
0.738678
0.804408
0.795691
0.373658
0.907821
0.908791
0.969258
0.784359
0.733342
0.880486
0.840154
0.878400
1.209909
0.827090
0.674792
0.777823
0.930535
0.657498
0.543980
1.010178
0.617470
1.069883
0.940448
0.882854
0.815758
0.713317
0.817229
0.853729
0.688169
0.735386
0.753876
0.910504
0.637568
0.927635
0.827480
0.955727
1.032402
0.176599
0.963910
0.941134
0.606333
0.968615
0.756288
0.068482
0.953579
0.940932
1.089714
0.735595
0.732411
0.693200
0.768542
0.637019
0.782631
0.642538
0.855486
0.828949
1.089985
0.685204
0.116194
0.820189
0.941172
0.950618
0.723205
0.783282
0.848301
0.742565
0.089546
0.689166
0.756899
0.779611
0.669298
0.761882
0.707704
0.855478
1.007007
0.948631
0.778830
0.769799
0.645613
1.168034
0.940257
0.941800
0.696769
0.704761
0.532576
0.902443
0.998413
1.009387
0.812678
0.831067
0.760810
0.459672
0.710084
0.873431
0.865123
1.190577
1.168822
0.804769
0.769010
0.656261
1.194602
0.745794
0.939672
0.742784
1.182054
0.626121
0.670173
0.219500
0.728408
0.963859
0.571807
0.671864
0.809651
0.865108
1.062976
0.598570
0.881092
0.655599
1.170773
0.943307
0.880111
0.712323
0.581613
0.916457
0.737966
0.899290
0.780479
0.758224
0.016721
0.937803
1.231934
0.958467
0.685119
0.831267
0.903536
0.878086
0.163043
0.877911
0.658428
0.595272
0.802414
0.923918
0.813685
0.395678
0.801330
0.271094
0.052375
0.841272
0.099360
0.811597
0.946340
1.192639
0.869875
0.924087
0.042543
1.197253
0.880814
0.852418
0.836542
0.780571
0.863685
1.214418
0.675790
0.891118
0.908611
1.235395
0.831819
0.718006
1.035442
0.909793
1.205667
0.785395
0.009528
0.771252
0.243582
1.025796
0.802930
0.762649
1.114378
0.776894
0.768785
0.794760
0.682060
0.689245
0.741915
0.918761
0.498198
1.017503
0.901210
0.776352
0.869034
0.721019
0.719798
0.664304
0.989485
0.896587
0.634281
0.808442
0.622318
1.076830
0.789581
0.093544
0.844008
0.865810
0.782289
0.556303
1.179392
0.947220
0.836713
0.684751
0.096428
1.094728
0.930944
0.810027
0.929226
1.095739
0.656195
0.985219
0.863652
0.629728
0.952793
0.905489
0.068830
1.212254
0.712189
0.828836
0.846308
0.598693
0.667012
0.889660
0.732309
0.084337
0.112113
0.889323
0.700539
0.719186
1.049851
0.508266
0.885053
0.781865
0.880214
0.827016
0.142495
0.687975
0.888445
1.134569
0.584000
0.603006
0.836619
0.714648
0.942518
1.185727
0.065274
0.973529
1.000549
0.595856
0.707054
0.678148
0.742199
0.785140
0.862997
0.737568
0.624029
0.119066
0.921070
0.385640
0.799824
0.693077
0.851387
0.263789
0.928389
0.972264
0.093474
0.636782
0.866439
0.099408
0.824113
0.614050
0.951341
1.069060
0.769437
1.103425
0.537593
0.751830
1.020017
1.148576
0.837789
0.727386
0.802155
1.175295
1.016376
1.111993
0.933592
0.382257
0.733307
0.796822
0.905891
0.813225
0.769138
0.668364
0.817208
1.156068
0.843769
0.969294
0.640712
0.785521
0.056573
0.946607
0.643552
1.008209
0.373955
0.844047
0.847833
0.865790
0.054593
0.796916
0.076609
0.884346
1.029374
0.886685
1.194163
0.834625
0.971388
0.872652
0.201817
0.682884
0.865843
1.182670
1.158918
1.039139
0.984215
0.749879
0.851088
0.767252
0.765592
0.585310
0.782979
0.815235
0.869198
0.831283
1.049195
0.795713
1.180888
0.138509
0.728834
0.774878
0.898284
1.036962
0.927372
0.977950
0.752693
0.341199
0.978315
1.222342
0.607803
0.614736
0.888261
1.084910
0.983099
0.652546
0.962453
1.135618
0.823525
1.086899
0.186580
0.786553
0.782697
0.836021
1.065622
0.865932
0.709003
1.239363
0.866634
0.829513
0.028833
0.632932
0.894225
0.605190
0.873178
1.171151
0.903108
0.930183
1.101111
0.861080
0.902488
1.045259
0.686556
0.666398
1.047933
0.973565
1.214946
0.807002
1.046458
1.007803
0.780114
0.826999
0.977850
0.796599
0.831871
0.850974
1.156559
0.168962
0.725658
0.970608
0.735575
1.041497
0.078170
0.847113
0.723977
0.847033
0.784784
0.979825
1.058326
0.978884
0.732703
0.806549
1.208624
0.786975
0.914006
0.731745
1.229715
0.758962
0.724180
0.977140
0.771719
0.781638
1.190145
0.730087
0.688501
0.845003
0.669376
0.865543
0.853618
1.157621
1.121007
0.732703
0.715258
0.861055
0.729787
0.740269
0.857935
0.640110
0.737366
0.893754
0.751688
0.873229
0.481145
0.838838
0.638180
0.701941
1.202004
0.776593
0.819532
0.937341
1.078282
0.230964
1.006030
0.649417
0.842004
0.943122
1.005133
0.831417
0.766195
0.653813
1.139970
0.888009
0.676062
0.406196
1.006460
0.987431
0.713227
0.681511
0.219650
0.763325
0.120152
0.780779
0.771962
0.730990
0.657092
1.140861
0.908135
0.016086
1.200123
0.823265
0.821017
0.540673
0.720778
1.030789
0.772229
0.661372
0.582346
1.016716
0.801757
0.836289
0.901762
1.046800
0.952081
0.606386
0.882024
1.067547
1.205990
0.817651
0.910034
0.788498
1.187573
1.116362
0.996520
0.038674
0.840140
0.373538
0.764125
0.799203
0.719125
0.701938
0.673112
0.825644
0.816906
0.062507
0.896307
0.716972
0.811814
1.117214
0.702319
0.792809
1.164551
0.737748
0.740608
0.779500
0.926530
0.673742
0.751941
0.904823
0.036228
0.738294
0.048259
0.097037
0.894363
0.986095
0.917918
0.953033
0.535793
0.933106
1.225948
0.867331
0.669477
0.889009
0.720448
0.768885
1.220944
0.617678
0.732993
0.403201
0.553291
1.066650
0.871722
1.004255
0.496417
0.747821
0.801600
0.847677
0.885517
0.708967
1.185515
1.008989
0.877845
0.985382
1.154386
0.544854
1.017837
0.681140
0.722248
0.716636
0.810600
0.871395
0.871296
0.662764
0.706454
0.959572
0.791401
1.010074
0.900273
0.794276
0.755101
0.872350
1.197774
0.818457
0.829388
0.841813
0.831199
0.832508
0.966749
1.204359
0.662746
0.661117
0.833302
0.866162
0.963437
0.538080
0.814067
0.810375
0.688842
0.669950
0.873106
0.706757
0.693485
0.753026
0.227080
1.153423
0.638325
1.133935
0.760114
0.997690
0.854664
0.795208
0.838971
0.947987
0.938292
0.706291
0.898623
0.970222
0.616361
0.097224
0.826851
0.761366
0.934043
0.974757
0.820567
0.690393
0.668643
0.934138
0.980096
0.949765
0.832500
1.183848
0.885680
0.842903
1.029992
0.764922
0.157612
0.057868
0.997617
0.853395
0.816533
0.120667
0.846982
0.708692
1.170500
0.776502
0.953496
0.948318
0.750220
0.711628
0.846951
0.081840
0.055253
0.667751
0.883516
0.877179
0.601756
0.165914
0.988204
0.863067
0.697123
0.832203
0.823164
0.685254
0.772189
0.868601
0.813596
0.778503
0.659333
0.540853
0.854312
0.839376
0.854973
0.768535
1.123459
0.661021
0.634564
0.088574
0.743682
0.920446
0.722249
1.017639
1.101014
0.850480
0.940272
0.990180
0.895130
1.187815
0.813260
0.814153
0.771928
0.784044
0.155629
0.827006
0.828426
0.766725
0.707466
0.818427
1.148344
0.835962
0.608110
0.959611
0.718409
0.819202
0.897865
1.095304
1.062090
0.778726
0.196213
0.882609
0.507971
0.535954
0.868852
0.103846
0.892941
0.722811
0.820077
1.010475
0.933697
0.803598
0.799336
0.826462
0.804491
1.240969
0.834076
1.174740
0.826277
0.582713
0.681816
0.766361
0.971510
0.653607
0.702438
1.122622
0.928730
1.046786
0.896203
0.761451
1.187627
0.028788
0.739779
0.598573
0.017067
1.130744
0.816520
0.607463
0.874932
0.817117
0.782736
0.756664
1.016977
0.777003
1.035395
0.837483
0.887352
0.677674
0.714883
0.986827
0.546450
0.756101
0.193680
0.802887
0.588006
0.251440
1.021296
0.803600
0.562431
0.766086
0.934912
0.850481
0.916008
0.967692
1.110681
0.833602
0.754410
1.015171
1.099312
0.845724
0.398649
0.792416
0.802778
0.993753
0.220157
1.230004
0.772232
1.027741
0.772195
0.770843
0.714220
0.952626
0.707924
0.421931
1.080122
0.942193
0.950605
0.941839
0.786211
0.827147
0.851512
0.701331
0.579869
1.214282
0.817791
0.716401
1.000837
1.056810
0.764747
0.789078
0.719479
0.768883
0.784440
0.094667
0.989871
0.825898
1.215745
1.005809
1.015487
0.610079
0.631893
0.770610
0.991702
0.846257
1.012279
0.975077
0.703184
0.964528
0.036797
0.095246
0.755717
0.051647
1.178250
0.819298
0.747867
0.201056
0.667994
0.076477
1.181555
0.990847
0.571508
0.892669
0.962055
0.738842
1.236009
1.054447
0.604346
0.730313
0.907680
0.967313
0.179945
0.687842
0.812293
0.799441
1.042854
0.513834
0.191458
0.812675
0.549400
0.901105
0.759899
0.978947
0.644848
0.702511
0.652712
0.820885
0.650674
0.909774
0.814868
0.886397
1.172666
1.201122
0.806009
0.613619
0.844133
0.891772
0.776195
0.976793
0.761039
0.646476
1.015822
0.609796
0.730549
0.847886
0.770061
0.231659
0.729473
0.454822
0.676642
0.049405
0.756781
1.033140
0.308916
0.805930
0.511425
0.585809
0.628676
0.835641
1.095610
0.870208
0.930779
0.673793
1.026755
1.026089
0.811112
0.948864
0.886175
0.591949
0.696727
0.657057
0.906725
0.732200
1.228732
0.364330
0.868855
0.765969
0.597405
0.634644
0.710940
1.180279
0.699184
0.049322
0.993177
1.118221
1.101605
1.141034
0.894440
0.794682
0.838505
0.879926
0.614443
0.583745
1.175305
0.796754
0.743765
0.834059
0.729496
0.787015
0.986059
0.847629
0.758287
0.959742
0.708399
0.764020
0.799253
0.788617
0.040692
0.841819
0.887737
1.099175
0.730378
0.958540
0.529984
0.850240
0.650098
1.003631
0.417631
0.784986
0.805399
0.992980
1.214014
0.708179
0.877110
0.718158
0.738967
0.671596
0.690754
1.010007
0.159891
0.775522
0.921759
1.064212
0.110763
0.750065
0.963751
0.105741
1.020090
1.081074
1.176641
0.796723
1.092382
1.137470
0.701343
0.709599
0.589542
0.907291
0.439538
1.014564
0.566225
0.853927
0.949224
1.183013
1.121154
0.766290
0.999138
0.049486
0.595602
0.140018
0.706847
0.889569
0.031870
0.617592
0.753012
0.930232
1.083440
0.744760
0.769431
1.104871
0.743770
0.084376
0.995227
0.444535
0.599514
0.399319
0.728578
1.210062
0.141311
0.812581
0.707313
0.939313
0.540458
0.912855
0.911725
1.227475
0.706360
0.722985
0.339664
1.221788
0.832851
0.603291
0.766653
0.610576
0.649317
0.921916
0.628637
0.711654
0.116553
1.163419
0.992034
0.985083
0.723528
0.806411
0.946081
0.761220
0.843591
1.178427
1.041224
0.915629
0.923446
0.950230
1.021267
0.838572
0.753099
0.154824
1.151033
0.872635
0.091285
0.852546
0.877219
0.782147
1.039339
0.690069
0.991508
0.547065
0.892166
0.936835
0.687994
1.063124
0.794798
0.514971
1.167681
0.791719
0.631053
0.016115
0.545437
0.943292
0.642230
1.193681
0.200908
0.883068
0.819420
0.578451
0.764113
0.807366
0.762553
0.653669
0.935972
0.072584
0.502438
1.075108
0.634230
0.957302
0.835089
0.776703
0.473383
1.179385
0.693866
0.878930
1.008961
0.942270
0.560540
0.030013
0.812555
0.913967
0.944751
0.902981
0.479194
0.994441
0.781723
0.959605
0.127690
1.090619
0.791809
1.167874
1.100587
0.880284
0.955356
0.744333
0.105278
0.645377
0.889661
0.739908
0.792379
0.825383
0.769892
1.024861
1.165594
0.607573
0.854075
1.058824
0.601984
0.926136
0.769425
0.880006
0.708004
0.820095
0.767785
0.970164
0.866601
1.189319
0.775799
0.779135
0.886679
0.848315
0.960570
0.713857
0.640247
1.170643
0.947676
0.903191
0.699070
0.922333
0.664236
0.717746
0.789602
0.948059
0.712309
0.740670
0.641944
0.958534
0.785801
1.165706
0.245519
0.037214
0.617261
0.862322
0.716860
0.814444
0.840038
0.737638
0.735151
1.141802
0.482424
0.717011
0.654674
0.945314
0.787324
0.707731
0.097504
0.916079
0.818007
0.717548
0.837438
1.198074
0.857839
0.839182
0.669892
0.758090
1.053648
1.240940
0.791941
0.666538
0.739265
0.845718
0.812362
0.141378
0.746926
0.642306
1.122639
0.917235
0.988966
0.936892
1.070038
0.841489
0.830554
0.032648
1.023623
0.760611
0.554519
0.763507
0.880280
0.823107
1.165467
0.756235
0.450145
0.897258
1.051074
0.890332
0.809062
0.642715
0.153281
0.818501
0.773971
0.684646
0.787671
1.211067
0.971916
0.681783
0.684845
1.065592
0.595678
0.787970
0.646565
0.885790
0.865681
0.650379
0.779798
1.200778
1.089850
0.838030
0.375197
1.007140
1.020180
0.926028
0.718127
0.947256
0.800384
0.495693
0.641574
0.714349
0.665612
0.826204
0.783702
0.794176
0.714641
0.843789
1.195941
0.848692
0.733708
0.742424
0.814121
0.887388
0.780198
0.992136
0.921197
1.137347
1.200646
0.209642
0.050960
0.788119
0.334849
0.784972
0.904569
0.775079
0.725596
0.713301
0.884257
0.986896
0.021420
0.448258
0.781969
0.845393
0.975752
0.863298
0.672613
0.911009
0.047403
0.972724
0.680628
0.988863
1.226251
0.823820
0.209879
0.895068
0.694201
0.828190
1.211338
1.075682
0.685958
0.923807
0.688652
1.075312
0.704760
0.909201
0.955637
0.749708
0.076037
0.530325
0.760214
1.013456
0.892203
1.172407
0.780318
0.964101
1.131885
0.815392
1.197522
1.018950
0.687640
1.153317
0.818264
0.516592
0.734690
0.868879
0.831594
0.882237
0.961206
0.842485
0.110348
0.718923
0.899508
0.793210
0.873225
0.789729
1.086594
0.994285
0.470201
0.775378
0.673354
0.908955
0.657321
0.832043
0.883557
0.551847
0.119084
0.055965
0.418397
0.783787
0.707252
0.732681
0.857278
0.774411
0.676175
0.813986
0.844465
1.004700
0.983262
0.866041
0.960376
0.741231
0.958603
0.085706
0.580943
0.169080
0.929421
0.757896
0.925998
0.666292
1.225293
0.715408
0.812199
0.794258
0.903985
0.945656
0.880095
0.917703
0.785652
1.200721
0.767185
0.548184
0.843642
0.745250
0.029022
0.674415
0.761410
0.957577
0.439922
0.883041
0.645612
0.691277
0.990253
0.823566
0.652021
0.943540
0.846131
0.862915
1.161698
0.681734
1.094556
1.117268
0.944280
1.229580
0.686868
0.793549
0.905340
1.012198
0.898789
0.214546
0.670380
0.350530
0.633699
0.166814
0.888499
0.626106
1.011193
0.709734
1.067802
1.234143
0.947830
0.729551
0.927404
0.807709
1.050715
0.709069
1.157352
0.635035
0.989353
0.610690
0.632926
0.969234
0.817147
0.146574
0.912907
0.843557
0.919177
1.139825
0.689819
0.773449
0.658414
1.072942
0.691455
1.098746
0.954256
0.796600
1.146730
0.743036
0.954058
0.879176
0.884504
0.809324
0.532657
0.778274
0.660061
0.914043
0.771637
0.972768
0.654059
0.244853
1.049259
0.852674
0.223792
0.917388
0.493492
0.871538
0.866221
1.209386
0.021116
0.412665
0.706919
0.945527
0.550514
0.629491
0.752977
0.846573
0.605733
0.663990
0.865997
1.192378
0.802139
1.060537
0.851098
0.632090
0.702522
0.711722
1.107972
0.701228
0.558040
0.800525
0.957972
0.996306
0.043733
0.929300
1.095568
0.783075
0.804966
0.074037
0.831888
1.054300
0.844088
0.995836
0.690878
0.837373
0.765065
1.080791
1.173777
0.816111
0.633148
0.734902
0.660607
0.789027
0.808249
0.706690
0.996372
0.965332
0.710569
0.949500
0.979275
0.617005
0.950131
1.102689
1.028049
0.827116
0.685908
0.726541
1.074071
1.165742
0.179289
0.571782
1.212006
0.960304
0.949400
0.776223
0.508809
0.710377
0.802600
0.643629
0.906859
0.688783
0.687323
0.666677
0.645563
0.551122
0.900082
0.726832
0.836918
0.774626
0.827742
0.757549
0.490020
0.774291
0.920281
0.769603
0.645269
0.694174
1.026215
0.771575
0.892219
0.285221
0.743627
0.640804
0.750166
1.195404
0.028844
0.631963
0.958580
0.822069
0.876992
0.912207
1.031810
1.057036
0.683016
0.873214
1.111531
0.036801
0.681331
0.934849
0.039226
0.866679
0.792949
0.658079
0.148548
1.219560
0.608970
0.838907
0.925789
0.604466
0.859571
0.094538
1.099737
0.746659
0.876234
0.804910
0.008961
0.610034
0.722376
0.893280
0.752408
0.721171
0.994252
0.774238
0.687357
0.886866
0.982257
0.901256
0.215724
0.825361
0.963878
0.741635
0.717189
0.947319
1.220612
0.529848
1.074644
0.960294
0.759685
0.794339
0.712409
1.011995
0.859507
0.827875
0.749406
1.233741
0.859898
0.708391
0.755266
0.850454
0.799455
0.877588
0.793951
0.880420
1.212907
0.775849
0.742848
0.920912
0.660094
0.048911
1.203886
0.801486
0.891753
0.712192
1.027599
0.863643
0.828312
1.206308
0.808504
0.527269
0.937257
0.386038
1.137179
0.663936
0.700056
0.842239
1.017203
0.821334
0.616898
1.201667
0.211404
0.927868
0.828248
0.608644
1.123995
0.843430
1.048905
0.693330
0.016818
0.754150
0.828862
0.810319
0.909162
0.982194
0.683913
1.160873
1.111837
0.915405
0.769137
1.073387
1.088857
1.029622
0.518669
0.908050
0.078406
0.782968
0.844739
0.747184
0.756435
0.727296
0.883335
0.807209
1.039834
0.692259
0.675221
0.152363
1.213632
0.651203
0.749179
0.789231
0.820894
1.158508
1.197319
0.629513
0.760403
1.176763
0.755477
1.194871
0.020750
0.926205
0.902744
0.598353
0.899867
0.842208
0.218022
1.001835
0.907432
0.686669
0.938257
0.580239
0.015626
0.556826
0.886860
1.107438
0.756178
0.090295
0.940356
0.587126
0.909456
0.809937
0.771083
0.646804
0.884100
0.724068
0.022013
0.884704
1.034342
0.664718
0.940866
0.888212
0.859481
0.597052
0.627257
0.899502
0.995041
0.822668
0.021107
1.075687
0.765210
0.697826
0.576453
1.031657
0.809722
0.157101
0.830138
0.968958
0.943970
0.837382
0.811479
0.894847
0.883158
0.814253
0.179234
0.844466
0.857168
0.901640
0.037738
0.654340
0.846588
0.550008
0.628390
0.721509
0.976518
0.795786
0.203589
0.887784
0.653909
0.751296
0.968426
1.094018
0.733702
0.574968
1.181651
0.824028
0.806147
0.159906
0.771733
0.853511
0.933049
0.811334
0.696067
0.779639
0.641846
0.935426
0.754721
0.682350
1.056063
0.076262
0.621247
0.958877
0.772145
0.562273
0.659362
0.891469
0.988488
0.731303
0.903709
1.186150
0.637288
0.038293
0.738642
0.622485
0.675155
0.879494
1.171145
0.892318
0.817052
0.836974
0.937869
0.795968
0.755330
0.960388
0.716438
1.025730
0.800638
0.926748
1.145481
0.101774
0.947813
1.109210
1.137824
1.113084
0.948418
0.818288
0.878620
0.554082
0.030302
1.212485
0.928981
0.624146
0.718685
0.714532
0.685386
0.786937
0.044481
0.431263
1.149630
0.669041
0.876722
1.202919
1.187324
0.807229
0.746302
0.808099
0.661755
0.662490
0.084639
0.977449
0.764888
0.640734
0.704207
0.725731
0.985810
1.037430
0.885126
0.908210
1.036002
0.735388
0.837994
0.465388
0.711758
0.968384
0.742234
0.855415
0.805828
0.676355
0.611724
1.218561
0.433121
1.082968
0.075593
0.653499
0.551288
0.674495
1.002837
0.525444
1.164788
0.183001
0.864124
0.857192
0.944398
1.206131
0.822252
1.103167
0.827541
0.609406
0.819145
0.688493
0.636462
0.895627
1.184568
0.381843
0.620260
0.683718
0.827054
0.722483
0.708251
1.192572
0.700738
1.028105
0.662791
0.623826
0.752816
0.688407
0.818825
0.831686
0.771731
1.107552
0.677123
1.129341
0.746613
0.718327
0.738271
0.876176
0.754106
0.764293
1.229971
0.648336
0.722567
0.960779
1.026078
0.707007
0.797222
0.690816
1.224720
0.919603
0.036998
0.927346
0.881902
0.935364
0.691116
0.891349
1.000994
0.686525
0.730044
0.812769
0.706698
0.736578
0.869572
0.803251
0.263536
0.535504
0.886160
0.093348
0.798197
1.025888
0.465627
0.670662
0.679878
0.847709
0.861525
0.886009
0.927916
0.688728
0.670448
0.038385
0.778475
0.871128
0.881767
0.566776
1.203980
0.229407
0.702741
1.174350
0.442906
0.606279
0.796580
0.132080
0.766044
0.672525
0.714347
0.105535
0.839296
0.891207
0.839844
0.580248
0.860683
0.765521
0.765390
0.795918
0.626081
0.859018
0.915130
0.710033
1.074695
0.887282
0.915902
0.995483
0.871334
0.724867
0.973267
0.877627
1.140043
1.017624
0.637928
0.579763
0.754051
0.920192
0.437342
0.898862
0.929225
0.938418
0.676622
0.823037
1.160909
0.996905
0.992409
1.034220
0.138100
0.959003
1.219272
0.672723
0.967564
0.818090
0.637353
1.205226
0.882149
0.494364
0.996716
0.696555
0.869128
0.165147
0.719869
0.800708
0.868284
0.876691
1.033187
0.963197
0.713445
0.714472
0.703679
0.890961
0.685118
0.700446
0.795302
0.738670
0.995704
0.725406
0.917168
1.211937
1.052965
0.734283
0.648837
1.057208
0.706019
0.618974
1.060164
0.855287
0.516209
0.685166
0.816986
0.704841
0.646365
0.107562
0.722556
0.780426
0.654736
0.871504
0.882611
0.727513
0.993383
0.681076
0.881580
0.744917
0.744393
1.178634
0.744854
1.157468
0.638847
0.698918
0.792155
0.904151
0.951752
1.155677
1.076187
0.843217
0.625155
0.916765
0.754910
0.816941
0.779919
0.645408
0.913862
0.687908
0.626403
0.812196
0.815491
1.222117
0.662903
0.624532
0.976663
0.818137
0.941936
1.192675
0.169995
0.827895
0.714263
1.011348
1.019368
0.629615
0.812476
0.868180
0.950299
0.874912
0.704724
0.737484
0.763921
0.852926
0.558598
0.821956
0.882287
1.117483
0.715953
0.792329
0.995415
0.043761
0.743846
0.765924
0.589402
0.788552
1.018323
0.894537
0.968679
0.075826
0.752679
0.984676
0.103681
1.025812
0.996630
0.900766
0.969203
0.643117
0.705966
0.485613
0.686247
0.958761
0.662991
0.690083
0.765747
0.767618
0.268490
0.917595
0.877233
0.742002
0.891177
0.499995
0.812501
0.026399
0.605958
0.269967
0.844421
0.950325
0.733092
0.956916
0.963735
0.712752
1.225099
0.552864
1.128779
0.932544
0.819016
1.196420
0.938602
1.196568
1.009602
1.184786
0.642728
0.800645
1.174916
1.070285
1.027398
0.857952
1.009536
0.606434
0.063603
0.653408
0.489566
0.950034
0.784853
0.626612
0.827246
0.674523
0.935726
1.024919
0.748178
0.960844
1.217978
0.702093
1.019218
0.613329
0.963944
0.943644
0.526680
0.761083
0.649812
1.103382
0.684503
0.683096
1.157826
0.897322
1.030224
0.129695
0.705505
0.730605
0.711345
0.640999
0.832804
0.774972
0.691042
0.865185
0.738053
0.906672
0.845197
0.676346
0.134045
0.637191
0.121785
0.829145
0.816570
0.759360
0.029980
0.938031
0.047467
0.515714
0.709407
0.776310
0.640847
0.729292
0.810882
1.141092
0.511190
0.671793
0.834336
0.624223
0.802004
0.731321
0.359965
0.858855
0.695750
0.870163
0.786102
0.815645
0.899321
1.098849
0.790260
0.573357
0.730797
0.968471
0.910958
0.618299
0.788914
0.707381
0.117875
0.658506
0.745274
0.346004
0.916103
0.855725
0.874395
0.942330
0.111557
0.731715
0.843670
0.811283
0.569423
0.018480
0.726489
0.692977
0.838861
0.842318
0.893598
0.695080
0.826634
0.039515
0.710264
0.886850
0.953116
0.835022
1.087964
0.704376
0.728327
0.831251
0.721643
1.123835
0.847224
0.589133
0.683368
0.600613
0.585930
0.804557
0.963572
0.741610
0.194504
1.034130
1.025689
0.773077
1.213866
0.851472
0.831638
0.758823
0.968489
0.941124
0.689682
1.170456
1.090531
0.747467
0.884411
0.807715
0.256721
0.035199
0.640748
0.874002
1.114622
1.165678
0.805921
0.650483
0.712944
0.927685
0.607325
0.835149
0.578853
1.193390
0.922728
0.761315
0.754481
1.046711
0.958715
0.102032
0.705879
0.664029
0.815842
0.687763
0.703366
0.119542
0.076801
0.064377
0.975305
0.601736
0.787483
0.148424
0.852326
0.700250
0.636095
0.588454
0.950538
0.843252
0.826796
0.742071
0.904886
0.753738
0.934794
0.123321
0.895974
0.874014
0.674144
0.875347
1.010935
0.863570
0.931841
0.986809
0.201620
1.068464
0.928454
0.709368
0.811739
0.427231
1.156325
0.798221
1.061718
0.822241
0.959361
0.721237
0.783091
0.293371
1.058654
1.030822
0.262177
1.180298
0.440671
0.854563
0.378092
0.842325
0.818753
0.899460
1.066571
0.781758
0.628325
0.954112
1.180405
1.004860
0.740777
0.529400
1.204806
0.810473
1.225947
0.671911
1.217713
0.152227
0.781453
0.959542
0.723921
0.880377
0.668700
0.824052
0.949708
0.748936
0.481066
0.810985
0.738199
0.503580
1.118452
1.219629
0.872675
0.870629
0.902202
0.849741
0.710116
0.105579
0.814208
0.798065
0.761387
0.979858
0.726008
0.589137
1.040905
0.470271
0.464558
0.882611
0.899268
0.061468
0.724594
0.797279
0.681884
0.855573
0.759612
0.720586
1.202828
0.788863
0.740391
0.643653
0.904662
0.709959
1.076284
1.007488
0.929084
0.796410
0.894227
0.780039
0.943016
1.002887
0.494113
0.928874
0.092957
0.992316
0.955484
1.238147
0.969561
0.907086
0.787242
0.062315
0.816016
0.205785
0.739785
0.862417
0.706079
0.731881
0.800974
0.880026
0.766927
0.124452
0.908743
1.035035
0.414131
0.700368
0.904181
0.910791
0.869522
0.680165
0.741754
0.616442
0.949457
0.728472
0.807504
0.779427
0.922911
0.650696
0.876744
1.017840
0.724134
0.157370
0.732733
0.785477
0.842664
0.709752
0.870331
0.873921
0.731062
1.168618
0.787323
1.185369
0.593406
0.678745
0.042235
0.817359
0.935214
1.140898
0.867710
0.884737
0.616809
0.589572
0.132946
0.933100
0.786886
0.591940
0.842521
1.210253
0.927343
0.918416
0.741041
1.018181
0.695750
0.862604
0.140129
0.911754
0.033211
0.689168
0.699535
0.881118
0.008001
0.288954
0.951511
0.904649
0.016663
0.919832
0.608426
0.969177
0.968637
0.965145
0.789713
0.564677
0.749354
0.784266
0.596718
0.789736
1.134414
0.473399
0.704193
0.915848
0.857109
0.940961
0.663822
0.937650
1.193064
0.550928
0.899928
0.777309
0.739683
0.645824
0.773204
0.799780
0.817232
0.735386
0.846326
0.814754
1.054113
0.738048
0.712340
0.945956
0.701405
0.705685
0.730214
0.826572
0.854583
0.793901
0.936065
0.981536
1.182891
0.215893
0.902556
1.145723
0.706790
0.740685
0.689297
0.924357
0.868014
0.737956
0.839656
0.994865
0.848676
0.628475
0.894508
1.078652
0.733789
0.952142
1.116005
0.117469
0.564273
1.209746
0.683543
0.037012
0.964645
0.049202
0.532493
0.959988
0.652051
0.759235
0.654705
0.954622
0.771617
0.822923
0.040953
1.041941
0.824697
0.695799
0.670255
0.655171
1.200871
0.959270
0.430650
0.912282
0.957206
0.717678
0.705379
0.892542
0.810703
0.487090
0.713036
1.184116
0.715098
0.882506
0.903850
0.897442
0.162630
0.640489
0.750301
0.829049
0.960479
0.845904
0.682918
0.845165
1.046409
0.808632
1.125572
1.109469
0.738806
1.184490
0.923920
0.939521
0.788129
0.881486
0.653024
1.131086
0.741562
0.487685
0.780875
1.077145
0.919599
0.087279
0.903888
0.683399
0.740580
0.621516
0.774730
0.690498
0.827024
0.888817
0.651184
0.580912
0.908992
1.211794
1.060401
0.405827
0.094694
0.872352
0.833694
1.144171
0.960519
0.703294
0.752828
0.687595
0.823245
0.737471
0.674026
0.859114
0.777869
0.558772
0.987130
1.059677
0.924864
0.631327
0.423910
0.911386
0.458094
0.953945
0.824372
1.005342
0.017124
0.721332
0.759611
0.868261
0.070312
0.926749
0.849063
0.555602
1.012045
1.102427
0.804931
0.745920
0.838341
0.859440
0.916230
0.772152
0.567002
0.925922
0.767135
0.961355
0.929109
0.795987
1.024307
0.747337
0.143983
0.935666
0.853159
0.575356
0.895952
1.220517
0.394855
1.226091
0.871294
0.865988
1.198566
0.717793
0.922498
0.769806
0.765831
0.840846
0.818024
1.071409
1.016797
0.850326
1.048944
0.853200
0.804831
0.676163
0.589113
0.854397
0.921368
0.066469
0.836996
0.872913
0.473178
0.851826
0.619417
0.621074
0.963228
0.934997
1.038378
0.619052
0.781915
0.740345
0.557675
0.908508
0.750096
0.955037
0.646772
0.720481
0.950460
0.904881
0.810700
0.667332
0.725999
0.768467
0.805084
0.719953
0.619035
0.635909
0.763374
0.208538
0.781284
1.198278
1.198972
0.926837
0.767094
0.833598
0.840716
0.445838
0.682326
0.595752
0.816127
0.807157
1.196021
0.666137
0.759281
1.211251
0.911766
1.094628
0.806037
0.910076
0.740213
0.966549
0.679186
0.979579
1.045407
0.684552
0.753713
0.880262
0.982372
0.819237
0.870495
0.878374
0.872435
1.092348
0.815578
0.868897
0.812705
0.892090
0.728277
0.668965
0.696030
0.730703
1.083090
0.789515
0.885814
1.192519
0.876739
1.082794
0.988945
0.286598
0.663311
0.618578
0.221288
0.971904
0.910692
0.853672
0.961984
1.037701
0.028856
0.324677
0.738911
0.738712
0.745843
0.963464
0.557722
0.912591
1.015919
1.180843
1.074136
0.871494
0.676032
0.113039
0.641069
0.682098
0.734243
0.673803
0.838121
0.580143
0.929578
0.765079
0.949513
0.685769
0.703044
0.123746
0.655234
0.854380
0.829239
0.816467
0.747452
0.850799
0.883366
0.893807
0.844003
1.163768
1.188896
0.701749
0.579774
1.130051
0.690472
0.325144
0.826370
0.791822
0.891546
0.983356
0.902104
0.878729
0.653496
0.993099
0.222221
1.083807
0.842571
0.656266
0.758548
0.938465
0.731304
0.836472
1.184622
0.640889
0.771439
0.751015
0.817809
0.814156
0.712991
1.098579
0.969322
0.812192
0.721936
0.940166
0.939075
0.936115
0.797786
1.027216
0.864421
0.758138
0.880854
0.702932
0.665131
0.715453
0.681788
0.825181
0.978927
0.063119
1.042856
0.956723
0.773663
1.047340
0.600702
0.909555
0.908724
0.588952
0.679356
1.030267
0.664942
0.903052
0.946694
0.798281
0.635767
1.210448
0.712115
0.684004
0.829974
0.371310
0.734805
1.016534
0.670597
0.985292
0.778727
0.738323
1.212696
0.679614
0.726755
0.707440
0.921109
0.956156
0.591604
0.777752
0.865649
0.731566
1.011384
0.410724
0.612233
0.033721
0.914672
0.618777
1.103564
0.634722
0.840399
0.822311
0.484779
0.884856
0.549081
0.703057
0.724874
0.906829
0.044449
0.772326
0.796617
0.887763
0.843967
0.065163
0.441735
1.026291
0.771531
0.892427
0.844995
0.936678
0.724863
0.646376
0.677297
0.909867
1.182347
1.218989
0.762095
0.708846
0.925486
0.895963
0.675462
0.762351
0.952949
1.203696
0.151611
0.940214
0.549507
0.790942
0.647672
0.553429
0.783761
0.774396
1.044879
1.090758
0.838852
0.958982
0.814396
0.684487
0.951839
0.987776
0.802082
0.920603
0.947491
0.860333
0.704644
0.872982
0.840698
0.643710
0.097792
0.482534
0.311149
0.737080
1.010497
0.781772
1.069223
1.232118
0.756167
0.574785
1.009086
0.705928
0.914043
0.766389
0.673103
0.796793
0.627329
1.171538
0.827802
0.817298
0.916820
1.082995
0.487133
1.017570
0.892898
0.028102
1.223669
0.872582
0.899356
0.709958
0.982629
0.942999
0.873464
0.084192
0.762541
0.830876
0.915298
0.972983
0.419010
0.940934
0.780740
1.139424
0.123805
0.721230
1.133512
0.908212
0.922845
0.851237
0.769075
0.882252
0.786158
0.855334
0.778797
1.032748
0.812347
0.886362
0.909800
0.858257
0.523988
1.007453
0.916513
0.433671
0.738129
0.760605
1.043496
0.959856
0.034651
0.605197
0.926208
0.874832
1.081180
0.802694
0.766937
0.754084
0.749242
0.756411
0.925504
0.431795
0.261823
0.377581
0.321611
0.844019
0.847685
0.641262
0.967452
1.200978
0.024871
0.592923
0.885742
1.141768
0.650236
0.637012
0.875234
0.787666
0.535731
1.006319
0.110851
0.447526
0.880705
0.419508
1.012173
0.549609
0.594705
0.684764
0.842028
1.136712
0.893647
0.955849
0.634813
0.060550
1.032921
1.036524
1.099430
0.102278
1.051780
0.650205
0.741233
0.719719
0.648311
0.651172
0.779595
0.958546
0.874413
0.866858
0.748042
0.861125
0.899034
0.975734
0.812557
0.751449
0.743961
0.714728
0.746308
0.781708
0.666929
0.582592
1.081629
0.903823
0.217010
0.942232
0.678101
0.816417
0.668273
0.865269
0.999067
1.039919
1.072959
0.810603
1.163089
0.607831
0.723374
0.968646
1.113396
0.053314
1.195488
0.863015
0.865298
0.697564
0.193461
0.849613
1.183690
0.758419
0.697431
1.049658
0.668705
1.052378
0.056728
0.912065
0.844376
0.906990
1.039981
1.076233
0.714595
0.654269
0.751008
0.989785
0.840773
0.965975
0.929340
0.071278
0.775077
0.608854
0.409873
0.825700
0.186012
0.911204
0.100337
0.862795
1.212760
0.686852
0.773088
0.916173
0.948408
0.787535
0.779572
1.044779
0.870500
0.633633
0.304628
0.931221
0.991551
1.173759
0.761923
0.543340
1.172430
0.865680
0.662955
1.046610
0.656281
0.340120
0.874449
0.789077
0.113560
0.844431
0.678322
0.598742
1.052583
1.104254
0.142937
1.195418
0.925280
0.921355
0.830493
0.860890
1.171576
1.160714
1.051464
0.770244
0.952547
0.776434
1.015025
0.860746
0.074795
1.094421
0.917993
1.004753
0.903179
0.344858
0.936563
0.932634
0.812136
0.794068
0.793981
0.952678
1.016331
0.883123
0.192518
