1.155927
1.100417
1.640070
1.856905
0.417033
0.051255
0.880460
1.581740
1.692083
0.946806
1.405435
1.765147
1.608986
2.111325
1.202558
0.172225
1.225969
0.799396
1.582156
0.731733
2.119092
0.059067
1.671051
1.979354
1.065480
1.606959
1.640815
1.887776
1.291061
1.436569
0.736381
1.150200
1.593940
2.158430
1.388236
1.671919
1.043256
1.517341
1.544994
0.898345
0.855352
1.249104
1.154088
1.244074
1.497972
0.788543
1.602975
1.403682
0.918231
1.947815
1.954975
1.422845
0.544356
1.319454
1.297402
0.883791
1.393892
1.132080
1.135985
0.873185
0.979707
0.162166
2.072861
1.242188
1.366530
1.388239
1.397421
1.499638
0.074959
0.115142
1.427070
0.077842
1.851757
2.127876
1.220191
1.007437
1.660820
1.073659
1.240563
1.457660
2.052108
1.718208
2.055846
0.852332
1.060083
1.331947
0.968963
1.320064
1.356365
1.444515
0.926290
2.093171
1.003660
1.367165
0.984304
1.141212
1.504199
1.357658
2.030189
0.729037
0.742154
1.086247
0.525488
0.879055
1.322814
0.904934
0.940534
1.442167
1.128577
1.564619
1.914396
0.403412
1.515466
1.245535
1.108219
2.081982
1.630653
0.955766
1.559350
1.361496
1.058595
1.380748
1.559337
0.746897
0.794116
1.895840
1.478733
1.575246
0.999484
1.632469
0.844258
1.392306
1.376718
1.130573
0.107278
1.466133
0.980297
1.311514
1.398667
1.258631
1.285377
1.250811
1.425845
1.476095
1.187871
1.147824
1.508773
1.248863
1.073226
1.392042
1.746082
1.024820
1.146363
1.023264
1.007658
0.510085
1.214547
1.268435
1.206038
0.985302
1.321774
0.781478
1.427628
1.023940
1.095801
1.348384
1.273305
0.862690
1.112471
1.277131
1.166694
0.988030
1.150800
0.054045
1.436728
1.070565
1.028428
0.877633
1.251911
2.017743
1.322293
0.864749
0.672363
0.048534
1.613514
1.516232
1.361653
1.044654
1.371910
0.901592
1.668465
1.060706
1.771522
1.264830
1.160197
1.115347
1.451075
1.112466
1.270967
1.079100
0.101521
1.263017
1.875995
1.329232
1.232934
1.777712
1.500094
1.339186
0.915686
1.323696
1.435844
0.696893
1.185403
1.509822
0.981436
1.395629
1.443079
1.599713
1.187845
1.184593
1.618440
0.381417
0.266654
1.249752
1.610015
1.449129
1.150348
0.761088
1.240092
0.716065
1.262468
1.007530
0.994522
0.540763
1.751744
0.803413
0.967174
1.765597
1.157617
1.219680
0.807749
1.131140
1.401355
1.451530
1.209025
1.651884
1.295101
0.716046
0.921835
1.214366
0.828191
0.066403
1.625672
0.057521
0.014700
1.085398
1.072522
1.367336
0.900193
0.966716
0.986364
0.921035
1.299053
1.084663
0.935450
1.389037
1.044260
0.989338
0.423744
1.118863
0.680766
1.041223
1.224381
0.823944
0.788418
0.730260
1.013459
1.645322
1.271560
1.131247
0.161499
0.734984
1.162257
1.057006
0.520976
1.585952
0.741468
0.930446
0.017871
1.197957
1.103857
0.022969
1.014433
0.817801
1.179769
0.560363
0.908351
1.080228
1.201447
1.068431
0.644121
0.037698
1.033991
0.981330
0.995819
1.207799
0.925535
1.077406
1.244303
1.028161
0.478783
1.150548
0.205533
0.910088
0.892980
0.883305
0.750064
0.890140
0.821311
0.806113
0.948992
1.102940
0.858773
0.988193
1.002614
1.287826
0.151259
0.172694
0.711221
0.933274
1.021405
0.828501
0.986617
1.279333
1.126740
1.131488
0.824931
0.966636
0.753944
0.705478
0.640785
0.877316
0.821958
0.943472
0.718328
0.899113
0.747429
1.195038
1.115372
1.095431
0.925318
1.201658
1.256519
0.754789
0.707265
0.927506
1.208971
0.993904
0.020016
1.011198
1.116908
1.105019
0.019854
1.128816
1.167136
0.709944
1.237076
0.878817
0.875549
0.860932
1.097400
0.854529
0.855402
0.777445
1.252397
1.120681
1.298147
1.039771
1.104649
1.279019
1.213073
0.894811
0.119919
0.762236
0.057859
0.716494
0.925271
1.048752
0.672600
0.594498
1.264302
0.788390
0.832728
0.738559
0.518645
0.236221
0.328051
0.952394
0.647126
1.122033
0.827761
0.638002
0.931250
0.898120
0.745972
0.508267
0.840103
1.075959
0.802922
1.050266
1.067485
0.835162
0.692164
0.099280
1.051062
0.848077
0.771072
0.994575
0.807109
0.977613
1.178320
0.867571
0.979007
1.031062
1.010658
0.872178
1.022734
1.018342
0.087191
0.855402
0.712730
0.689146
1.081321
0.961683
0.691831
0.669005
0.583942
1.031244
0.946299
0.774490
0.674744
0.626352
0.901588
0.930489
0.909499
0.853951
0.884843
0.750206
0.774469
0.712523
0.885600
0.969923
0.965512
0.900443
1.038764
0.925865
0.732856
0.698011
1.013646
1.046862
0.727734
0.791736
0.743032
0.945495
1.001389
0.737078
0.286238
0.929982
0.783932
0.732811
1.024140
0.802870
0.853141
0.865271
0.999028
0.820091
0.736935
1.168473
0.923328
0.871859
0.653770
0.936933
0.670123
0.706888
0.639801
0.418108
0.708939
0.841331
0.699771
0.879817
0.832475
0.073810
0.747815
0.099078
0.973688
0.755520
0.712887
0.821876
0.749467
1.162358
0.998179
0.776874
0.868382
0.677992
0.123948
0.920681
0.677416
0.909498
0.650979
1.070624
0.661096
1.018050
0.085774
1.166022
0.534296
0.142743
0.884707
1.034140
1.032218
0.998315
0.828695
0.768770
1.006015
0.773309
0.750942
1.158240
0.643674
0.642215
0.686932
0.708973
0.962779
0.630694
0.804167
0.967046
0.460216
0.961209
0.989112
1.014110
1.097226
0.872054
0.814906
0.413224
0.137788
0.789645
1.015713
0.892879
0.013289
0.695007
0.733039
1.166948
0.841299
0.639332
0.754362
1.148254
0.587268
1.034406
0.944851
0.931341
0.822254
0.797522
0.836113
0.873348
0.920318
0.948300
0.629222
1.117238
0.822962
0.667325
0.673140
0.537117
0.204286
0.989685
0.956923
0.908981
1.023879
0.883060
0.447640
0.567492
0.829073
0.009607
0.780384
0.666676
0.150895
1.067798
0.779306
0.715406
0.993859
0.823235
0.856417
0.949925
0.671446
0.738306
1.129851
0.752210
0.228922
0.885384
0.652545
1.049024
1.114838
1.043737
0.762538
0.884243
0.851789
0.749051
0.793729
1.075120
0.884826
0.896078
0.870725
0.012098
0.729538
0.692525
0.874654
0.828097
0.935345
0.958145
0.860304
1.089404
1.071282
0.765636
0.725166
1.019799
0.842879
0.793364
0.718778
0.621364
0.693942
1.093660
1.090601
0.931346
0.857674
0.794673
0.552496
0.778637
0.730331
1.019544
0.915335
1.091464
0.958001
0.728637
0.938704
0.780110
0.776063
0.778097
0.704129
0.721145
0.853054
1.078686
0.894358
0.861431
1.031672
1.130334
0.812437
1.155109
0.770218
0.790422
0.936222
0.159594
1.142711
1.125303
1.177367
0.899526
0.490732
0.775059
0.647934
0.986644
0.635053
1.098277
1.142827
0.671806
0.845421
0.645849
0.633649
1.091126
1.163092
0.839182
1.034238
0.877707
0.820592
0.999516
0.732530
0.243153
0.850413
0.732499
0.734530
0.764446
0.881663
0.711200
0.910317
0.698262
0.761654
0.647990
0.803628
0.905285
1.107722
0.762181
0.867811
0.944807
0.749363
0.649980
0.974341
0.969887
0.384671
0.857001
0.582997
0.930405
0.846661
0.907192
0.906069
0.689176
0.684435
0.806253
0.932055
1.061140
1.140895
0.796898
0.050777
0.401625
0.786218
0.726517
0.775102
0.682651
0.698071
0.826910
0.638493
0.623253
0.786097
0.913948
0.710830
0.985212
1.008403
1.073540
1.130955
0.922237
0.741499
0.851969
0.948305
0.457739
0.182393
0.849960
0.936026
0.032850
0.824354
1.099697
1.093269
1.061436
1.092938
0.073024
0.896108
0.745203
0.082566
0.047832
0.962237
0.865276
0.819081
0.942036
0.845964
0.771319
0.480969
0.641271
1.011207
0.618562
1.016760
1.075203
0.752528
1.014763
0.938735
0.792758
0.740542
0.375719
0.438592
0.912137
0.645223
0.596907
0.939161
0.812422
0.416194
0.938325
0.573750
0.969821
0.834511
1.092978
0.787447
0.693607
0.604810
0.865345
0.813270
1.062947
0.808580
0.792982
0.749454
0.923177
0.872103
0.602198
0.999274
0.727140
1.063702
0.781887
1.080593
0.818577
0.841862
0.880759
1.101245
0.563894
1.081532
0.792612
0.703485
0.769148
0.961034
0.834709
0.185874
0.669791
0.822813
0.659420
0.774871
0.658176
0.867708
0.809887
0.978483
0.892211
0.779436
0.452866
0.593898
0.857815
0.796574
0.745152
1.082236
0.128525
0.789567
0.864327
0.138266
0.873319
1.022149
0.832312
0.908054
0.746137
0.710369
0.641789
0.957887
0.689243
0.085587
0.767707
1.065976
0.641998
0.740695
1.062128
0.687209
0.760106
0.747358
0.739131
0.700904
0.985450
0.906743
1.051796
0.756593
0.765336
0.760689
1.060489
0.645095
0.841848
0.835482
0.730121
0.726439
0.950539
0.966577
0.506539
0.688750
0.109049
0.780228
0.819054
0.414977
0.772287
0.641718
0.717119
0.927738
0.745464
0.625684
0.932731
0.773272
0.696045
0.629649
0.773148
0.964733
0.837530
0.338603
0.041106
0.117711
1.048404
0.699889
1.029049
0.754663
0.744145
0.702111
0.900825
0.524995
0.634966
0.919258
0.781052
0.694466
0.828546
0.586891
1.061845
0.921263
0.611651
0.138655
0.848888
1.050588
0.850630
0.886082
0.780519
0.665236
0.676032
0.817554
1.016291
0.868228
0.657022
0.748121
0.729476
1.019964
0.882267
0.782314
0.387639
0.564204
1.045175
0.778366
0.113207
1.068917
0.779174
0.567606
0.771744
1.015165
0.680557
0.574100
0.713686
0.848894
0.587680
0.487314
0.760337
0.755158
0.817823
0.536586
0.593893
0.682627
0.791424
0.597955
0.552633
0.472255
0.810366
0.748094
0.490970
0.781078
0.756683
1.023321
0.651797
0.972338
0.490451
0.081993
0.839607
0.090816
0.814764
0.543835
0.036183
0.651424
0.786562
0.554556
0.660534
0.607342
0.486897
0.665417
0.054260
0.068421
0.911769
0.785838
0.613765
0.723608
0.905003
0.456722
0.762781
0.698237
0.777624
0.729770
1.041692
0.809401
0.684324
0.840865
0.823318
0.808721
0.681594
0.764593
0.743201
0.810782
0.775237
0.576265
0.640353
0.546647
0.568566
0.029627
0.716387
0.751660
0.587056
0.229836
0.644192
0.665236
0.678741
0.558177
0.909191
0.850547
1.048879
0.097909
0.941722
0.562773
0.657841
0.749054
0.697981
0.891439
0.680332
0.663679
1.044454
0.742692
0.575892
0.823984
0.779470
0.866282
0.761053
0.887118
0.621968
0.801013
0.655672
0.831814
0.061452
0.696239
0.434724
0.812699
0.764493
0.696534
0.664799
0.620728
0.882479
0.677186
0.875822
0.621267
1.008467
0.703350
0.787294
0.434692
0.655641
0.818866
0.958160
0.781705
0.701949
0.163839
0.801138
0.637127
0.758470
0.652080
0.649843
0.699301
0.786220
0.706764
0.422951
0.488768
0.799732
0.981885
0.805172
0.769262
0.623216
0.552581
0.669475
0.590143
0.727877
0.608344
0.614713
0.682372
0.711620
0.752223
0.671443
0.814452
0.739043
0.713254
0.607844
0.915563
0.601695
0.104424
0.882031
0.587106
1.052726
0.742213
0.801360
0.857047
0.635524
0.058160
0.056064
0.774417
0.747402
1.073406
0.805382
0.746142
0.593095
0.425251
0.610530
0.723722
0.418127
0.833190
0.770782
0.791913
0.699872
0.573237
0.377399
0.757493
0.751554
0.801121
0.698265
0.833116
0.661021
0.759889
0.824118
0.286403
0.840557
0.716639
0.742417
0.712890
0.701006
0.815472
0.726307
0.747191
0.567493
0.739817
0.673042
1.022351
0.733398
0.613533
0.545517
0.808346
0.804370
0.634640
0.915004
0.736980
0.793112
0.655556
0.922521
0.534758
1.029405
0.606797
0.015312
0.804305
0.045747
1.007302
0.594889
0.565943
0.908105
0.481905
0.805369
0.659662
0.692900
0.889451
0.847639
0.699583
0.669597
0.540047
0.522390
0.450148
0.440047
0.757870
0.567057
0.822144
0.854146
0.520140
0.702077
0.688346
1.004696
0.631810
0.076515
0.897869
0.536249
0.950274
0.611731
0.727867
0.753700
0.755498
0.781741
0.734029
0.820587
0.233226
0.642249
0.732260
0.684605
0.376875
0.693934
0.542055
0.660549
0.691028
0.869495
0.593562
0.535250
0.698391
0.635636
1.046034
0.639877
0.022232
0.849503
0.694215
0.967699
0.863357
0.664938
0.871654
0.768347
1.016928
0.351010
1.015381
0.843392
0.840224
1.025007
0.983185
0.751216
0.632431
0.764035
0.620862
0.705695
0.502542
0.877341
0.803350
0.550670
0.639338
0.038938
0.784068
1.023272
0.503768
0.628981
0.707720
0.108797
0.904725
0.777818
0.995121
0.402630
0.778089
0.543738
0.819867
0.901608
0.098298
0.751712
0.711926
0.924977
0.615754
0.864450
0.632804
1.047631
0.807318
0.799989
0.796408
0.074621
0.728136
0.638394
0.704993
0.552340
0.345256
0.565258
0.571989
0.745931
0.911585
0.046149
0.903452
0.899550
0.676948
0.723203
0.832076
0.667402
0.620309
0.628087
0.981777
0.887286
0.545472
0.027162
1.005335
0.607635
0.742792
0.785593
0.522951
0.791262
0.524140
0.370270
0.614265
0.124696
0.596008
0.635881
0.889931
0.600463
1.038701
0.561858
0.077886
0.541549
0.493649
0.543533
0.782657
0.857559
0.612109
0.870726
0.720343
0.675447
0.043991
0.197394
0.764604
0.938381
0.659671
0.655021
0.955108
0.815103
0.605868
0.524174
0.764964
0.483475
0.912488
0.767972
0.880302
0.768789
0.859444
0.016294
0.628059
0.753722
0.058996
0.798914
0.715121
0.645418
0.718590
0.644465
0.024243
1.029838
0.499371
0.554068
0.612670
0.733588
1.027535
0.655270
0.694688
0.678298
0.785002
0.990906
0.834573
0.013102
0.687579
0.418036
0.698241
0.606304
0.892521
1.056590
0.592583
0.630615
0.625058
0.834357
0.793491
0.009201
0.843760
0.817412
0.634466
0.724571
0.790352
1.069093
0.670445
0.063871
0.061165
0.865225
0.755622
0.062361
0.855925
0.829155
1.019032
0.621368
0.773641
0.753585
0.615072
0.072170
0.192415
0.926713
0.778931
1.026927
0.375540
0.729967
0.772676
0.839172
0.681456
1.039247
0.757719
0.829565
0.827054
0.662826
0.512479
0.638611
0.745438
0.747035
0.739408
0.634257
0.412187
0.043678
1.025002
1.051014
0.698872
0.923751
0.903590
0.606262
0.392176
0.799046
0.865571
0.813471
0.807565
0.714840
0.851073
0.711360
0.791842
0.617832
0.787369
0.759072
0.655268
0.575027
0.830351
0.674069
0.732967
0.128175
0.051105
0.558998
0.443991
0.581710
0.748111
0.620897
0.424993
0.681105
0.808856
0.651733
0.945504
0.914029
0.615407
0.407363
0.603915
0.685132
0.521144
0.858728
0.736790
0.552200
0.667963
0.603172
0.619785
0.536829
0.665307
0.391767
0.638781
0.640023
0.641604
0.898778
0.709687
0.911710
0.914260
0.898008
0.563714
0.826911
0.618421
0.539590
0.731197
0.982695
0.523223
0.601999
1.021013
0.786648
0.706006
0.049738
1.012975
0.510555
0.325075
0.769345
0.949629
0.612517
0.754002
0.677573
0.103620
0.869481
0.671410
0.795168
0.810100
0.496121
0.026210
0.581226
0.392643
0.949079
0.059130
0.709122
0.943129
0.722790
0.815004
0.634299
0.846989
0.638939
0.649234
0.752541
0.100811
0.182114
0.768233
0.609908
0.739262
0.870523
0.734183
0.812113
0.676686
0.641598
0.573671
0.328326
0.668592
0.850405
0.208573
0.723004
0.723349
0.565472
0.620973
0.673077
0.620790
0.752313
1.036330
0.657601
0.445444
0.645337
0.630067
0.985350
0.573635
0.929106
0.732944
0.419350
0.545995
0.530563
1.044143
0.678568
0.792986
0.628450
0.710784
0.721782
0.675555
0.028297
0.083686
0.092770
0.696100
0.755911
0.740538
0.356189
0.767930
0.555845
0.802206
0.722908
0.545988
0.710493
0.903960
0.646481
0.797350
0.907876
0.548986
0.382546
0.849846
0.796877
0.738455
0.891911
0.913208
0.456058
0.773613
0.611322
0.630328
0.841500
0.777801
0.608253
0.956669
0.692069
0.693138
0.672250
0.239776
0.686055
0.027459
0.385855
0.571192
0.816371
0.048193
0.606830
0.589705
0.692073
0.794874
0.689044
0.632224
0.836008
0.954631
0.766317
0.673440
0.538473
0.707995
0.824732
0.586662
0.833418
1.012321
0.762913
0.852119
0.741604
0.710700
0.558884
0.843465
0.731816
0.755734
0.695707
0.609229
0.780023
1.027975
0.918926
0.559326
0.852680
0.686519
0.779671
0.603531
0.769394
0.480949
0.536187
0.648768
0.165264
0.779895
0.642210
0.676583
0.570141
0.744053
0.477911
0.730889
0.877959
0.582585
0.504309
0.747798
0.656275
0.834687
0.861407
0.826726
0.853322
0.690054
0.774085
0.408920
0.623267
0.656324
0.024365
0.832636
0.561392
0.812285
0.679843
0.815095
0.642369
0.330017
0.907226
0.486502
0.755145
0.913406
0.854490
0.880738
0.080920
0.101889
0.875318
0.685877
0.580393
0.918201
0.156748
0.631461
0.678178
0.711126
0.660902
0.599373
0.168666
0.348983
1.043378
0.594468
0.727873
0.648078
0.600486
0.690817
0.504118
0.695618
0.067819
0.080570
0.750440
0.621808
0.633592
0.784898
0.748753
0.831851
0.661789
0.887238
0.764134
0.655838
0.592090
0.559115
0.658351
0.860456
0.517016
0.890243
0.649726
0.788096
0.686925
0.738552
0.676840
0.515570
0.506212
0.660786
0.653945
0.693193
0.768153
0.433477
0.913564
0.031267
0.820205
0.891960
0.844747
0.742999
0.892217
0.627601
0.553445
0.801597
0.794968
0.748606
0.447744
0.796754
0.720951
0.712377
0.578183
0.573451
0.672910
0.649107
0.567736
0.728645
0.567790
0.771784
0.891212
0.554602
0.637142
0.684277
0.710577
0.303921
0.772313
0.799676
0.828812
0.669129
0.621587
0.743621
0.720282
0.746636
1.026301
0.687046
0.565144
0.671405
0.795774
0.552381
0.487787
0.867741
0.521201
0.913053
0.795457
0.755505
0.701804
0.609345
0.692777
0.724298
0.577513
0.627746
0.646946
0.772492
0.526971
0.803789
0.702946
0.808802
0.876006
0.131465
0.817884
0.799174
0.516163
0.840932
0.656485
0.049409
0.805999
0.808391
0.935340
0.618885
0.639763
0.579386
0.661955
0.548867
0.681531
0.546569
0.729688
0.715241
0.932728
0.594332
0.087530
0.719073
0.824019
0.826003
0.614011
0.674582
0.722180
0.639232
0.069716
0.609257
0.662744
0.666701
0.573750
0.654166
0.604760
0.728945
0.860529
0.818938
0.676928
0.676143
0.554229
0.991671
0.829345
0.807436
0.597793
0.606545
0.461110
0.774561
0.853978
0.872867
0.700504
0.712595
0.654909
0.406435
0.628587
0.745815
0.750121
1.013051
0.993128
0.677188
0.667485
0.572177
1.014008
0.638559
0.806801
0.640959
1.008897
0.531934
0.578530
0.189200
0.639109
0.825906
0.495365
0.590553
0.709222
0.746566
0.913800
0.511568
0.785706
0.568011
0.997566
0.835375
0.768089
0.623794
0.507112
0.788201
0.634695
0.773896
0.679701
0.649712
0.013250
0.806400
1.053979
0.812733
0.570248
0.712646
0.787200
0.764905
0.133334
0.761857
0.580923
0.519337
0.711864
0.797768
0.703320
0.341438
0.690952
0.227977
0.030064
0.727621
0.080313
0.692825
0.819230
1.019174
0.740032
0.800567
0.026859
1.021540
0.747139
0.742323
0.735374
0.688058
0.746759
1.031026
0.594198
0.766618
0.790823
1.048225
0.716513
0.633956
0.890918
0.781670
1.029952
0.677943
0.008968
0.684231
0.247226
0.880981
0.700546
0.654096
0.970915
0.669656
0.666268
0.685064
0.596390
0.605107
0.649637
0.796665
0.434582
0.900351
0.797022
0.682467
0.765802
0.637700
0.617144
0.593898
0.855800
0.779842
0.574181
0.703235
0.540228
0.926019
0.677565
0.077129
0.732562
0.752588
0.671044
0.484593
1.000891
0.815273
0.718900
0.603982
0.082903
0.940423
0.795012
0.710402
0.795851
0.934822
0.571512
0.858704
0.733707
0.557330
0.836207
0.813756
0.053655
1.032205
0.617128
0.711631
0.730826
0.518009
0.574056
0.819509
0.641319
0.066277
0.092099
0.776191
0.606716
0.584117
0.906365
0.442663
0.769374
0.675080
0.763442
0.715897
0.115889
0.632067
0.768597
0.977924
0.521556
0.513967
0.720793
0.633062
0.807895
1.010245
0.052650
0.856237
0.859157
0.519082
0.606449
0.585176
0.647168
0.694591
0.749476
0.646880
0.535582
0.095250
0.800416
0.333405
0.688272
0.605660
0.763200
0.225279
0.797608
0.852133
0.075226
0.553913
0.753836
0.080382
0.714749
0.532822
0.817922
0.913631
0.672802
0.949383
0.468195
0.651754
0.876225
0.982637
0.721507
0.644550
0.689399
1.004873
0.878057
0.952977
0.813191
0.333882
0.658571
0.685139
0.781450
0.701463
0.665224
0.582063
0.717631
0.990066
0.736847
0.834659
0.556406
0.688227
0.046512
0.827087
0.557812
0.870131
0.318812
0.750547
0.804700
0.743657
0.047553
0.686653
0.063184
0.764592
0.886085
0.759002
1.017452
0.707445
0.853936
0.744558
0.162165
0.597347
0.747307
1.013035
0.990789
0.896441
0.857721
0.648515
0.734555
0.670030
0.665873
0.503654
0.681649
0.705384
0.754736
0.717983
0.907142
0.678451
1.003280
0.110086
0.631100
0.666069
0.772025
0.888672
0.804211
0.849943
0.665015
0.297209
0.840716
1.038041
0.531235
0.536720
0.758312
0.944756
0.850171
0.562259
0.825544
0.972403
0.713510
0.937072
0.151575
0.702178
0.680156
0.730900
0.910168
0.748999
0.636063
1.049145
0.745453
0.711454
0.026483
0.564055
0.776996
0.478208
0.770678
1.004056
0.786378
0.799290
0.950264
0.753007
0.785423
0.898228
0.582100
0.583293
0.902980
0.845801
1.032803
0.692242
0.911954
0.871732
0.681130
0.760260
0.839471
0.688378
0.713975
0.735979
0.991563
0.136476
0.631220
0.830282
0.638349
0.894404
0.067891
0.731718
0.639028
0.726983
0.685023
0.845934
0.905279
0.853593
0.641365
0.709191
1.029095
0.678373
0.788300
0.629708
1.044022
0.673052
0.633749
0.845854
0.671155
0.670085
1.015739
0.631241
0.601261
0.733313
0.586195
0.753000
0.736666
0.990938
0.960247
0.629172
0.624434
0.747146
0.642410
0.632765
0.747711
0.554495
0.646512
0.771924
0.656910
0.755532
0.440738
0.735067
0.554622
0.714470
1.022100
0.694752
0.709957
0.825009
0.934004
0.249891
0.863203
0.518688
0.724904
0.805236
0.875578
0.701018
0.672630
0.573650
0.973688
0.765196
0.589303
0.352757
0.873725
0.854352
0.618298
0.585931
0.185562
0.681942
0.099074
0.665413
0.678446
0.626461
0.577061
0.975296
0.782286
0.013169
1.022909
0.719785
0.717027
0.486045
0.626074
0.871217
0.676573
0.578193
0.502874
0.884714
0.701159
0.721386
0.780773
0.972721
0.866098
0.558086
0.762943
0.910216
1.026765
0.715063
0.808929
0.685733
1.012367
0.954962
0.866302
0.032821
0.717135
0.329993
0.658853
0.715526
0.629020
0.624164
0.589313
0.716586
0.709007
0.051059
0.779610
0.623234
0.732882
0.960161
0.604251
0.677981
0.996642
0.622849
0.637637
0.669893
0.795110
0.578719
0.643280
0.782614
0.028605
0.644149
0.036700
0.070488
0.794254
0.845465
0.790997
0.822674
0.460843
0.803634
1.041448
0.758234
0.575487
0.769105
0.622516
0.660353
1.036916
0.547496
0.642966
0.344486
0.478723
0.920798
0.748932
0.865923
0.435520
0.643591
0.690393
0.737631
0.759093
0.614322
1.010159
0.865168
0.752126
0.844572
0.987238
0.475096
0.876989
0.547853
0.620011
0.628402
0.699593
0.761579
0.758289
0.573923
0.613469
0.828834
0.675735
0.863008
0.769839
0.682432
0.648284
0.751215
1.013565
0.688230
0.694550
0.738889
0.715732
0.717782
0.837526
1.066807
0.578827
0.574644
0.714312
0.743929
0.836932
0.474619
0.715530
0.700056
0.599975
0.590894
0.767851
0.712724
0.595715
0.652205
0.212431
0.985386
0.554038
0.972401
0.661585
0.871071
0.729649
0.703876
0.736925
0.810732
0.823323
0.611071
0.770269
0.827034
0.537329
0.092201
0.708719
0.650366
0.829723
0.840506
0.721361
0.607061
0.588381
0.822586
0.841081
0.824934
0.733243
1.007358
0.761195
0.727389
0.879162
0.656628
0.128439
0.046218
0.854462
0.746587
0.710521
0.101926
0.724766
0.620847
0.998471
0.675377
0.824221
0.823727
0.647341
0.622919
0.725286
0.069265
0.044057
0.586022
0.755285
0.770973
0.525270
0.136159
0.898340
0.743973
0.610209
0.716453
0.717258
0.593856
0.680624
0.757405
0.713274
0.669254
0.569546
0.461623
0.743004
0.729838
0.739459
0.652379
0.967934
0.572955
0.545715
0.069545
0.641065
0.788225
0.633961
0.878480
0.938400
0.723750
0.811038
0.852126
0.777819
1.010844
0.706320
0.706351
0.689982
0.678491
0.128133
0.719511
0.714111
0.653914
0.602802
0.700083
0.981003
0.716183
0.534684
0.826464
0.633375
0.694125
0.763539
0.941233
0.909355
0.683729
0.161932
0.766680
0.447597
0.469916
0.762550
0.082465
0.770345
0.627042
0.716209
0.871367
0.815918
0.697406
0.678985
0.716039
0.701031
1.059084
0.707896
1.002536
0.721287
0.519089
0.595285
0.670717
0.833477
0.566344
0.608136
0.963663
0.799379
0.900624
0.766825
0.657875
1.011505
0.034829
0.644052
0.515298
0.012972
0.967369
0.700921
0.519167
0.769499
0.703708
0.673210
0.644175
0.878799
0.669024
0.897120
0.738617
0.799848
0.586076
0.616828
0.853038
0.481068
0.662967
0.167076
0.688861
0.517010
0.242845
0.878235
0.679765
0.483156
0.666074
0.803729
0.737012
0.818153
0.846632
0.954005
0.716697
0.652493
0.882311
0.942284
0.725245
0.347375
0.694925
0.730563
0.855772
0.183652
1.040864
0.673720
0.886704
0.666005
0.681073
0.619195
0.823706
0.615227
0.363604
0.934304
0.816396
0.845855
0.815202
0.676265
0.713170
0.738657
0.598809
0.549437
1.030225
0.692682
0.641087
0.863869
0.912168
0.665855
0.677900
0.626141
0.678165
0.672190
0.076680
0.858583
0.716239
1.032401
0.864963
0.882615
0.539996
0.551852
0.669979
0.848872
0.726870
0.883583
0.843247
0.614246
0.836908
0.030233
0.081698
0.678312
0.041701
1.007179
0.712652
0.650458
0.168928
0.586816
0.060258
1.004809
0.842238
0.508484
0.768169
0.836201
0.646081
1.057616
0.903324
0.521233
0.636402
0.769792
0.823826
0.149256
0.596799
0.716274
0.686121
0.926861
0.451081
0.158461
0.693547
0.483235
0.781988
0.653277
0.845835
0.561953
0.611391
0.566626
0.704218
0.566740
0.793900
0.712060
0.784497
0.995787
1.016710
0.687353
0.532280
0.749391
0.780220
0.672969
0.845244
0.674819
0.560978
0.876146
0.526757
0.623863
0.741436
0.667706
0.205072
0.637781
0.397613
0.587446
0.078693
0.661852
0.889067
0.263019
0.705864
0.444763
0.507654
0.549119
0.710137
0.942971
0.749145
0.813389
0.581203
0.890134
0.887752
0.691621
0.819654
0.763874
0.520126
0.603389
0.601549
0.780016
0.632303
1.043601
0.324083
0.750105
0.657448
0.521512
0.554812
0.601905
1.085945
0.607795
0.038221
0.867274
0.963298
0.948374
0.990029
0.765527
0.687507
0.729123
0.754876
0.532711
0.507478
1.000697
0.695779
0.670052
0.706652
0.635056
0.674265
0.853860
0.736551
0.663101
0.831497
0.638045
0.657673
0.701341
0.694840
0.033265
0.743581
0.766018
0.936823
0.628830
0.824511
0.463559
0.738172
0.571278
0.887675
0.364393
0.688805
0.702426
0.845272
1.028990
0.613812
0.757008
0.627840
0.630686
0.589727
0.606030
0.862807
0.140702
0.665564
0.795480
0.927789
0.127631
0.647729
0.840626
0.086297
0.870736
0.917152
0.997817
0.693091
0.939065
0.969803
0.604227
0.620111
0.530936
0.781533
0.386082
0.886387
0.492175
0.733030
0.816303
1.006385
0.955585
0.632896
0.860471
0.042982
0.523030
0.114092
0.618125
0.775373
0.029152
0.540489
0.675696
0.806879
0.931162
0.648248
0.676609
0.949110
0.654395
0.068963
0.874375
0.390963
0.571967
0.346380
0.628490
1.030138
0.116943
0.701502
0.634138
0.813125
0.485165
0.793071
0.785172
1.043043
0.617743
0.619415
0.300244
1.034280
0.730262
0.529541
0.654053
0.532352
0.562833
0.791590
0.547693
0.620257
0.091446
0.997747
0.866097
0.860571
0.636419
0.691317
0.811951
0.631625
0.726992
1.004193
0.889261
0.786998
0.799699
0.825617
0.884782
0.715697
0.661700
0.128261
0.985688
0.747195
0.070683
0.743282
0.752962
0.793634
0.890390
0.595114
0.863656
0.483891
0.762137
0.807028
0.596396
0.914958
0.674627
0.452669
1.001893
0.693616
0.561532
0.012137
0.464147
0.845659
0.554348
1.018207
0.168555
0.763097
0.711237
0.497334
0.659197
0.697019
0.666821
0.571893
0.817457
0.058250
0.439233
0.917755
0.552535
0.862607
0.826263
0.666034
0.416182
1.004694
0.592409
0.761022
0.870187
0.813336
0.492614
0.026949
0.703508
0.788819
0.821794
0.776134
0.488966
0.859248
0.680544
0.839076
0.102363
0.937787
0.676345
0.992757
0.943488
0.753353
0.834457
0.661372
0.094447
0.562538
0.776673
0.656017
0.678429
0.707732
0.671543
0.883449
0.992676
0.528101
0.753979
0.916936
0.525215
0.786856
0.678934
0.758578
0.613001
0.707339
0.626468
0.830936
0.768353
1.016896
0.670501
0.672648
0.761577
0.808890
0.827774
0.619795
0.561426
0.998326
0.807809
0.781455
0.599873
0.801081
0.575522
0.620280
0.693855
0.813940
0.630391
0.650285
0.562927
0.833726
0.682414
0.995944
0.245628
0.022857
0.541263
0.738662
0.632259
0.699764
0.710361
0.651512
0.638286
0.978634
0.431059
0.631155
0.573068
0.806737
0.675969
0.625835
0.081669
0.784499
0.714524
0.624539
0.721459
1.033515
0.753070
0.741098
0.585866
0.662938
0.904056
1.050923
0.712910
0.582425
0.640427
0.727285
0.705847
0.111537
0.638918
0.555057
0.960103
0.789077
0.858083
0.841567
0.924680
0.736621
0.718416
0.058556
0.879981
0.661216
0.484147
0.670193
0.732768
0.721599
0.994842
0.659830
0.393405
0.772996
0.905930
0.769329
0.700064
0.561686
0.116311
0.708319
0.671088
0.598126
0.675564
1.028570
0.851744
0.589241
0.597703
0.919761
0.523174
0.683371
0.562895
0.767678
0.756106
0.568758
0.662115
1.019125
0.935946
0.721649
0.325731
0.872522
0.881959
0.788895
0.622052
0.811997
0.707977
0.432603
0.572458
0.616959
0.570897
0.718144
0.681889
0.682064
0.623740
0.715761
1.018140
0.731337
0.650940
0.639750
0.712096
0.766949
0.681013
0.858522
0.790665
0.974473
1.021165
0.177656
0.061379
0.683532
0.293602
0.683536
0.778276
0.668950
0.639190
0.539514
0.756815
0.858392
0.016605
0.392269
0.670457
0.744566
0.848267
0.758742
0.587277
0.813707
0.040911
0.849327
0.600625
0.856270
1.042344
0.716731
0.187504
0.792184
0.612154
0.714468
1.030544
0.939216
0.596670
0.808837
0.605001
0.930648
0.611647
0.798534
0.827602
0.646849
0.060331
0.473355
0.651759
0.869686
0.777816
1.006484
0.676450
0.829909
0.973803
0.697325
1.017812
0.895946
0.619531
0.986293
0.702887
0.453450
0.638451
0.759423
0.724687
0.758188
0.832495
0.720983
0.089084
0.625998
0.774421
0.686273
0.760947
0.676560
0.936820
0.861980
0.411131
0.678478
0.586543
0.789507
0.572896
0.727988
0.759302
0.482846
0.103244
0.046310
0.361136
0.690211
0.615699
0.673632
0.728831
0.767014
0.585375
0.698329
0.729972
0.871937
0.851235
0.746453
0.845457
0.645122
0.819613
0.075235
0.508244
0.150508
0.798945
0.659110
0.798122
0.582990
1.043790
0.622675
0.709285
0.690162
0.810444
0.803973
0.760370
0.797695
0.690523
1.019527
0.658980
0.480234
0.736362
0.645642
0.023631
0.545188
0.656103
0.821756
0.378805
0.754212
0.566130
0.603396
0.855283
0.713322
0.570962
0.808863
0.724497
0.741587
0.986697
0.593239
0.945428
0.953978
0.813234
1.041176
0.593203
0.684035
0.779653
0.872396
0.778061
0.180439
0.584340
0.305097
0.551201
0.135031
0.766310
0.538363
0.955587
0.622045
0.925957
1.044140
0.817918
0.637303
0.798774
0.690999
0.910335
0.607296
0.990360
0.560832
0.847197
0.526580
0.609137
0.833620
0.703685
0.122922
0.777808
0.727561
0.791916
0.976215
0.607209
0.677851
0.576693
0.928287
0.607280
0.956916
0.832236
0.682618
0.984882
0.650922
0.833116
0.750704
0.771414
0.697580
0.468184
0.671542
0.574865
0.789614
0.677870
0.843927
0.580347
0.209707
0.898489
0.722088
0.189418
0.786793
0.479347
0.759789
0.757885
1.035067
0.017223
0.358618
0.608786
0.814724
0.486688
0.553269
0.671964
0.729292
0.528754
0.621278
0.742560
1.017573
0.706210
0.904565
0.750235
0.552259
0.611288
0.613983
0.951027
0.619322
0.486797
0.691614
0.831833
0.857005
0.030484
0.797360
0.946118
0.674117
0.709622
0.067707
0.703841
0.905876
0.740650
0.857281
0.605568
0.736956
0.658699
0.935080
1.000471
0.688435
0.558057
0.641008
0.570218
0.686435
0.702473
0.614320
0.856581
0.843686
0.626376
0.814524
0.840704
0.539749
0.812868
0.941155
0.876383
0.718298
0.639029
0.627409
0.924363
0.994612
0.207476
0.497772
1.032298
0.820403
0.816486
0.673911
0.445785
0.618282
0.698848
0.557324
0.806789
0.671117
0.600872
0.603153
0.561389
0.476333
0.779827
0.635246
0.725886
0.669951
0.708011
0.658165
0.418038
0.661926
0.790122
0.662256
0.566382
0.606949
0.881254
0.674906
0.766474
0.258291
0.635255
0.548788
0.648365
1.018007
0.024196
0.590311
0.836274
0.702864
0.764606
0.787841
0.898872
0.913221
0.584943
0.746159
0.959241
0.031776
0.596325
0.815705
0.049049
0.769945
0.693282
0.575839
0.121056
1.037013
0.531234
0.715947
0.801000
0.524985
0.742675
0.078530
0.950640
0.630771
0.754208
0.694597
0.016853
0.548096
0.659864
0.783433
0.660323
0.640354
0.859792
0.669266
0.590944
0.787776
0.840530
0.775863
0.179907
0.699949
0.830083
0.654904
0.625547
0.819032
1.034012
0.464262
0.927849
0.837258
0.651720
0.691091
0.621817
0.875612
0.748342
0.719147
0.652416
1.045703
0.762160
0.618787
0.653817
0.753929
0.675852
0.759935
0.683513
0.759203
1.033147
0.674518
0.632774
0.795793
0.682328
0.040713
1.021038
0.709440
0.767632
0.616900
0.884010
0.753749
0.711152
1.032108
0.698682
0.464645
0.809213
0.339640
0.982691
0.568843
0.607580
0.730866
0.874277
0.719229
0.537742
1.020279
0.180971
0.815889
0.709122
0.519737
0.966041
0.735909
0.898069
0.602844
0.013760
0.646107
0.705686
0.714852
0.794284
0.853200
0.608070
0.995912
0.949765
0.780857
0.658719
0.926613
0.936432
0.894003
0.445809
0.851794
0.058388
0.681745
0.729359
0.640700
0.702772
0.629434
0.767127
0.691915
0.892142
0.592260
0.589203
0.127303
1.030485
0.580928
0.650962
0.690526
0.699929
0.991774
1.025900
0.542877
0.646679
1.005072
0.660308
1.019993
0.016354
0.797787
0.779481
0.516806
0.771432
0.724105
0.182546
0.876026
0.789997
0.616988
0.805782
0.518383
0.019653
0.459395
0.753319
0.956495
0.643966
0.075857
0.829322
0.520646
0.780168
0.713955
0.664269
0.562543
0.767671
0.634346
0.038184
0.764583
0.893016
0.524653
0.866553
0.761094
0.741997
0.526032
0.544573
0.785477
0.853101
0.709409
0.011515
0.924689
0.651067
0.611382
0.496086
0.888412
0.713062
0.126857
0.729826
0.825566
0.813949
0.703096
0.701240
0.776981
0.762325
0.710720
0.157321
0.726651
0.701229
0.771850
0.030938
0.577102
0.739912
0.477658
0.545045
0.620383
0.835725
0.686267
0.166841
0.760951
0.569309
0.638240
0.833217
0.941487
0.629672
0.505491
1.007032
0.703406
0.691293
0.131458
0.678755
0.734538
0.817834
0.700757
0.609481
0.666075
0.563035
0.814678
0.652580
0.602179
0.912533
0.099606
0.542485
0.816593
0.665022
0.479536
0.574171
0.768999
0.844973
0.627535
0.777458
1.013398
0.552509
0.087926
0.644454
0.542861
0.579411
0.774434
1.001398
0.775367
0.706007
0.715474
0.818304
0.689438
0.679827
0.836009
0.618397
0.889653
0.674959
0.800479
0.981415
0.077136
0.825819
0.952072
0.979867
0.957877
0.829172
0.713759
0.757339
0.476433
0.021802
1.029746
0.802548
0.533575
0.624742
0.669646
0.567536
0.824614
0.035759
0.385222
0.981294
0.582643
0.757911
1.027042
1.004875
0.694224
0.644307
0.701561
0.576717
0.580912
0.061223
0.832385
0.673011
0.565899
0.634614
0.631030
0.852822
0.886071
0.768092
0.787669
0.922012
0.642208
0.731481
0.410484
0.592292
0.831562
0.649859
0.757392
0.696377
0.590267
0.532434
1.034014
0.378801
0.932088
0.063283
0.571498
0.476623
0.578335
0.861804
0.463103
0.995144
0.151874
0.744985
0.749828
0.811062
1.025764
0.709099
0.939595
0.701663
0.533233
0.744454
0.602024
0.552142
0.774736
1.006074
0.337110
0.530771
0.597885
0.718957
0.652259
0.615561
1.013242
0.589437
0.885815
0.585496
0.550927
0.660537
0.602754
0.701887
0.748877
0.659389
0.950863
0.581907
0.982084
0.642753
0.630100
0.650808
0.745957
0.647521
0.670029
1.043767
0.573650
0.619006
0.834574
0.886521
0.624575
0.681851
0.609818
1.038614
0.796133
0.030940
0.797889
0.756601
0.815032
0.596365
0.771597
0.868120
0.598550
0.637687
0.713071
0.610917
0.657757
0.757119
0.691954
0.227814
0.471424
0.798215
0.075832
0.704195
0.880105
0.409105
0.586013
0.591877
0.733553
0.765417
0.766022
0.796042
0.610273
0.576426
0.028305
0.682904
0.755116
0.747033
0.486880
1.032101
0.199579
0.609230
1.001048
0.393081
0.537154
0.684817
0.105849
0.661873
0.580589
0.666717
0.086770
0.729947
0.763777
0.721355
0.507697
0.738400
0.679841
0.656315
0.731577
0.545511
0.740464
0.794004
0.609205
0.925025
0.766504
0.794924
0.876399
0.739780
0.635973
0.860402
0.754809
0.973048
0.881335
0.621477
0.511442
0.661389
0.799272
0.385711
0.765279
0.801598
0.804483
0.589826
0.720663
0.993613
0.856064
0.876250
0.885745
0.109217
0.823395
1.034638
0.602996
0.843517
0.712545
0.548762
1.022872
0.768169
0.435060
0.853709
0.602659
0.754656
0.137296
0.633542
0.694201
0.746774
0.750442
0.917393
0.828462
0.630663
0.629046
0.617972
0.772486
0.610399
0.614539
0.689639
0.636154
0.859279
0.638391
0.789462
1.031277
0.903921
0.635872
0.578273
0.905438
0.620036
0.539596
0.928765
0.747240
0.444557
0.589436
0.696753
0.618214
0.565000
0.088189
0.630476
0.680458
0.569532
0.714298
0.762534
0.635256
0.850151
0.607688
0.796337
0.640799
0.676160
1.003167
0.645844
0.986623
0.551554
0.619504
0.679758
0.780022
0.820417
0.988109
0.916741
0.716642
0.548173
0.789050
0.647925
0.714274
0.675528
0.612136
0.779882
0.589955
0.540090
0.694456
0.723586
1.040167
0.577097
0.547647
0.831934
0.702322
0.810770
1.019330
0.140802
0.716656
0.617004
0.877518
0.872296
0.542126
0.750077
0.762959
0.811999
0.744235
0.612689
0.641349
0.668060
0.740552
0.483606
0.713385
0.772700
0.960671
0.637528
0.721989
0.853267
0.064650
0.647246
0.679717
0.537003
0.690090
0.877084
0.774854
0.837590
0.063069
0.651312
0.857786
0.087321
0.886824
0.858917
0.772852
0.835918
0.552990
0.617003
0.421385
0.605189
0.831470
0.579445
0.601655
0.656592
0.663607
0.225712
0.791060
0.762028
0.650793
0.758320
0.435867
0.799565
0.022364
0.519866
0.229764
0.755055
0.823259
0.633519
0.826936
0.831733
0.614389
1.039893
0.483846
0.966688
0.807312
0.710107
1.019709
0.816529
1.034594
0.884847
1.008599
0.557604
0.716710
1.000120
0.915073
0.877794
0.738781
0.874619
0.539105
0.054640
0.566469
0.429282
0.824551
0.690251
0.544770
0.717985
0.590165
0.807809
0.879449
0.660384
0.824578
1.033143
0.601613
0.886344
0.525009
0.841981
0.817799
0.463692
0.665091
0.567477
0.948467
0.615830
0.596055
0.989542
0.787466
0.888828
0.108658
0.618890
0.643265
0.597103
0.578873
0.719943
0.772255
0.584738
0.739916
0.641795
0.782374
0.730729
0.588018
0.112668
0.554369
0.099104
0.704706
0.717874
0.662202
0.024688
0.812337
0.038153
0.419884
0.614205
0.665109
0.557081
0.635375
0.695624
0.976797
0.455534
0.577739
0.721456
0.537704
0.683562
0.629475
0.313451
0.723492
0.614970
0.746434
0.669167
0.703523
0.773019
0.941587
0.679602
0.503016
0.633543
0.845626
0.778668
0.537322
0.684373
0.616515
0.093114
0.578636
0.644972
0.306547
0.791887
0.741419
0.765334
0.813355
0.101124
0.642456
0.735747
0.739712
0.499401
0.015684
0.621981
0.605612
0.722836
0.727862
0.727613
0.601993
0.714906
0.100563
0.613479
0.764825
0.825973
0.719679
0.934943
0.616196
0.672585
0.718746
0.619389
0.974596
0.729671
0.515978
0.595932
0.521087
0.514621
0.697611
0.833965
0.646370
0.165884
0.894416
0.878662
0.659418
1.033558
0.761488
0.717531
0.664758
0.831130
0.804099
0.606965
0.998966
0.934517
0.650206
0.784637
0.695597
0.215834
0.029078
0.570471
0.754008
0.954400
0.992166
0.696278
0.567774
0.623274
0.793351
0.541467
0.719931
0.494722
1.018920
0.796137
0.657952
0.656361
0.903020
0.833793
0.084156
0.612047
0.575280
0.711169
0.592949
0.616592
0.097157
0.063736
0.052240
0.891887
0.518618
0.688506
0.126846
0.737797
0.611061
0.558364
0.508970
0.836464
0.727741
0.734388
0.646653
0.780442
0.660411
0.807785
0.099212
0.782680
0.750733
0.593726
0.761387
0.867949
0.747877
0.804134
0.865379
0.166874
0.962381
0.789163
0.613676
0.699720
0.378582
0.987967
0.691939
0.903963
0.708762
0.847994
0.625958
0.675243
0.252644
0.913008
0.882375
0.221615
1.013381
0.377874
0.751676
0.310201
0.731830
0.706732
0.786023
0.914499
0.689203
0.538425
0.827890
1.001729
0.826861
0.651478
0.464013
1.026923
0.643060
1.044026
0.594110
1.033602
0.131410
0.683753
0.834368
0.634113
0.781642
0.555375
0.709565
0.818213
0.654945
0.424645
0.706750
0.641005
0.443970
0.963246
1.036632
0.749673
0.763362
0.777995
0.745076
0.617241
0.086589
0.707940
0.686415
0.671526
0.846549
0.625281
0.510011
0.890331
0.408786
0.407760
0.759871
0.774951
0.051740
0.633485
0.720390
0.582293
0.743770
0.662728
0.636920
1.021128
0.656624
0.613303
0.554870
0.778152
0.618953
0.926806
0.875270
0.812960
0.682732
0.778100
0.666981
0.813048
0.860631
0.426965
0.808374
0.084533
0.850214
0.826951
1.051498
0.845278
0.785623
0.699709
0.064650
0.704478
0.178584
0.642499
0.739324
0.623073
0.633092
0.767708
0.751896
0.668946
0.101595
0.786708
0.885126
0.595479
0.609828
0.771454
0.794082
0.746767
0.588647
0.685086
0.528505
0.830374
0.640118
0.695075
0.702549
0.809308
0.566815
0.760862
0.881161
0.620112
0.137167
0.638684
0.680897
0.725412
0.620510
0.741450
0.756554
0.637871
1.001520
0.680637
1.010374
0.524357
0.589996
0.047220
0.703758
0.811982
0.979972
0.742250
0.819883
0.534518
0.522512
0.111590
0.807046
0.694669
0.518805
0.725252
1.029187
0.795524
0.789866
0.646771
0.875436
0.609556
0.747007
0.115914
0.784094
0.037185
0.677832
0.609986
0.765091
0.007602
0.250060
0.810498
0.790725
0.023756
0.787462
0.525729
0.834236
0.832219
0.838038
0.665302
0.488534
0.665369
0.682250
0.521747
0.687916
0.971951
0.411507
0.610400
0.801999
0.749081
0.805317
0.575729
0.813645
1.014947
0.489257
0.771916
0.687210
0.633756
0.562471
0.665345
0.682449
0.703056
0.639987
0.736247
0.720609
0.915465
0.648316
0.618978
0.817403
0.632563
0.640055
0.629096
0.718842
0.746090
0.708076
0.820462
0.875423
1.011167
0.181444
0.784290
0.985622
0.600058
0.741292
0.603415
0.810376
0.747095
0.647370
0.734042
0.858706
0.732597
0.544805
0.767568
0.932243
0.642406
0.818619
0.958099
0.098238
0.504073
1.029594
0.642386
0.028256
0.837347
0.045522
0.470757
0.831599
0.565258
0.660665
0.568693
0.819683
0.662400
0.706689
0.033125
0.907632
0.709201
0.598571
0.588242
0.573020
1.025754
0.826314
0.373819
0.784668
0.842163
0.628486
0.616830
0.776598
0.694046
0.430954
0.626712
1.009742
0.631730
0.769660
0.782643
0.777009
0.137062
0.560605
0.658487
0.710525
0.842501
0.730269
0.605591
0.739853
0.914443
0.697052
0.970897
0.949531
0.615175
1.012753
0.802752
0.819785
0.679524
0.765352
0.571324
0.968977
0.638924
0.430574
0.668929
0.931404
0.799894
0.099291
0.773996
0.603871
0.641948
0.541517
0.663520
0.605538
0.713035
0.772849
0.569359
0.489501
0.785223
1.032043
0.918818
0.362684
0.081335
0.746021
0.704062
1.001269
0.837380
0.633973
0.707349
0.603027
0.718806
0.641345
0.544937
0.745542
0.673812
0.490302
0.852088
0.911692
0.798176
0.568162
0.352751
0.790742
0.403788
0.818593
0.719576
0.859790
0.011483
0.627169
0.663109
0.751150
0.060294
0.799225
0.736708
0.480547
0.872888
0.947617
0.695223
0.664015
0.711282
0.742834
0.790582
0.666869
0.501477
0.790721
0.666804
0.836986
0.791459
0.702818
0.880697
0.639223
0.123427
0.803331
0.740556
0.505820
0.777892
1.039184
0.347904
1.041342
0.752053
0.741900
1.022194
0.629961
0.798253
0.672410
0.634475
0.714242
0.702708
0.931174
0.875701
0.731988
0.905365
0.739434
0.700569
0.591136
0.517681
0.736937
0.785778
0.060801
0.720332
0.750969
0.410686
0.737682
0.538663
0.538992
0.826558
0.813461
0.889931
0.544096
0.675513
0.644621
0.516748
0.789487
0.649602
0.828739
0.563221
0.640762
0.819676
0.784775
0.698606
0.594427
0.634403
0.677943
0.730963
0.635270
0.539397
0.554608
0.668998
0.182204
0.685470
1.124022
1.023055
0.794372
0.649802
0.716580
0.729034
0.392095
0.597353
0.523675
0.689367
0.699619
1.018231
0.581033
0.607027
1.029231
0.783343
0.937884
0.701796
0.797159
0.634349
0.855559
0.584100
0.851014
0.909891
0.588731
0.654859
0.765113
0.848958
0.787400
0.751314
0.766453
0.795015
0.942470
0.699888
0.749025
0.689862
0.784382
0.639074
0.578785
0.600959
0.637955
0.931940
0.684988
0.758869
1.025324
0.774981
0.933118
0.850454
0.248635
0.572905
0.552636
0.184554
0.840964
0.799795
0.748017
0.835391
0.891926
0.022850
0.280371
0.648237
0.646597
0.644414
0.826881
0.488260
0.809574
0.876689
1.007228
0.992050
0.758576
0.595430
0.094026
0.581971
0.594967
0.642163
0.583718
0.719905
0.544228
0.806289
0.664471
0.833091
0.615831
0.609756
0.105987
0.578320
0.759261
0.719085
0.703687
0.652026
0.733041
0.777284
0.791621
0.731898
0.994877
1.016165
0.583898
0.501196
0.972441
0.599822
0.316393
0.707879
0.678042
0.770557
0.852821
0.784729
0.757095
0.571816
0.860964
0.185128
0.929800
0.734320
0.580058
0.660805
0.818051
0.636961
0.722950
1.014226
0.567518
0.678960
0.680949
0.707140
0.710551
0.591455
0.948466
0.839825
0.693862
0.627652
0.812212
0.812524
0.803302
0.707405
0.880268
0.749651
0.682519
0.762326
0.615879
0.592891
0.625081
0.613701
0.712143
0.846446
0.050584
0.890460
0.836108
0.690099
0.908908
0.523252
0.781501
0.785167
0.482872
0.582649
0.932678
0.576687
0.782469
0.819772
0.683682
0.566022
1.033100
0.619457
0.597983
0.714255
0.434201
0.641207
0.896092
0.581668
0.862792
0.655062
0.642986
1.032741
0.590805
0.633313
0.607328
0.790088
0.825729
0.515770
0.672308
0.756071
0.644142
0.880564
0.357111
0.529712
0.073079
0.780652
0.538457
0.946571
0.556670
0.725460
0.717250
0.421791
0.782311
0.472803
0.609920
0.611354
0.778189
0.037661
0.667871
0.794888
0.766872
0.723063
0.053217
0.409664
0.893137
0.674953
0.772012
0.739724
0.810094
0.619665
0.674270
0.597135
0.786572
1.008379
1.152280
0.781614
0.619722
0.812697
0.776306
0.588689
0.666608
0.826712
1.025342
0.121003
0.819882
0.492945
0.678856
0.567765
0.480743
0.661476
0.669124
0.898676
0.929820
0.716206
0.835434
0.724604
0.597695
0.828289
0.865091
0.694692
0.799244
0.829887
0.757943
0.616595
0.757485
0.731454
0.572047
0.079341
0.426975
0.282151
0.649866
0.872547
0.688244
0.930182
1.043988
0.658913
0.499472
0.870931
0.612395
0.781536
0.662871
0.582991
0.690379
0.552458
1.000946
0.713759
0.688993
0.786636
0.935327
0.419022
0.880466
0.778534
0.033110
1.042102
0.752189
0.791299
0.621193
0.841778
0.824302
0.756142
0.069314
0.670278
0.717458
0.788147
0.829922
0.361876
0.814143
0.684009
0.976057
0.105175
0.630835
0.974240
0.777296
0.795108
0.737200
0.657990
0.793988
0.658913
0.737695
0.689485
0.892668
0.705410
0.738811
0.787454
0.764333
0.458989
0.860945
0.824242
0.382864
0.629770
0.662094
0.910354
0.829916
0.028113
0.530473
0.792643
0.760531
0.931140
0.697735
0.669178
0.634191
0.661087
0.647956
0.798184
0.385418
0.224618
0.329170
0.284154
0.748835
0.738985
0.564474
0.840236
1.021216
0.019604
0.516272
0.785107
0.975886
0.565498
0.551951
0.769643
0.678451
0.457543
0.869462
0.093496
0.472101
0.755045
0.364913
0.877726
0.489097
0.512849
0.598090
0.729141
0.968537
0.765752
0.826935
0.543761
0.047746
0.892186
0.883095
0.937589
0.084755
0.912734
0.567555
0.636365
0.676594
0.573673
0.571945
0.678800
0.830269
0.752561
0.752148
0.648935
0.749519
0.734491
0.836953
0.697860
0.640592
0.654360
0.623771
0.653923
0.675906
0.581675
0.505331
0.933435
0.786294
0.182718
0.815890
0.594943
0.696185
0.605191
0.757814
0.869207
0.925689
0.927069
0.719011
1.002907
0.533786
0.638032
0.877781
0.959501
0.049594
1.014981
0.749791
0.753355
0.600531
0.162601
0.774499
1.011899
0.651021
0.611334
0.910501
0.605332
0.903599
0.047956
0.781307
0.725290
0.787377
0.899843
0.919369
0.601030
0.564170
0.662872
0.849745
0.740103
0.827082
0.807079
0.060146
0.656119
0.529622
0.360798
0.714448
0.154759
0.769802
0.084337
0.752064
1.032153
0.591224
0.697337
0.786776
0.825417
0.690533
0.679973
0.893022
0.746355
0.560802
0.263580
0.806884
0.860358
1.008876
0.653036
0.479813
0.998150
0.755029
0.578761
0.899203
0.574112
0.309675
0.757066
0.700617
0.094445
0.730860
0.588421
0.523833
0.916874
0.947965
0.121580
1.016711
0.811246
0.805639
0.721096
0.742412
1.000274
0.998920
0.909417
0.669509
0.815660
0.685863
0.872851
0.736415
0.069718
0.941714
0.794256
0.872130
0.770376
0.304623
0.805281
0.811142
0.696215
0.678484
0.686703
0.826155
0.888331
0.751737
0.168813
