1.204274
1.176129
1.753597
1.937304
0.427360
0.046076
0.919510
1.670717
1.775519
0.970902
1.461949
1.806684
1.640601
2.146744
1.199419
0.140915
1.240257
0.763105
1.610637
0.677342
2.164135
0.046097
1.683716
1.986707
1.056635
1.599203
1.643299
1.865398
1.287582
1.427862
0.675329
1.137226
1.561910
2.116024
1.369419
1.657992
0.987884
1.457292
1.497743
0.857879
0.777389
1.225917
1.105624
1.206977
1.418428
0.671257
1.546448
1.314695
0.835048
1.837339
1.844626
1.348801
0.496312
1.221550
1.216878
0.766305
1.281662
1.023211
1.026733
0.774121
0.870418
0.122736
1.909395
1.125120
1.249554
1.266492
1.232630
1.364418
0.057218
0.086884
1.287686
0.009939
1.664218
1.907037
1.071023
0.826558
1.467405
0.914399
1.076687
1.253786
1.794912
1.492704
1.808614
0.706163
0.894285
1.153414
0.796764
1.160557
1.161794
1.269567
0.750431
1.836712
0.840068
1.184034
0.849790
0.976375
1.327963
1.174649
1.789454
0.617061
0.648448
0.934177
0.458714
0.725793
1.168962
0.779760
0.792711
1.268471
0.957847
1.365579
1.668545
0.323653
1.335203
1.068589
0.919739
1.801835
1.389292
0.804883
1.355917
1.180198
0.883571
1.199195
1.334561
0.590536
0.665264
1.624187
1.255390
1.336828
0.833220
1.378306
0.699952
1.168055
1.140218
0.923886
0.077014
1.235441
0.792035
1.092138
1.165236
1.030122
1.057529
1.013652
1.181943
1.209618
0.955786
0.926139
1.238622
0.996144
0.857157
1.125203
1.426470
0.817010
0.928224
0.823681
0.803275
0.439922
0.989963
1.051031
0.975926
0.784415
1.073664
0.608182
1.145566
0.807765
0.870176
1.082074
1.013912
0.681815
0.884719
1.025836
0.924891
0.773068
0.913224
0.046350
1.147689
0.848192
0.808208
0.696294
0.998560
1.596615
1.046638
0.675046
0.538464
0.038339
1.336467
1.194662
1.062069
0.814896
1.069044
0.693120
1.286877
0.822171
1.353374
0.974634
0.888909
0.861402
1.131433
0.854146
0.972858
0.843017
0.072056
0.977563
1.423138
1.015826
0.955221
1.343743
1.140489
1.011239
0.689758
0.997251
1.090486
0.528280
0.897798
1.139922
0.755287
1.070585
1.099905
1.226320
0.892615
0.903567
1.244555
0.306303
0.200957
0.963912
1.247031
1.123439
0.891831
0.616446
0.957331
0.565452
0.990236
0.787526
0.776451
0.437242
1.385037
0.619305
0.757129
1.392182
0.897624
0.954778
0.639404
0.894530
1.117522
1.171853
0.957496
1.316998
1.039965
0.555984
0.724069
0.972092
0.646350
0.052970
1.318116
0.036498
0.017918
0.877109
0.866747
1.123091
0.710188
0.778270
0.796003
0.740186
1.068530
0.862970
0.756776
1.148481
0.913493
0.794504
0.347589
0.904247
0.524876
0.847246
1.009755
0.647915
0.651258
0.572158
0.822630
1.380992
1.057631
0.920516
0.119673
0.578342
0.969046
0.878745
0.441112
1.374841
0.585202
0.779723
0.023459
1.014856
0.937961
0.022080
0.854387
0.707353
1.018482
0.472934
0.760698
0.919046
1.048666
0.905583
0.519548
0.036445
0.903463
0.828327
0.860079
1.090965
0.781538
0.949021
1.102517
0.901936
0.411664
1.011828
0.154071
0.780744
0.767594
0.756237
0.614278
0.763350
0.688590
0.703472
0.820613
0.976500
0.720913
0.891147
0.866714
1.170896
0.116794
0.125241
0.585137
0.791128
0.894520
0.705708
0.849209
1.164568
1.003837
1.024304
0.699336
0.860574
0.631540
0.591390
0.524772
0.752520
0.692385
0.848517
0.657131
0.778353
0.658144
1.107639
1.009461
0.996622
0.834432
1.113425
1.166826
0.636870
0.602700
0.829366
1.123007
0.898795
0.028530
0.921004
0.997326
1.021999
0.016573
1.066055
1.071314
0.637303
1.183521
0.789514
0.796242
0.750241
0.990099
0.752334
0.758514
0.660519
1.206912
1.028593
1.244053
0.955695
1.008960
1.236915
1.146101
0.794161
0.099082
0.675778
0.048214
0.639691
0.854878
0.971582
0.563599
0.524540
1.236484
0.689978
0.790556
0.685960
0.471848
0.175230
0.256060
0.875848
0.538897
1.056348
0.729148
0.575699
0.863480
0.804847
0.674473
0.503228
0.781306
0.989106
0.710069
0.982233
0.969131
0.751105
0.586541
0.075431
1.012541
0.772397
0.690469
0.910808
0.751201
0.924071
1.149979
0.805340
0.926543
0.987071
0.958152
0.803533
0.968599
0.957904
0.062194
0.774248
0.614046
0.608553
1.068715
0.926470
0.592649
0.616287
0.485690
0.977051
0.889996
0.707015
0.605635
0.538272
0.868024
0.887180
0.879392
0.792130
0.824718
0.678303
0.705711
0.652496
0.817406
0.936131
0.924262
0.844815
0.998416
0.869576
0.647851
0.633516
0.986466
0.998372
0.635425
0.756016
0.675224
0.935097
0.985537
0.690647
0.234918
0.892709
0.748556
0.692116
0.994714
0.760101
0.819498
0.830295
0.969701
0.761494
0.694191
1.185858
0.889837
0.830220
0.588718
0.911629
0.609465
0.638801
0.534996
0.348217
0.658030
0.788585
0.630152
0.825756
0.786490
0.058442
0.663953
0.078223
0.958450
0.704667
0.655788
0.744400
0.674578
1.167150
0.937557
0.698235
0.816792
0.598122
0.096068
0.911417
0.581866
0.890081
0.537631
1.040384
0.545234
1.002895
0.059565
1.145748
0.423962
0.110382
0.823530
0.993062
0.986544
0.949621
0.762042
0.684334
0.977869
0.719062
0.816323
1.159764
0.529808
0.531753
0.606774
0.625882
0.906942
0.557095
0.733197
0.909125
0.368580
0.894658
0.939574
0.986870
1.045143
0.798405
0.724259
0.343366
0.105321
0.744177
0.950163
0.796246
0.014352
0.614976
0.642448
1.164208
0.750606
0.554156
0.689626
1.146940
0.468746
1.038827
0.864393
0.857056
0.759432
0.723656
0.773835
0.800574
0.856888
0.903895
0.540462
1.087917
0.748780
0.585872
0.596544
0.441724
0.158897
0.939396
0.879977
0.853333
0.949600
0.780304
0.375866
0.589794
0.769439
0.012864
0.697901
0.582429
0.116655
1.022023
0.683240
0.622764
0.925716
0.695492
0.785463
0.883534
0.575163
0.678958
1.093069
0.660022
0.495897
0.872979
0.543641
0.982996
1.028207
0.953556
0.636816
0.827615
0.766404
0.695727
0.722118
1.031756
0.773359
0.820193
0.796658
0.009808
0.633145
0.611922
0.792945
0.728909
0.876080
0.882787
0.786896
1.056910
0.963474
0.659013
0.646756
0.946667
0.729523
0.733461
0.634864
0.517181
0.564360
1.014438
1.011014
0.814687
0.771755
0.710203
0.476168
0.704791
0.767221
0.933337
0.782675
1.025056
0.849358
0.635482
0.843769
0.685393
0.667113
0.676018
0.672671
0.607309
0.772737
1.004838
0.764465
0.777831
0.963225
1.038395
0.700114
1.098274
0.644274
0.696268
0.856696
0.122121
1.040792
1.015485
1.083726
0.782109
0.413408
0.687911
0.563860
0.895824
0.516195
1.022071
1.034754
0.554437
0.752906
0.533316
0.549976
1.003632
1.052867
0.702455
0.926465
0.755423
0.726581
0.899070
0.629049
0.180949
0.753449
0.645377
0.641116
0.673411
0.780522
0.617617
0.791632
0.604858
0.670720
0.536724
0.710658
0.823330
1.025693
0.623187
0.772589
0.859110
0.651416
0.544674
0.837997
0.882473
0.314048
0.761804
0.492773
0.828938
0.748500
0.808067
0.801268
0.601488
0.574142
0.700339
0.839289
0.965015
0.992755
0.663848
0.045145
0.338034
0.654818
0.637450
0.676901
0.676034
0.604054
0.735348
0.525261
0.508810
0.704676
0.812674
0.601150
0.883377
0.893491
0.967628
0.992676
0.787078
0.643962
0.812628
0.854799
0.371807
0.134941
0.755421
0.799077
0.028890
0.741388
1.000239
0.965455
0.915053
0.951948
0.051143
0.771452
0.632054
0.063942
0.043744
0.845167
0.759953
0.723112
0.834584
0.741706
0.672558
0.401800
0.535419
0.896539
0.517519
0.902424
0.939956
0.627517
0.903998
0.787499
0.697390
0.639261
0.311335
0.359829
0.815567
0.549524
0.511315
0.836041
0.708699
0.529054
0.833496
0.493722
0.887822
0.741037
0.947520
0.670452
0.615840
0.499401
0.776458
0.725743
0.962686
0.685161
0.703058
0.658190
0.833440
0.774994
0.502220
0.910275
0.619880
0.962347
0.653612
1.003149
0.700192
0.748607
0.787409
1.007321
0.505564
0.984159
0.667149
0.613646
0.675095
0.879201
0.727500
0.138439
0.582697
0.729995
0.647463
0.671428
0.579842
0.769938
0.694636
0.876426
0.794452
0.688591
0.454969
0.498471
0.768633
0.699938
0.652885
0.984536
0.093351
0.676181
0.767156
0.112122
0.812162
0.924989
0.722083
0.814079
0.654457
0.633717
0.535500
0.866355
0.638951
0.070863
0.672414
0.966916
0.504356
0.646313
0.965521
0.559111
0.673682
0.663750
0.646651
0.607864
0.890265
0.811306
0.950769
0.640176
0.672985
0.673634
0.966236
0.539828
0.760921
0.746349
0.654807
0.654849
0.857559
0.872918
0.424805
0.601883
0.090278
0.732827
0.739989
0.362852
0.694841
0.563630
0.626478
0.851335
0.657307
0.535155
0.836066
0.688971
0.601929
0.625401
0.698787
0.868948
0.754789
0.287838
0.043526
0.100631
0.960614
0.583039
0.951264
0.661862
0.689349
0.638734
0.939655
0.469314
0.575776
0.860086
0.714386
0.632231
0.754258
0.509286
0.992110
0.832120
0.562174
0.107575
0.806542
0.987073
0.769128
0.822037
0.714352
0.626830
0.613545
0.756956
0.966228
0.770149
0.605263
0.695764
0.714960
0.973310
0.776235
0.741207
0.352211
0.530670
1.000964
0.696022
0.105389
1.028701
0.709033
0.521518
0.737642
0.979907
0.598067
0.534050
0.638813
0.815449
0.600718
0.455657
0.708937
0.720613
0.773484
0.488719
0.546219
0.647326
0.751700
0.535696
0.502178
0.434801
0.767413
0.662231
0.450125
0.746474
0.718121
0.989874
0.571550
0.942074
0.409898
0.085962
0.809539
0.109770
0.776995
0.496707
0.040943
0.614729
0.746212
0.528043
0.618550
0.559139
0.459399
0.675276
0.062912
0.072691
0.879694
0.739031
0.567628
0.679935
0.835203
0.397031
0.730568
0.801023
0.737955
0.686734
0.997254
0.731960
0.645891
0.805467
0.791662
0.778535
0.634271
0.723054
0.711711
0.768571
0.738617
0.529565
0.609260
0.507129
0.525232
0.042740
0.660509
0.714254
0.546014
0.223555
0.604085
0.627587
0.635351
0.535794
0.868887
0.806032
1.012049
0.068881
0.888643
0.519033
0.632242
0.711801
0.647564
0.844216
0.649312
0.624636
1.016874
0.677735
0.513100
0.784017
0.747087
0.825603
0.716961
0.837578
0.574931
0.738626
0.629689
0.794217
0.062750
0.633580
0.396426
0.760394
0.726975
0.647034
0.621279
0.576853
0.801116
0.625408
0.834474
0.580084
0.968840
0.670064
0.754207
0.358270
0.615796
0.774680
0.935982
0.742870
0.649265
0.158523
0.760316
0.600448
0.723823
0.607028
0.624763
0.659819
0.758499
0.665768
0.372948
0.437591
0.700255
0.942441
0.759349
0.728589
0.578775
0.512973
0.623558
0.551892
0.687712
0.571556
0.628511
0.631128
0.666411
0.705220
0.624188
0.774407
0.679935
0.674842
0.568275
0.865255
0.553322
0.112796
0.827969
0.541104
1.016993
0.679798
0.753779
0.803455
0.590529
0.060764
0.069310
0.733765
0.703243
1.014614
0.766608
0.698120
0.549173
0.393487
0.581024
0.668261
0.385497
0.769541
0.726665
0.737553
0.662110
0.538967
0.363988
0.718446
0.713199
0.763207
0.664014
0.779777
0.616003
0.713842
0.780375
0.272564
0.786843
0.669844
0.702230
0.677138
0.653634
0.760680
0.682614
0.701567
0.522497
0.691659
0.631929
0.974560
0.689477
0.572730
0.495378
0.765504
0.754131
0.604161
0.864509
0.691406
0.742644
0.606452
0.873928
0.482276
0.992927
0.559567
0.020990
0.754545
0.051840
0.914773
0.526891
0.529439
0.866854
0.445381
0.754578
0.616809
0.655994
0.834855
0.738897
0.651660
0.632477
0.506921
0.487703
0.418159
0.408047
0.713539
0.509675
0.785273
0.809329
0.489440
0.663379
0.639911
0.957701
0.593855
0.079488
0.849750
0.484547
0.902504
0.575941
0.679983
0.721998
0.701727
0.733879
0.687882
0.778252
0.227699
0.596595
0.679761
0.638220
0.345558
0.649414
0.507391
0.618877
0.653361
0.822741
0.562114
0.499452
0.663219
0.586455
1.002928
0.592561
0.032535
0.803208
0.641918
0.922326
0.817600
0.604028
0.827898
0.697529
0.969753
0.323242
0.970153
0.805056
0.802460
0.977159
0.934297
0.701649
0.581322
0.720729
0.588611
0.666598
0.474791
0.825898
0.758406
0.502887
0.584925
0.050950
0.738346
0.977520
0.460901
0.583213
0.665855
0.109945
0.859227
0.731259
0.949145
0.377904
0.730793
0.492718
0.769310
0.873550
0.098863
0.710949
0.664971
0.878427
0.566117
0.800851
0.593726
1.004899
0.750579
0.648736
0.748239
0.076718
0.689284
0.593977
0.677804
0.502436
0.386640
0.511234
0.515187
0.693990
0.855562
0.050921
0.860377
0.850441
0.634686
0.675520
0.767471
0.624181
0.587418
0.592440
0.934676
0.839402
0.486629
0.028400
0.968491
0.601614
0.695437
0.732113
0.485999
0.748017
0.475834
0.368089
0.577415
0.131688
0.548943
0.585881
0.856052
0.567183
1.002479
0.529125
0.075522
0.508987
0.453983
0.500226
0.726216
0.757777
0.560284
0.824818
0.672620
0.630259
0.058208
0.183099
0.718563
0.880484
0.615625
0.612368
0.810146
0.753471
0.549617
0.485618
0.743608
0.456402
0.864239
0.704883
0.929201
0.729384
0.807274
0.028206
0.619810
0.713491
0.066826
0.765954
0.673805
0.593007
0.694256
0.600134
0.028300
0.984694
0.453648
0.509175
0.572807
0.694856
0.980974
0.612312
0.645880
0.628839
0.739541
0.939917
0.789114
0.008255
0.639781
0.386454
0.658650
0.585055
0.842306
0.988876
0.565937
0.588942
0.573707
0.776760
0.744092
0.011181
0.798977
0.773846
0.591182
0.681849
0.743435
1.020742
0.627532
0.070982
0.066306
0.809009
0.703184
0.073958
0.796223
0.788359
0.973259
0.570444
0.729655
0.695338
0.570550
0.156676
0.222840
0.951118
0.733562
0.994362
0.352133
0.670943
0.729421
0.779197
0.630957
0.981202
0.699077
0.789790
0.782815
0.618588
0.481678
0.579342
0.694650
0.691544
0.646321
0.586609
0.381331
0.054630
0.981099
0.873177
0.731022
0.874187
0.843649
0.560354
0.354376
0.761302
0.791903
0.754415
0.761944
0.668573
0.798707
0.672394
0.750296
0.584043
0.742372
0.710254
0.606403
0.540449
0.786511
0.626832
0.680697
0.132309
0.055188
0.494133
0.338827
0.530868
0.688524
0.557359
0.368718
0.636833
0.715804
0.596440
0.893200
0.859038
0.565185
0.358142
0.551125
0.624977
0.476789
0.802975
0.686809
0.497312
0.611397
0.547339
0.573338
0.477283
0.617682
0.377371
0.576387
0.527261
0.601942
0.839789
0.676754
0.849827
0.863881
0.851089
0.517059
0.783466
0.547794
0.501204
0.679355
0.934814
0.479256
0.526083
0.973431
0.735987
0.646877
0.057253
0.966200
0.468151
0.305161
0.721358
0.894682
0.569433
0.701135
0.626226
0.107681
0.820231
0.621574
0.743774
0.765980
0.455238
0.031768
0.540287
0.369740
0.897689
0.073584
0.667691
0.801679
0.670326
0.766808
0.580334
0.794282
0.770506
0.604145
0.695982
0.069954
0.185755
0.653898
0.540986
0.690642
0.823557
0.683792
0.772713
0.640531
0.584292
0.505831
0.304224
0.627575
0.793571
0.201324
0.613339
0.668778
0.512932
0.579429
0.625085
0.575555
0.688051
0.988209
0.603892
0.450045
0.604360
0.579053
0.945332
0.517367
0.883221
0.691828
0.448833
0.503276
0.474155
0.998005
0.571420
0.652206
0.579746
0.648671
0.667077
0.635945
0.118939
0.090515
0.098948
0.650884
0.716990
0.697742
0.328176
0.725247
0.492977
0.751344
0.678581
0.510407
0.667232
0.862088
0.584245
0.730765
0.857417
0.490559
0.327885
0.786888
0.743056
0.679720
0.840306
0.849200
0.415387
0.713948
0.561359
0.587256
0.790757
0.717061
0.555210
0.915301
0.629747
0.641164
0.628677
0.231513
0.634527
0.036015
0.360100
0.526734
0.761702
0.059456
0.568873
0.559173
0.639522
0.750231
0.575559
0.579844
0.799877
0.906242
0.716059
0.616475
0.486978
0.652581
0.785521
0.533525
0.773127
0.958688
0.706199
0.806055
0.685572
0.680229
0.512042
0.792843
0.685129
0.710398
0.645042
0.554460
0.728167
0.980469
0.869032
0.507139
0.810267
0.636055
0.738796
0.556492
0.711456
0.402549
0.479956
0.595094
0.164409
0.726930
0.596663
0.684303
0.513852
0.689597
0.448674
0.675552
0.758905
0.535410
0.465676
0.696287
0.676177
0.770148
0.785249
0.774223
0.793170
0.645080
0.724627
0.372781
0.562607
0.517800
0.031349
0.786222
0.510014
0.750661
0.632971
0.764336
0.640453
0.314117
0.861360
0.440718
0.709719
0.838782
0.790221
0.807602
0.079444
0.110057
0.813175
0.630217
0.531059
0.859694
0.157625
0.588989
0.604999
0.664357
0.606725
0.546636
0.168960
0.325059
0.999867
0.539697
0.683144
0.601170
0.555040
0.648401
0.462258
0.649708
0.071015
0.089625
0.710315
0.569951
0.590375
0.750326
0.724007
0.782046
0.608079
0.829736
0.708870
0.560913
0.538002
0.523152
0.612521
0.798967
0.421402
0.847688
0.596286
0.730258
0.623341
0.705145
0.633423
0.470080
0.472051
0.612155
0.611841
0.637454
0.716347
0.406837
0.871406
0.039572
0.692993
0.844646
0.788461
0.688661
0.835379
0.710125
0.522288
0.742405
0.751982
0.697573
0.413329
0.740384
0.657795
0.669008
0.526186
0.522957
0.628708
0.596219
0.511831
0.682973
0.535080
0.723515
0.838388
0.519434
0.589360
0.631620
0.624939
0.292715
0.720876
0.719544
0.773376
0.612227
0.564572
0.720078
0.662207
0.696277
0.989284
0.645970
0.520216
0.625202
0.753637
0.498192
0.434556
0.822319
0.464056
0.865812
0.748260
0.695971
0.649142
0.553130
0.637385
0.682922
0.519996
0.571468
0.594110
0.718865
0.490500
0.741267
0.647493
0.760474
0.834480
0.134328
0.803764
0.753134
0.480917
0.781021
0.606685
0.063080
0.769475
0.754996
0.880776
0.571450
0.575457
0.528688
0.614238
0.518878
0.641376
0.512871
0.683528
0.658410
0.882645
0.535850
0.091968
0.679646
0.754726
0.762328
0.556395
0.625042
0.675214
0.588090
0.074328
0.552333
0.612264
0.617438
0.520382
0.612517
0.555067
0.684121
0.822349
0.760233
0.625754
0.611875
0.500374
0.947113
0.753577
0.766019
0.552465
0.556588
0.424538
0.729917
0.810235
0.815143
0.655935
0.673200
0.591061
0.362752
0.574192
0.696916
0.696177
1.015628
0.953661
0.630176
0.613574
0.513443
0.979301
0.587937
0.762620
0.590759
0.965747
0.486702
0.671327
0.178275
0.586090
0.769610
0.445102
0.529013
0.656422
0.697085
0.868920
0.458956
0.711794
0.526107
0.954531
0.746337
0.713162
0.574218
0.475357
0.752754
0.586915
0.728146
0.625734
0.600624
0.020320
0.834776
1.001571
0.767594
0.509824
0.661919
0.764029
0.707620
0.137045
0.702517
0.527492
0.565880
0.644284
0.745456
0.690397
0.318653
0.643207
0.225087
0.041967
0.680943
0.084065
0.671016
0.766894
0.974064
0.687245
0.744777
0.058541
0.979848
0.700001
0.691846
0.666973
0.646621
0.695406
1.017950
0.540257
0.721750
0.732801
1.005184
0.667660
0.586704
0.847013
0.740939
0.987081
0.642535
0.017015
0.618912
0.204003
0.841167
0.647890
0.606759
0.904808
0.617363
0.612431
0.637531
0.544837
0.557191
0.600982
0.739709
0.402516
0.822081
0.725540
0.622512
0.702682
0.574410
0.575495
0.534180
0.805926
0.720541
0.504217
0.706623
0.489429
0.880664
0.634346
0.081324
0.682207
0.702206
0.623881
0.441708
0.965807
0.768788
0.669680
0.550426
0.088630
0.897252
0.759061
0.647062
0.752014
0.896597
0.517172
0.802092
0.710257
0.513706
0.776119
0.726994
0.057314
0.988551
0.568794
0.663822
0.682857
0.467699
0.537726
0.730967
0.590834
0.071055
0.094802
0.718365
0.564014
0.512570
0.859751
0.406668
0.713428
0.633635
0.705157
0.665494
0.119437
0.551091
0.717387
0.931466
0.477190
0.504234
0.757527
0.569689
0.771211
0.971293
0.060246
0.788614
0.815495
0.467022
0.560436
0.533738
0.594949
0.629737
0.693743
0.588690
0.505776
0.101586
0.745996
0.306972
0.650823
0.556540
0.686226
0.253137
0.765024
0.789991
0.078711
0.501639
0.695681
0.089035
0.659193
0.480541
0.787846
0.875201
0.637741
0.905046
0.430259
0.602611
0.838955
0.940503
0.686038
0.587505
0.639866
0.965550
0.829475
0.911174
0.761153
0.310586
0.590446
0.661733
0.734724
0.659513
0.614650
0.524990
0.662261
0.947004
0.673899
0.787780
0.501092
0.630857
0.051809
0.763630
0.500162
0.825423
0.315830
0.683081
0.682207
0.703377
0.054625
0.647238
0.067366
0.725674
0.843354
0.717675
0.978836
0.674604
0.786668
0.716056
0.171676
0.545237
0.707974
0.972158
0.952568
0.846918
0.798251
0.601901
0.691065
0.615820
0.611314
0.453471
0.623468
0.653202
0.702188
0.665551
0.859874
0.635218
0.964597
0.115766
0.587400
0.614722
0.726378
0.848122
0.748401
0.790880
0.595852
0.280743
0.799289
0.997003
0.489153
0.490904
0.755675
0.893828
0.802228
0.523077
0.791518
0.942466
0.659661
0.891325
0.153750
0.641853
0.633467
0.674311
0.880090
0.750231
0.568837
1.011210
0.696776
0.665104
0.038912
0.496879
0.712020
0.440750
0.710542
0.958930
0.724823
0.760957
0.905432
0.697275
0.724730
0.859136
0.543445
0.537808
0.853799
0.793405
0.996308
0.690771
0.857559
0.824018
0.618269
0.689803
0.800681
0.643233
0.664844
0.682334
0.950451
0.229645
0.582557
0.798043
0.595117
0.851676
0.078207
0.686494
0.573978
0.684989
0.630464
0.797690
0.873245
0.796184
0.586016
0.650037
0.993256
0.630588
0.742016
0.568706
1.005203
0.608668
0.574129
0.800527
0.630309
0.646359
0.982023
0.574001
0.565786
0.676672
0.528884
0.695176
0.683260
0.960453
0.919016
0.595162
0.565484
0.703323
0.580857
0.604561
0.696370
0.501134
0.590924
0.724682
0.602351
0.701310
0.425549
0.682219
0.506412
0.560458
0.988399
0.628530
0.676879
0.764789
0.883242
0.195456
0.844350
0.466917
0.684117
0.765153
0.820646
0.671802
0.615103
0.530548
0.941562
0.725170
0.669292
0.329575
0.821201
0.807342
0.569432
0.545965
0.185667
0.620190
0.107113
0.622808
0.620544
0.583770
0.525794
0.941680
0.742374
0.018388
0.987256
0.668747
0.664190
0.430175
0.586401
0.842020
0.613820
0.534556
0.454743
0.830802
0.649233
0.680725
0.730208
0.855889
0.777654
0.486235
0.723082
0.877619
0.991748
0.654359
0.738453
0.636083
0.979247
0.920409
0.809167
0.038226
0.678258
0.303154
0.617092
0.639659
0.569369
0.560599
0.542286
0.666893
0.658983
0.054821
0.726621
0.567360
0.660205
0.919924
0.557315
0.641202
0.960406
0.589789
0.586489
0.631305
0.763769
0.555950
0.610923
0.729821
0.035889
0.600100
0.044456
0.082106
0.731480
0.819219
0.757927
0.774158
0.413351
0.858363
1.001393
0.699753
0.538951
0.717780
0.568889
0.611418
0.999481
0.484323
0.587204
0.320577
0.443254
0.874583
0.702112
0.818207
0.406462
0.598113
0.648025
0.683483
0.727341
0.589147
0.977859
0.823788
0.727375
0.803050
0.953957
0.433866
0.842108
0.507481
0.580882
0.567744
0.663794
0.705304
0.703351
0.536298
0.566467
0.785310
0.640260
0.839942
0.801722
0.657004
0.610547
0.719177
0.985213
0.660220
0.656814
0.683320
0.679625
0.667639
0.789188
0.988541
0.527125
0.514865
0.684840
0.701027
0.790266
0.429823
0.666257
0.675225
0.556352
0.558738
0.704886
0.567640
0.550542
0.617797
0.193618
0.954953
0.489596
0.937915
0.610224
0.813715
0.693118
0.638717
0.680697
0.794867
0.802339
0.559506
0.735023
0.794472
0.481991
0.082921
0.666163
0.602847
0.758404
0.806122
0.661129
0.562722
0.542678
0.764034
0.802197
0.771334
0.670378
0.975052
0.725130
0.684613
0.853257
0.608438
0.131476
0.052364
0.813253
0.686336
0.659540
0.102914
0.685065
0.564479
0.963386
0.626436
0.780917
0.773884
0.600125
0.578743
0.693210
0.072080
0.052788
0.534081
0.716436
0.712247
0.469970
0.138811
0.806159
0.693125
0.553013
0.673653
0.664145
0.534662
0.616121
0.753041
0.660992
0.632348
0.529478
0.411939
0.690238
0.679862
0.702712
0.612555
0.927437
0.521061
0.498282
0.075079
0.594404
0.747988
0.579187
0.837612
0.910909
0.690338
0.768755
0.810318
0.748161
0.977603
0.673162
0.663337
0.634500
0.629624
0.131259
0.674968
0.700634
0.617519
0.564729
0.658551
0.951144
0.673599
0.482710
0.789167
0.577403
0.664540
0.731380
0.901857
0.875243
0.631690
0.167631
0.716633
0.415997
0.438573
0.712196
0.096442
0.730521
0.593462
0.666232
0.822409
0.760217
0.649496
0.644815
0.668137
0.656522
1.019047
0.675629
0.978108
0.684691
0.461469
0.537766
0.614589
0.805655
0.513388
0.558419
0.925347
0.778975
0.859357
0.735534
0.614115
0.978375
0.026963
0.586180
0.486980
0.082819
0.940010
0.652669
0.463723
0.708526
0.692826
0.630714
0.610654
0.835347
0.628274
0.848730
0.687921
0.717919
0.592175
0.588385
0.815979
0.445157
0.603664
0.162523
0.653435
0.482052
0.209058
0.848960
0.644162
0.430346
0.625045
0.776786
0.690781
0.752365
0.791999
0.918443
0.677378
0.625752
0.831866
0.903658
0.700047
0.324953
0.641159
0.647395
0.822284
0.183146
1.010802
0.621422
0.854040
0.622496
0.626762
0.565893
0.785237
0.560255
0.326840
0.889898
0.775232
0.789062
0.774159
0.656162
0.669063
0.693201
0.556547
0.449103
0.998168
0.659657
0.563128
0.822892
0.870284
0.636551
0.645859
0.585060
0.620700
0.619449
0.117629
0.817427
0.667586
1.003764
0.824290
0.834932
0.492049
0.498558
0.632610
0.825820
0.684629
0.830685
0.802175
0.563236
0.790856
0.033843
0.085897
0.608181
0.046865
0.988623
0.663006
0.592829
0.166824
0.527598
0.066353
0.978437
0.815646
0.464621
0.727013
0.796647
0.590364
1.018523
0.872540
0.485883
0.582235
0.740958
0.801392
0.152890
0.557922
0.667404
0.647375
0.861686
0.410261
0.162947
0.672740
0.450681
0.733178
0.611729
0.801881
0.503775
0.640799
0.511343
0.664722
0.512988
0.742665
0.659819
0.720917
0.975595
0.992228
0.644715
0.559123
0.681493
0.739681
0.641357
0.810363
0.600007
0.504737
0.838241
0.495465
0.582880
0.698441
0.620524
0.194958
0.591494
0.464436
0.534558
0.050141
0.609215
0.856695
0.250070
0.657323
0.418963
0.477568
0.501474
0.690995
0.908872
0.703779
0.768407
0.533986
0.850436
0.842805
0.656440
0.776233
0.729654
0.477644
0.555358
0.512090
0.738258
0.607937
1.018458
0.297897
0.714722
0.635199
0.488208
0.496479
0.576098
0.985222
0.552945
0.043749
0.817378
0.933024
0.924478
0.955800
0.720343
0.640508
0.679668
0.730054
0.475725
0.476513
0.980600
0.642370
0.605996
0.680709
0.578947
0.643414
0.811815
0.693576
0.615628
0.897110
0.576707
0.617267
0.657367
0.630923
0.040327
0.677927
0.731580
0.912920
0.578600
0.793468
0.430900
0.697623
0.505504
0.825659
0.338603
0.646526
0.648589
0.832597
1.020672
0.565477
0.719395
0.574136
0.599246
0.530142
0.557042
0.845199
0.144290
0.693378
0.770122
0.886537
0.094609
0.609519
0.795883
0.090503
0.854199
0.916318
0.982090
0.645397
0.916113
0.947378
0.576113
0.583492
0.447983
0.745914
0.354761
0.836432
0.445261
0.701095
0.792946
0.987108
0.934814
0.600202
0.823596
0.045721
0.483087
0.116585
0.565277
0.728448
0.036580
0.502142
0.622396
0.765146
0.904340
0.591657
0.619822
0.920612
0.593013
0.074681
0.817742
0.357383
0.488080
0.321464
0.582782
1.007876
0.121090
0.667327
0.627026
0.780744
0.442334
0.756132
0.747797
1.027572
0.559941
0.600711
0.277960
1.026066
0.673163
0.494347
0.631733
0.487390
0.523650
0.764092
0.489493
0.565895
0.098400
0.988171
0.837585
0.825329
0.606792
0.673966
0.795939
0.498303
0.691004
0.986927
0.870578
0.761635
0.761622
0.787615
0.851611
0.719501
0.606910
0.135881
0.967175
0.715112
0.078423
0.696799
0.734294
0.640742
0.869172
0.548350
0.820700
0.440269
0.750704
0.781850
0.562903
0.892374
0.654243
0.421857
0.986800
0.657593
0.494270
0.022996
0.428409
0.795103
0.510738
1.004412
0.169567
0.722788
0.669014
0.462306
0.624256
0.655257
0.617090
0.518625
0.775914
0.064097
0.403954
0.903949
0.493822
0.799218
0.684858
0.634701
0.383290
0.994783
0.577426
0.719652
0.845410
0.784993
0.456364
0.029077
0.654785
0.758258
0.789232
0.756566
0.352966
0.827997
0.632103
0.797383
0.106766
1.006903
0.663576
0.980757
0.922725
0.725315
0.788092
0.601063
0.088063
0.512387
0.737128
0.582273
0.663907
0.674470
0.615681
0.875138
0.982319
0.476561
0.694661
0.949339
0.479719
0.772583
0.627531
0.723479
0.581845
0.681681
0.575268
0.815168
0.709592
1.002890
0.621915
0.636459
0.737651
0.693284
0.807234
0.563059
0.502979
0.991110
0.785222
0.739913
0.586440
0.765676
0.527528
0.587090
0.647737
0.785957
0.568034
0.587961
0.525665
0.793017
0.654784
0.988959
0.211575
0.031877
0.503479
0.713770
0.577022
0.664899
0.692668
0.583540
0.591994
1.015124
0.491343
0.569119
0.517618
0.790413
0.641329
0.558418
0.095499
0.774470
0.670156
0.569158
0.685614
1.021887
0.699956
0.691730
0.549978
0.627376
0.882266
1.178940
0.649754
0.528591
0.602374
0.695507
0.656628
0.126534
0.600247
0.503147
0.952103
0.763132
0.832332
0.786932
0.905351
0.706766
0.685068
0.031633
0.872118
0.637088
0.448359
0.614532
0.698247
0.677655
0.995194
0.633349
0.373497
0.753569
0.890235
0.745136
0.654576
0.521553
0.120045
0.671820
0.636970
0.552557
0.639771
1.025958
0.816481
0.541138
0.527849
0.899590
0.477922
0.641242
0.526898
0.758032
0.716486
0.509939
0.646349
1.031782
0.926622
0.693148
0.311229
0.851066
0.861768
0.785076
0.582525
0.800648
0.646879
0.402290
0.505459
0.573022
0.525735
0.672723
0.640841
0.658213
0.597093
0.703987
1.027644
0.702236
0.593912
0.635557
0.669317
0.739111
0.646140
0.841096
0.783561
0.977576
1.032987
0.177109
0.047326
0.659995
0.276857
0.628182
0.751939
0.638689
0.580133
0.487416
0.752094
0.842315
0.028794
0.372186
0.636697
0.694777
0.816991
0.707534
0.538520
0.751684
0.044222
0.838005
0.540197
0.832792
1.059595
0.681732
0.186587
0.747287
0.557818
0.681184
1.049963
0.920820
0.543916
0.771055
0.543656
0.922274
0.581569
0.755714
0.809724
0.608289
0.063893
0.429724
0.623130
0.864317
0.753536
1.014973
0.646088
0.826419
0.977687
0.672549
1.037715
0.882564
0.544662
1.001204
0.685774
0.490435
0.616616
0.737056
0.688144
0.751942
0.819004
0.719236
0.095341
0.574251
0.766402
0.662973
0.732015
0.648295
0.937116
0.846739
0.388354
0.625706
0.528910
0.807055
0.520979
0.690904
0.743991
0.459035
0.107800
0.055433
0.338790
0.635672
0.566748
0.602081
0.724094
0.668443
0.561649
0.675130
0.712180
0.858974
0.837236
0.728424
0.820177
0.648434
0.806870
0.078098
0.476124
0.150216
0.786597
0.630863
0.807707
0.549502
1.070736
0.589575
0.665666
0.663696
0.761577
0.810187
0.736525
0.778936
0.669046
1.058361
0.607239
0.451338
0.705073
0.616160
0.035402
0.540005
0.638017
0.828465
0.350757
0.758361
0.529187
0.555215
0.853491
0.709361
0.522204
0.805536
0.711536
0.739708
1.023852
0.554714
0.952460
0.982205
0.811978
1.077399
0.551518
0.677362
0.795642
0.895947
0.773869
0.181823
0.553975
0.289736
0.502240
0.142583
0.776064
0.562818
0.882057
0.585816
1.015335
1.097695
0.829999
0.599710
0.811110
0.734553
0.929644
0.590973
1.031931
0.516595
0.876574
0.481143
0.521828
0.845128
0.692948
0.132757
0.804400
0.720049
0.799398
1.027428
0.573376
0.662271
0.518677
0.953717
0.552541
0.986307
0.838632
0.688192
1.025651
0.615711
0.833827
0.761284
0.819185
0.695708
0.446260
0.667843
0.530908
0.797004
0.658542
0.856678
0.527901
0.216889
0.937391
0.741701
0.193208
0.814167
0.406196
0.741638
0.747051
1.088092
0.045044
0.341503
0.578907
0.827885
0.451630
0.493004
0.608567
0.728913
0.504131
0.525242
0.750600
1.065344
0.654533
0.940229
0.697205
0.520401
0.571908
0.580269
0.978140
0.565617
0.462807
0.686367
0.837115
0.881009
0.038347
0.805457
0.997173
0.648546
0.683491
0.064727
0.719626
0.938737
0.693963
0.874053
0.567771
0.700679
0.641260
0.951791
1.050537
0.704934
0.506750
0.594895
0.564892
0.672731
0.654068
0.605201
0.886223
0.828805
0.617724
0.832281
0.862814
0.505894
0.836831
0.986292
0.911500
0.699096
0.558127
0.626810
0.952985
1.055274
0.156280
0.497431
1.088513
0.846102
0.830105
0.622937
0.443006
0.588029
0.702195
0.570299
0.810960
0.562675
0.554799
0.571701
0.524111
0.476251
0.822857
0.604223
0.713382
0.681976
0.702435
0.632829
0.392684
0.659120
0.813474
0.690909
0.517626
0.566741
0.915162
0.638430
0.794431
0.247338
0.632931
0.513710
0.615600
1.080746
0.030035
0.540893
0.869659
0.721826
0.777198
0.799133
0.901099
0.943567
0.613302
0.772877
1.034201
0.035500
0.566478
0.832411
0.038339
0.756946
0.697265
0.546324
0.210407
1.136226
0.523113
0.759337
0.866118
0.497981
0.800161
0.084482
1.009620
0.613831
0.779358
0.702568
0.011747
0.488967
0.614947
0.816339
0.658144
0.611511
0.919225
0.684651
0.630007
0.793966
0.914812
0.822645
0.178969
0.753570
0.899988
0.637015
0.609581
0.877690
1.137299
0.473188
0.984222
0.860286
0.695346
0.715818
0.648284
0.922781
0.756819
0.728152
0.674147
1.175290
0.761416
0.588824
0.662725
0.739436
0.721291
0.793810
0.719291
0.815153
1.198454
0.672336
0.665206
0.852347
0.526499
0.049905
1.138572
0.675599
0.813202
0.650251
0.938033
0.726574
0.723824
1.116579
0.717337
0.426347
0.846689
0.316987
1.036875
0.548096
0.573356
0.729649
0.917200
0.700972
0.512344
1.104587
0.179235
0.815777
0.716175
0.489435
1.034446
0.733371
0.951851
0.570264
0.018340
0.631225
0.726445
0.688555
0.804606
0.877862
0.553043
1.058671
1.005582
0.819466
0.672276
0.956343
0.973306
0.902439
0.418588
0.778813
0.057996
0.669275
0.737019
0.635514
0.654626
0.608253
0.778508
0.697898
0.992774
0.570802
0.525092
0.122342
1.097475
0.553985
0.620845
0.653176
0.725622
1.047201
1.084545
0.541804
0.642797
1.073581
0.637732
1.089258
0.015587
0.814792
0.805693
0.452135
0.795367
0.730391
0.177611
0.877845
0.784340
0.568231
0.844048
0.481289
0.093662
0.417877
0.794003
0.999167
0.656348
0.071948
0.842279
0.461586
0.798218
0.681253
0.647653
0.507300
0.765061
0.591486
0.013649
0.777357
0.934814
0.466352
0.833952
0.792512
0.762413
0.480696
0.503229
0.778241
0.895264
0.710604
0.010851
0.974697
0.653953
0.545839
0.490275
0.926954
0.707158
0.128360
0.702897
0.876146
0.829724
0.746705
0.690326
0.779301
0.774473
0.684537
0.148326
0.726035
0.697955
0.795319
0.032222
0.518038
0.732630
0.438081
0.590545
0.706734
0.878686
0.687356
0.164256
0.779288
0.496014
0.638622
0.859415
0.979069
0.633125
0.471110
1.079957
0.725366
0.696801
0.133593
0.629447
0.731876
0.830798
0.699481
0.535909
0.678804
0.505082
0.835055
0.616853
0.528422
0.943619
0.060416
0.488526
0.868023
0.639061
0.410927
0.523097
0.780804
0.897835
0.598788
0.782591
1.082769
0.489839
0.038158
0.601408
0.499515
0.588591
0.764804
1.069855
0.768467
0.701969
0.721713
0.883420
0.673251
0.623507
0.851693
0.624107
0.917124
0.693786
0.817998
1.047882
0.078489
0.826707
1.007065
1.026977
1.004207
0.825397
0.693717
0.767103
0.407127
0.025503
1.101497
0.820448
0.462481
0.579197
0.586240
0.635843
0.664054
0.035628
0.345371
1.043480
0.515459
0.761163
1.109491
1.081603
0.692432
0.635004
0.694122
0.518031
0.510796
0.063827
0.881749
0.624778
0.497651
0.523714
0.592099
0.878650
0.938533
0.754936
0.801276
0.917592
0.596279
0.706963
0.377652
0.557669
0.868742
0.605880
0.706921
0.679699
0.531649
0.515155
1.106278
0.345732
0.966297
0.060868
0.522290
0.417433
0.563684
0.899032
0.434787
1.057167
0.146860
0.746363
0.722283
0.829478
1.097654
0.698256
0.999239
0.739066
0.475132
0.711228
0.534967
0.483494
0.780567
1.079595
0.305719
0.469000
0.542438
0.717326
0.586937
0.590831
1.082068
0.539854
0.919051
0.531301
0.482907
0.606350
0.531605
0.709488
0.698255
0.659871
0.998458
0.526875
1.026263
0.616767
0.580282
0.594254
0.780272
0.663353
0.686660
1.167802
0.522376
0.637621
0.843083
0.914197
0.543286
0.697402
0.540360
1.110870
0.799784
0.027538
0.813413
0.766806
0.807881
0.559997
0.773749
0.902947
0.540152
0.606960
0.690845
0.577101
0.585246
0.752149
0.708498
0.216567
0.484416
0.778207
0.074989
0.688575
0.920109
0.380757
0.530968
0.520147
0.720958
0.738030
0.772758
0.837328
0.584165
0.549599
0.027983
0.656187
0.754821
0.791890
0.450930
1.093051
0.438223
0.572856
1.067843
0.373066
0.491040
0.689273
0.103683
0.637935
0.548715
0.574897
0.087721
0.727226
0.781212
0.746379
0.477269
0.754656
0.637688
0.672413
0.666835
0.476969
0.749805
0.800160
0.563302
0.961886
0.770283
0.788465
0.882269
0.765539
0.580496
0.822055
0.786664
1.040445
0.931028
0.539128
0.459711
0.619877
0.807210
0.361838
0.812616
0.812495
0.831205
0.562237
0.764500
1.058868
0.905005
0.849175
0.933674
0.106896
0.914905
1.110040
0.641986
0.841220
0.697520
0.476879
1.094325
0.761047
0.396788
0.884028
0.562744
0.782355
0.135523
0.582218
0.676946
0.764273
0.774079
0.906216
0.845455
0.567522
0.569105
0.597034
0.779562
0.576921
0.562590
0.690093
0.633088
0.897063
0.579768
0.803706
1.100075
0.947810
0.595069
0.519736
0.948235
0.557006
0.512992
1.017297
0.752786
0.404345
0.561062
0.704333
0.568206
0.502500
0.087646
0.591253
0.672151
0.555688
0.692486
0.803090
0.613183
0.886928
0.542784
0.830943
0.648979
0.612137
1.073240
0.629350
1.056787
0.483721
0.545582
0.674590
0.789773
0.848896
1.048687
0.956982
0.701165
0.473998
0.813436
0.659759
0.708543
0.676490
0.487247
0.811619
0.585937
0.501981
0.702356
0.687688
1.106373
0.527712
0.478064
0.945041
0.703424
0.847304
1.090989
0.143168
0.708952
0.579801
0.890487
0.922314
0.486411
0.718123
0.740305
0.859990
0.772508
0.563086
0.603395
0.616161
0.727996
0.478213
0.715193
0.754508
1.008129
0.597698
0.681887
0.893842
0.206337
0.614206
0.632867
0.493968
0.667245
0.914250
0.775853
0.856044
0.061112
0.808287
0.868517
0.080322
0.913155
0.895407
0.804529
0.866238
0.475888
0.565871
0.390436
0.554127
0.842518
0.506166
0.549562
0.641813
0.702066
0.217880
0.803659
0.765672
0.601769
0.792712
0.388134
0.714701
0.021599
0.464889
0.231773
0.749568
0.830957
0.599566
0.848751
0.862231
0.578196
1.110887
0.449389
1.020964
0.829232
0.717817
1.087823
0.810668
1.091640
0.892084
1.078372
0.483402
0.696909
1.067602
0.962391
0.924745
0.730907
0.893945
0.472123
0.055371
0.515590
0.399166
0.861515
0.644049
0.474089
0.705608
0.519571
0.831160
0.917358
0.603853
0.857542
1.102700
0.652033
0.904289
0.465212
0.862994
0.830583
0.433076
0.626509
0.560544
0.994890
0.564438
0.547676
1.054038
0.764130
0.931238
0.102926
0.681972
0.590793
0.540170
0.505335
0.717817
0.682800
0.518264
0.759354
0.627233
0.805407
0.722570
0.557982
0.115339
0.492508
0.096390
0.723851
0.683554
0.621298
0.030650
0.825959
0.041301
0.382209
0.592702
0.679743
0.505187
0.627486
0.703422
1.040443
0.411206
0.558435
0.709491
0.491857
0.693509
0.613112
0.287595
0.697882
0.554120
0.769668
0.678789
0.700690
0.802211
0.996854
0.667654
0.464477
0.597404
0.850560
0.816090
0.463370
0.673777
0.568802
0.094282
0.500418
0.647475
0.277645
0.804582
0.727580
0.751116
0.843848
0.090738
0.580366
0.719060
0.670398
0.462141
0.022050
0.640183
0.562719
0.717321
0.722132
0.738593
0.564853
0.705528
0.032313
0.593797
0.789550
0.837362
0.719059
0.982631
0.549534
0.615881
0.711199
0.591125
1.012549
0.752612
0.482662
0.533481
0.482765
0.475431
0.680601
0.855702
0.607601
0.158340
0.922434
0.925629
0.661402
1.100702
0.740717
0.729311
0.640366
0.848559
0.854131
0.542154
1.065514
0.984618
0.596735
0.772931
0.701247
0.209272
0.033301
0.557319
0.891986
1.019080
1.062013
0.702210
0.499612
0.580538
0.826439
0.491817
0.713805
0.461345
1.090453
0.823449
0.629414
0.624730
0.944976
0.832903
0.081199
0.605500
0.530647
0.688692
0.572142
0.555568
0.095493
0.062493
0.054737
0.812183
0.489673
0.659350
0.120404
0.744394
0.586049
0.490444
0.443708
0.820087
0.725205
0.691762
0.610015
0.796434
0.612712
0.827652
0.101103
0.777574
0.769661
0.539482
0.763249
1.005606
0.759670
0.823167
0.859198
0.163702
0.972778
0.827409
0.581912
0.729714
0.344519
1.059208
0.685378
0.968419
0.703415
0.861657
0.622875
0.669786
0.245143
0.981405
0.936811
0.209293
1.074376
0.363344
0.727879
0.284499
0.720659
0.713192
0.787393
0.962170
0.849590
0.474582
0.843996
1.069887
0.870296
0.619874
0.399608
1.100312
0.621953
1.114916
0.524168
1.108759
0.122715
0.670071
0.853364
0.582665
0.750992
0.497109
0.711928
0.840700
0.606125
0.379042
0.656218
0.607183
0.415017
1.014213
1.107528
0.775521
0.760802
0.790339
0.744445
0.609049
0.086024
0.705102
0.710959
0.630673
0.878387
0.605313
0.485530
0.945796
0.389440
0.379445
0.782739
0.857702
0.051381
0.579912
0.678331
0.518311
0.736233
0.630541
0.595321
1.090970
0.610525
0.634099
0.545540
0.788992
0.586771
0.970902
0.938504
0.825094
0.706272
0.786782
0.663036
0.832165
0.903612
0.390402
0.818083
0.088292
0.896047
0.856218
1.123852
0.849722
0.792902
0.665063
0.050030
0.703162
0.173385
0.621937
0.763578
0.596216
0.596234
0.694422
0.784655
0.649741
0.101379
0.859125
0.937080
0.305553
0.569086
0.808307
0.785417
0.758317
0.542742
0.613751
0.464005
0.824612
0.600823
0.698083
0.659455
0.815371
0.508228
0.790475
0.921561
0.599133
0.125189
0.611177
0.653746
0.729246
0.563876
0.765114
0.755750
0.592678
1.066017
0.687974
1.078488
0.480161
0.527750
0.037994
0.699040
0.827196
1.034646
0.752983
0.775485
0.467891
0.469933
0.108584
0.884400
0.641402
0.488147
0.734238
1.097589
0.818400
0.815730
0.630960
0.914894
0.599393
0.749470
0.113047
0.810400
0.031583
0.561485
0.557271
0.767407
0.006873
0.235143
0.862264
0.788141
0.077370
0.830520
0.506750
0.864117
0.870568
0.856231
0.704679
0.445034
0.628525
0.664854
0.442318
0.647562
1.028829
0.367332
0.587877
0.808143
0.732157
0.840528
0.517325
0.826066
1.085912
0.471273
0.815255
0.636609
0.624474
0.489060
0.648135
0.707196
0.697172
0.599560
0.726490
0.714421
0.937221
0.602798
0.588987
0.834686
0.587181
0.557330
0.618319
0.694014
0.732826
0.651714
0.805756
0.864765
1.076141
0.173414
0.822012
1.043377
0.575778
0.613837
0.537281
0.795454
0.765849
0.588887
0.712563
0.889218
0.741410
0.556621
0.808890
0.963893
0.593418
0.859558
1.015780
0.095114
0.465586
1.101477
0.570396
0.028425
0.854575
0.040752
0.418289
0.850229
0.521667
0.599544
0.511325
0.860897
0.691096
0.711252
0.032269
0.930852
0.711220
0.613134
0.568325
0.533556
1.095863
0.864445
0.345068
0.814670
0.854459
0.693522
0.568322
0.775607
0.693925
0.392673
0.571536
1.080658
0.587338
0.763065
0.789348
0.797585
0.137264
0.493384
0.615264
0.722331
0.833689
0.724322
0.540366
0.714040
0.934265
0.686203
1.017861
1.006540
0.573024
1.078539
0.817966
0.823732
0.689568
0.776141
0.508467
1.028669
0.625599
0.458714
0.674209
0.971650
0.825420
0.070204
0.793894
0.532234
0.617434
0.472860
0.664305
0.543775
0.727533
0.784237
0.511667
0.454466
0.798404
1.099686
0.959532
0.337223
0.084094
0.788095
0.761632
1.047026
0.841660
0.598173
0.626753
0.638224
0.712622
0.625745
0.473240
0.740967
0.651960
0.530837
0.876738
0.957279
0.817899
0.496160
0.340971
0.798803
0.370086
0.861803
0.708238
0.908310
0.013355
0.597648
0.636337
0.761847
0.075157
0.838475
0.738230
0.438358
0.908205
0.993832
0.731699
0.606971
0.744771
0.749938
0.810417
0.677802
0.445776
0.828290
0.648901
0.839261
0.818658
0.655276
0.935721
0.660312
0.120037
0.833615
0.731929
0.493021
0.799640
1.108125
0.316249
1.112229
0.764398
0.767753
1.092799
0.584622
0.818548
0.647214
0.595246
0.738067
0.725414
0.967899
0.911353
0.818850
0.939882
0.738603
0.686001
0.579548
0.491351
0.746169
0.812256
0.054646
0.723832
0.773233
0.348110
0.729987
0.490036
0.544106
0.865951
0.818864
0.946851
0.507952
0.676422
0.678872
0.450696
0.789633
0.656278
0.846615
0.542835
0.588314
0.840492
0.787625
0.716583
0.518478
0.589244
0.635998
0.684875
0.572735
0.527049
0.494690
0.641937
0.179388
0.655358
1.092350
1.086839
0.830254
0.657845
0.736155
0.713670
0.358802
0.537004
0.499804
0.653222
0.698110
1.090151
0.521407
0.555361
1.099733
0.806458
0.995497
0.819393
0.794048
0.652304
0.845371
0.566819
0.874427
0.931939
0.586575
0.632147
0.783925
0.887142
0.729848
0.756222
0.760411
0.754110
0.991540
0.723827
0.758346
0.711279
0.788223
0.594274
0.561610
0.586585
0.616243
0.975443
0.683682
0.800309
1.131708
0.746270
0.976044
0.885188
0.237919
0.536367
0.469406
0.178577
0.869024
0.783644
0.727906
0.853676
0.935621
0.022627
0.265558
0.606283
0.615036
0.635148
0.859811
0.430160
0.799112
0.909876
1.075980
0.965499
0.744871
0.525231
0.092160
0.479636
0.534530
0.603257
0.544432
0.731104
0.537867
0.809742
0.649408
0.851996
0.529163
0.603230
0.148833
0.518310
0.755037
0.716918
0.702984
0.640993
0.753466
0.767252
0.759370
0.745559
1.058582
1.081299
0.527167
0.454346
1.025331
0.574576
0.257463
0.709543
0.681411
0.789320
0.870731
0.787263
0.818590
0.508214
0.885203
0.178447
0.985732
0.713116
0.527516
0.635759
0.819403
0.629586
0.719592
1.081280
0.517734
0.650012
0.607566
0.704354
0.681434
0.604553
0.993873
0.855510
0.721565
0.586125
0.836417
0.825620
0.832140
0.658594
0.929460
0.747880
0.606746
0.753185
0.561351
0.557786
0.581231
0.570362
0.682660
0.877387
0.048993
0.944932
0.838450
0.649322
1.028913
0.465221
0.811080
0.793656
0.451526
0.526407
0.934709
0.568547
0.792399
0.847493
0.647928
0.514707
1.106211
0.612071
0.549799
0.717184
0.304737
0.627190
0.899132
0.558153
0.872513
0.802678
0.626135
1.103532
0.546121
0.635618
0.580504
0.820772
0.849149
0.513955
0.653229
0.736779
0.591000
0.895894
0.324897
0.522205
0.031853
0.822487
0.474469
1.011243
0.514007
0.730579
0.830975
0.375956
0.751424
0.459583
0.562638
0.556966
0.805520
0.040958
0.668156
0.682856
0.769121
0.742049
0.053062
0.345213
0.917652
0.628723
0.780048
0.709005
0.822271
0.594423
0.526798
0.554797
0.805235
1.073554
1.104968
0.652935
0.564212
0.798982
0.776149
0.611249
0.631119
0.837954
1.097544
0.118316
0.813874
0.446976
0.670930
0.537445
0.477349
0.691853
0.651418
0.945277
1.014795
0.741207
0.869104
0.679643
0.544253
0.840842
0.880667
0.686698
0.795990
0.818020
0.731372
0.578200
0.757640
0.704702
0.514905
0.092252
0.409628
0.258169
0.618594
0.900735
0.635711
0.957152
1.114506
0.611550
0.470285
0.902389
0.579697
0.849478
0.661412
0.586751
0.661628
0.521868
1.065351
0.722143
0.724093
0.850711
0.974803
0.396314
0.908470
0.770193
0.021292
1.114402
0.755101
0.775366
0.569297
0.889824
0.830698
0.773020
0.068526
0.635205
0.725015
0.818133
0.883730
0.329033
0.835803
0.640974
1.029426
0.097523
0.577428
1.029991
0.798947
0.818328
0.738880
0.645426
0.783676
0.638941
0.756757
0.633308
0.922841
0.703887
0.698731
0.805376
0.731233
0.442557
0.914070
0.820150
0.355443
0.629018
0.648215
0.938008
0.851330
0.036964
0.459567
0.884340
0.756527
1.013288
0.677024
0.649862
0.652971
0.605129
0.650958
0.822324
0.349691
0.216068
0.298564
0.255399
0.745732
0.721542
0.544412
0.851184
1.095061
0.024216
0.502785
0.778128
1.031801
0.498603
0.499377
0.761313
0.695397
0.407270
0.903123
0.091041
0.362158
0.781532
0.335915
0.911175
0.449649
0.465736
0.544418
0.721145
1.033952
0.786808
0.853666
0.489015
0.049311
0.935613
0.937363
0.993445
0.082083
0.934584
0.505581
0.632736
0.589758
0.520032
0.528503
0.643787
0.845516
0.771902
0.754577
0.627924
0.750972
0.694499
0.876854
0.696080
0.639359
0.636531
0.568524
0.615078
0.675134
0.527977
0.437837
0.971907
0.780942
0.178434
0.861478
0.560950
0.714123
0.536879
0.905039
0.880819
0.997122
0.969221
0.668108
1.059380
0.481692
0.590229
0.866664
1.015302
0.050562
1.084731
0.758875
0.758931
0.602792
0.167969
0.739304
1.115739
0.664222
0.577797
0.957086
0.527977
0.996877
0.076881
0.803349
0.748565
0.798937
0.933587
0.990710
0.574789
0.510391
0.598699
0.891567
0.714110
0.857044
0.829913
0.062494
0.661454
0.458006
0.332900
0.719187
0.156543
0.811422
0.081369
0.739864
1.102963
0.562250
0.645861
0.804558
0.828024
0.651396
0.674553
0.948881
0.749268
0.526126
0.249948
0.826957
0.899112
1.067432
0.645298
0.432809
1.066563
0.746716
0.503742
0.944687
0.529173
0.271984
0.773019
0.675334
0.090840
0.731013
0.550612
0.461056
0.945841
0.989441
0.110946
1.085707
0.789927
0.795664
0.711211
0.756191
1.069249
1.053635
0.933020
0.647732
0.851354
0.634654
0.913702
0.745021
0.060435
0.994571
0.809195
0.913093
0.802593
0.292658
0.839410
0.821333
0.710901
0.681425
0.666799
0.847985
0.893508
0.777479
0.232166
