1.167038
1.122948
1.646422
1.837016
0.487490
0.053952
0.938937
1.552103
1.657958
1.000168
1.415829
1.754417
1.599380
2.046720
1.230782
0.175481
1.245618
0.901323
1.577036
0.821093
2.094384
0.060846
1.672227
1.953421
1.160836
1.610027
1.635845
1.864152
1.334169
1.423485
0.838753
1.197809
1.641902
2.134928
1.400562
1.638376
1.122843
1.514946
1.544362
0.961206
0.994512
1.287210
1.218118
1.271183
1.550251
0.902344
1.621926
1.472893
1.011717
1.920081
1.938781
1.452144
0.601001
1.345919
1.319901
1.006181
1.419747
1.221065
1.183857
1.004340
1.129742
0.169929
2.045853
1.279816
1.410640
1.400609
1.489818
1.499867
0.078055
0.121369
1.433493
0.016735
1.853286
2.125667
1.274405
1.087863
1.717335
1.181345
1.349718
1.489342
2.038975
1.734753
2.044038
0.916802
1.175410
1.392306
1.097193
1.394484
1.424483
1.495878
1.068796
2.116241
1.114583
1.438566
1.069645
1.262990
1.574163
1.485886
2.076615
0.853453
0.802650
1.174884
0.615482
0.990634
1.364971
1.026342
1.054371
1.535160
1.271705
1.644591
1.974236
0.432822
1.600408
1.372744
1.241994
2.144949
1.703337
1.081913
1.697051
1.495203
1.178883
1.464624
1.630014
0.880625
0.906581
1.961089
1.581398
1.666303
1.128343
1.739694
0.944919
1.495585
1.533312
1.271553
0.107711
1.581543
1.124576
1.419181
1.502440
1.346059
1.444021
1.370576
1.520389
1.565853
1.245663
1.278735
1.620047
1.368663
1.198174
1.489573
1.823616
1.184200
1.277932
1.140973
1.178398
0.607135
1.384662
1.383281
1.352597
1.160460
1.488432
0.935347
1.543563
1.184912
1.190367
1.487111
1.430333
1.018791
1.269567
1.493855
1.286974
1.168970
1.287179
0.050262
1.536902
1.264566
1.154496
1.081177
1.388038
2.103514
1.444871
1.020090
0.784375
0.042338
1.713939
1.577848
1.482402
1.220542
1.499742
1.090347
1.785783
1.187260
1.867705
1.420185
1.324215
1.237006
1.571460
1.159684
1.360472
1.232669
0.103218
1.418987
1.980209
1.425484
1.340795
1.890650
1.635940
1.512817
1.080152
1.406088
1.556649
0.822004
1.332221
1.608714
1.187731
1.565236
1.611455
1.713585
1.343026
1.339773
1.804371
0.455464
0.286908
1.416213
1.794600
1.681924
1.358580
0.914418
1.389646
0.859655
1.425792
1.221080
1.142587
0.635811
1.941457
0.985628
1.161106
1.923786
1.319658
1.413765
0.978641
1.317056
1.517649
1.637042
1.406262
1.791693
1.470937
0.850234
1.087063
1.370818
1.012268
0.067093
1.765247
0.052465
0.015205
1.257444
1.285298
1.543169
1.039484
1.129907
1.137418
1.025011
1.416376
1.242320
1.093268
1.485936
1.127879
1.152367
0.468222
1.205437
0.755414
1.199981
1.340459
0.966215
0.864759
0.824029
1.135801
1.723481
1.409160
1.257473
0.162115
0.839138
1.278206
1.167921
0.602097
1.660800
0.846097
1.003607
0.019135
1.280740
1.240863
0.022532
1.100746
0.873380
1.291168
0.639737
1.045260
1.224389
1.349257
1.168384
0.740448
0.038999
1.138647
1.094432
1.096697
1.311121
1.024184
1.146836
1.375755
1.107203
0.542245
1.267689
0.216750
0.977021
0.957273
0.966721
0.829382
0.974531
0.889759
0.887068
1.012558
1.190038
0.931304
1.053960
1.120205
1.378881
0.153732
0.167756
0.805387
0.974858
1.093897
0.927128
1.046606
1.335808
1.177547
1.182257
0.906151
1.005008
0.804843
0.737031
0.693503
0.928877
0.889643
0.953381
0.740900
0.957161
0.792979
1.208483
1.149868
1.136715
0.937743
1.254885
1.290592
0.824942
0.755159
0.962140
1.203951
1.041114
0.025585
1.054137
1.181052
1.128675
0.020830
1.145794
1.209796
0.772902
1.241631
0.918482
0.888776
0.887969
1.111221
0.916291
0.861416
0.811243
1.246958
1.147942
1.321948
1.075787
1.152084
1.304978
1.228245
0.964823
0.125766
0.796467
0.058622
0.824857
0.933155
1.059674
0.787520
0.637889
1.240715
0.880821
0.875452
0.776285
0.558475
0.282320
0.344248
0.962665
0.714648
1.121898
0.894055
0.694836
0.949670
0.937512
0.757533
0.564271
0.872228
1.088683
0.865392
1.067303
1.102736
0.916807
0.760384
0.095738
1.066319
0.917576
0.805982
1.053723
0.879225
1.004733
1.179534
0.939230
1.002659
1.047405
1.067128
0.935854
1.054825
1.076712
0.091845
0.972628
0.790748
0.756849
1.111192
1.024166
0.766053
0.712978
0.636222
1.077661
1.036120
0.874999
0.740158
0.694301
0.948108
0.982504
0.931860
0.901608
0.931282
0.802611
0.844904
0.774539
0.927469
1.007157
1.002354
0.983443
1.083563
1.019930
0.792520
0.783487
1.060392
1.130697
0.829013
0.849539
0.813106
1.007236
1.032562
0.814711
0.307638
0.991344
0.834005
0.784196
1.071520
0.887712
0.896369
0.910488
1.039709
0.916951
0.795689
1.206692
1.008233
0.920295
0.715994
0.989676
0.725491
0.779632
0.724481
0.466099
0.767435
0.887610
0.765139
0.938221
0.886393
0.080191
0.827686
0.097864
1.012322
0.805913
0.770501
0.889605
0.817727
1.226981
1.087157
0.881999
0.925741
0.749394
0.128702
0.965242
0.733674
0.946185
0.723817
1.109810
0.785566
1.047876
0.085590
1.215501
0.596654
0.143778
0.931430
1.080072
1.083922
1.051688
0.918646
0.835227
1.056581
0.857684
0.800151
1.191976
0.737028
0.710649
0.756070
0.776277
1.008368
0.690359
0.865849
1.034822
0.500210
1.025555
1.077527
1.088992
1.146121
0.941974
0.902473
0.450896
0.142154
0.838256
1.062039
0.956599
0.011418
0.761067
0.794597
1.215164
0.896043
0.700637
0.817286
1.201491
0.634429
1.088793
1.009213
0.981137
0.882946
0.859925
0.884120
0.942578
0.987627
1.006978
0.701909
1.170762
0.882265
0.734456
0.735855
0.615694
0.210686
1.040723
1.037516
0.993395
1.088670
0.941278
0.484268
0.610252
0.880671
0.010497
0.848202
0.735743
0.147291
1.121011
0.831702
0.772312
1.051791
0.882967
0.915746
1.023981
0.774853
0.783578
1.177073
0.818758
0.229635
0.916569
0.721272
1.096510
1.177650
1.100229
0.808581
0.930681
0.917325
0.800942
0.851959
1.128729
0.929002
0.944248
0.922393
0.008328
0.795599
0.746574
0.935789
0.872655
0.983125
1.032629
0.943725
1.151468
1.118809
0.794198
0.751419
1.057475
0.864721
0.812638
0.746872
0.661732
0.714990
1.116319
1.122980
0.951649
0.878561
0.815819
0.563057
0.787040
0.751396
1.056609
0.932685
1.108944
0.976202
0.751467
0.962343
0.808453
0.809231
0.855766
0.724580
0.757624
0.875857
1.095821
0.928735
0.882075
1.050589
1.147395
0.836152
1.164578
0.807359
0.808188
0.946368
0.115607
1.120051
1.152137
1.204518
0.920798
0.488124
0.781922
0.661861
0.997859
0.664663
1.125713
1.291026
0.693761
0.856483
0.666580
0.644887
1.122054
1.184893
0.851074
1.033542
0.854338
0.833616
1.016721
0.753965
0.197036
0.862418
0.762050
0.748807
0.787443
0.893941
0.727348
0.917410
0.714517
0.780792
0.677496
0.822343
0.912662
1.122803
0.749609
0.883277
0.952472
0.762219
0.678632
0.954735
1.014623
0.381970
0.884792
0.595153
0.948926
0.858980
0.913874
0.919708
0.695240
0.705046
0.832599
0.945693
1.081727
1.108203
0.788400
0.035924
0.407646
0.774945
0.746793
0.792519
0.698139
0.721430
0.855568
0.662612
0.652143
0.793737
0.932619
0.738265
1.007390
1.030844
1.104063
1.113347
0.901549
0.766330
0.865711
0.966140
0.462376
0.138540
0.862070
0.918881
0.028406
0.832843
1.117839
1.077466
1.048706
1.089728
0.084750
0.955980
0.823196
0.071853
0.040856
0.971918
0.880339
0.834907
0.963894
0.865543
0.785401
0.498094
0.659772
1.029427
0.656786
1.034583
1.059354
0.736942
1.046960
0.914858
0.795740
0.761312
0.382398
0.442873
0.927539
0.664899
0.611186
0.951078
0.829621
0.418189
0.954650
0.596428
0.988100
0.804185
1.054777
0.778752
0.708776
0.634939
0.901339
0.853963
1.086850
0.812039
0.802565
0.777674
0.963991
0.893679
0.635849
1.017819
0.761503
1.084633
0.783231
1.107576
0.823126
0.868233
0.906398
1.142002
0.564540
1.109264
0.805951
0.736134
0.793447
0.999036
0.855273
0.144899
0.702968
0.849502
0.689789
0.800628
0.690215
0.878601
0.831354
1.011299
0.915633
0.789828
0.462728
0.625171
0.888677
0.825212
0.772111
1.121061
0.098947
0.800323
0.883907
0.113730
0.939942
1.048639
0.850651
0.944164
0.775542
0.734465
0.681363
0.994177
0.714176
0.066737
0.805080
1.093483
0.661254
0.787938
1.094078
0.709878
0.796850
0.781112
0.769110
0.745923
1.023836
0.934711
1.079005
0.770178
0.807361
0.798160
1.102684
0.677842
0.879871
0.885047
0.768861
0.785152
0.996596
1.013128
0.537041
0.749128
0.098791
0.790722
0.857805
0.491345
0.808540
0.693046
0.771852
0.968949
0.796108
0.672599
0.976268
0.814537
0.754315
0.681083
0.808550
1.015033
0.879659
0.350315
0.033643
0.098616
1.087132
0.743831
1.086097
0.792760
0.811054
0.761686
0.980381
0.588823
0.700452
0.978134
0.858660
0.766013
0.900975
0.669748
1.121022
0.973002
0.670975
0.106295
0.943858
1.117869
0.916907
0.972683
0.860145
0.746249
0.754732
0.884565
1.092653
0.930656
0.707019
0.837760
0.814253
1.103116
0.942039
0.867945
0.445815
0.636243
1.131457
0.833050
0.100169
1.158006
0.834557
0.699445
0.866162
1.112432
0.719605
0.671711
0.795916
0.973065
0.684177
0.553627
0.879013
0.846943
0.920761
0.630224
0.688929
0.778657
0.888245
0.649793
0.652213
0.539320
0.915914
0.794475
0.580245
0.878678
0.858611
1.123130
0.704500
1.074953
0.510612
0.084679
0.937172
0.099786
0.931065
0.729175
0.037349
0.740401
0.889300
0.635047
0.762608
0.705712
0.559381
0.757062
0.055404
0.068071
1.013992
0.890353
0.818043
0.807100
0.967223
0.493410
0.859767
0.788245
0.873566
0.820761
1.137478
0.862216
0.783541
0.941407
0.916196
0.903408
0.785771
0.863315
0.835297
0.905076
0.869053
0.673676
0.727967
0.635659
0.663205
0.028654
0.814994
0.854420
0.674791
0.255054
0.739980
0.758704
0.770948
0.639948
1.007389
0.959434
1.149803
0.068476
1.034818
0.652439
0.762210
0.840774
0.783853
1.001828
0.793330
0.749813
1.139160
0.792390
0.643420
0.923410
0.872799
0.973181
0.860450
0.988538
0.690527
0.868380
0.744033
0.945191
0.063219
0.834044
0.493993
0.901444
0.869734
0.801319
0.762448
0.731064
0.934587
0.772231
0.992261
0.710984
1.114291
0.788720
0.891793
0.423941
0.741795
0.927142
1.065095
0.924129
0.807839
0.172571
0.902246
0.721042
0.849874
0.748481
0.744491
0.801592
0.879830
0.812743
0.461573
0.563660
0.817939
1.090143
0.905806
0.853443
0.766325
0.639887
0.764543
0.671706
0.824241
0.695402
0.724097
0.774736
0.810868
0.850963
0.799334
0.916405
0.848059
0.799189
0.698405
1.035684
0.700954
0.111294
0.985131
0.684661
1.156279
0.798164
0.910870
0.969803
0.721560
0.058596
0.089590
0.888082
0.847173
1.161330
0.907087
0.845694
0.673499
0.496755
0.694274
0.829743
0.483518
0.943705
0.876897
0.883044
0.798399
0.654050
0.429941
0.870707
0.842165
0.896713
0.782604
0.924307
0.778704
0.860082
0.923604
0.324225
0.965303
0.821084
0.837784
0.797579
0.797750
0.942367
0.824041
0.845282
0.661724
0.841831
0.769725
1.124780
0.831672
0.707288
0.645054
0.909510
0.892103
0.721886
1.030297
0.845022
0.897090
0.750716
1.033319
0.615887
1.139698
0.702933
0.017999
0.901402
0.052587
1.069534
0.691320
0.654359
1.013952
0.597834
0.915271
0.746605
0.783664
0.984162
0.884574
0.802829
0.762708
0.619656
0.604445
0.557842
0.506876
0.853998
0.639053
0.934232
0.959208
0.588140
0.833634
0.785841
1.111679
0.712607
0.058355
1.007540
0.623030
1.059600
0.694950
0.830250
0.846992
0.862502
0.879252
0.833289
0.929505
0.255322
0.736352
0.822397
0.789942
0.439458
0.796716
0.629280
0.752826
0.776186
0.980444
0.666892
0.628235
0.794010
0.749932
1.181941
0.733938
0.022358
0.978567
0.803883
1.071638
0.957179
0.756856
0.973144
0.827734
1.122794
0.407159
1.121616
0.944313
0.944116
1.123007
1.091266
0.851815
0.731062
0.871681
0.721616
0.813327
0.592418
0.989404
0.902510
0.649040
0.730851
0.042390
0.888555
1.129178
0.588315
0.723068
0.800883
0.112061
1.016575
0.872996
1.103925
0.459818
0.876090
0.635573
0.959629
1.014554
0.099889
0.847454
0.811467
1.029564
0.712926
0.963130
0.717546
1.197783
0.913518
0.783959
0.898952
0.070484
0.815608
0.729907
0.808787
0.649334
0.390748
0.661209
0.653860
0.846042
1.028042
0.050755
1.005556
1.013460
0.758791
0.811919
0.927953
0.764763
0.696193
0.698642
1.090359
0.990145
0.626516
0.029721
1.113605
0.686297
0.853211
0.892901
0.679967
0.883702
0.615048
0.431187
0.702039
0.134493
0.692084
0.732543
0.989068
0.686578
1.144932
0.667113
0.071803
0.617068
0.567866
0.634285
0.879965
0.917587
0.687336
0.987805
0.811002
0.771162
0.053729
0.196998
0.860537
1.044316
0.751106
0.746648
0.936185
0.934033
0.688376
0.650765
0.862363
0.548700
1.020703
0.870122
0.994069
0.867829
0.965635
0.016395
0.726166
0.851576
0.053509
0.898950
0.901616
0.752314
0.794776
0.743466
0.025056
1.135433
0.570740
0.637697
0.702232
0.826320
1.131936
0.744368
0.804567
0.778185
0.890698
1.099713
0.944505
0.007952
0.789511
0.483430
0.801599
0.664763
1.000878
1.144871
0.683134
0.747575
0.725113
0.928434
0.900270
0.013394
0.943248
0.912035
0.761335
0.810823
0.888572
1.282746
0.755244
0.067234
0.063017
0.972004
0.837373
0.066278
0.956581
0.933081
1.129860
0.716734
0.864830
0.840799
0.700548
0.079186
0.211245
1.035478
0.872164
1.133119
0.445514
0.804613
0.887633
0.949951
0.779398
1.131057
0.858600
0.927326
0.926623
0.761163
0.597750
0.732770
0.850795
0.837496
0.782455
0.734023
0.474762
0.044549
1.130745
1.030572
0.793788
1.034859
1.017653
0.698826
0.447700
0.892715
0.966024
0.896158
0.906864
0.809940
0.952265
0.801550
0.891859
0.700565
0.879009
0.849760
0.749942
0.736842
0.922636
0.799293
0.837760
0.133385
0.051122
0.636708
0.408691
0.701203
0.856470
0.709044
0.486056
0.780852
0.853668
0.753663
1.063250
1.018225
0.713052
0.441965
0.707546
0.766262
0.611800
0.979015
0.830367
0.652868
0.779674
0.693494
0.689276
0.624452
0.758956
0.441750
0.726503
0.651457
0.731919
1.010812
0.802183
1.024675
1.020009
1.004308
0.662539
0.926105
0.708633
0.640590
0.838020
1.088453
0.608589
0.660845
1.124425
0.888471
0.814001
0.054517
1.118333
0.589168
0.376837
0.857777
1.061643
0.703965
0.859237
0.779881
0.111494
0.975050
0.765517
0.890548
0.899859
0.573662
0.028164
0.677097
0.460790
1.060530
0.069716
0.813955
0.957643
0.816891
0.912761
0.733992
0.949642
0.736057
0.735736
0.838850
0.069399
0.198293
0.799933
0.690163
0.837475
0.969010
0.813654
0.908907
0.760358
0.737072
0.632958
0.381772
0.750297
0.958759
0.227139
0.739688
0.850379
0.664827
0.715968
0.767215
0.711749
0.838630
1.142657
0.776625
0.513872
0.735044
0.713235
1.089992
0.677978
1.033441
0.824824
0.451683
0.636258
0.631259
1.151846
0.730873
0.800295
0.721294
0.828673
0.840314
0.771016
0.028208
0.084661
0.092539
0.787741
0.867593
0.841764
0.414961
0.867433
0.643394
0.895044
0.820732
0.625429
0.810044
1.012621
0.738582
0.883668
1.024229
0.646292
0.398442
0.960844
0.907986
0.828897
0.997915
1.007111
0.538201
0.872595
0.708476
0.712362
0.967688
0.941116
0.691676
1.058515
0.783534
0.790139
0.762758
0.270996
0.782812
0.026469
0.445541
0.667818
0.917632
0.064142
0.696775
0.677776
0.791875
0.899874
0.718079
0.727214
0.924136
1.056996
0.867730
0.772682
0.631787
0.812490
0.916412
0.671786
0.922782
1.108145
0.860592
0.969918
0.838402
0.806940
0.649761
0.929604
0.819599
0.850868
0.786137
0.716727
0.892044
1.149088
1.036869
0.654444
0.954133
0.781532
0.859717
0.690268
0.872818
0.505384
0.624969
0.753648
0.189052
0.878683
0.736689
0.754612
0.662211
0.841189
0.548478
0.832892
0.902796
0.680128
0.583011
0.850122
0.745274
0.938844
0.948426
0.925298
0.960805
0.775287
0.864939
0.476630
0.704332
0.654073
0.022226
0.939693
0.647911
0.962925
0.771376
0.914454
0.734654
0.374836
1.008943
0.567232
0.849377
1.002945
0.960514
0.981683
0.085798
0.107832
0.996869
0.790527
0.673018
1.031939
0.185814
0.725698
0.758728
0.802458
0.761782
0.711952
0.180038
0.401219
1.150540
0.699147
0.830748
0.740437
0.687849
0.789931
0.596017
0.780100
0.067442
0.085893
0.863414
0.721952
0.734140
0.875240
0.837954
0.946365
0.757097
0.989010
0.857969
0.693962
0.692049
0.635043
0.751313
0.969180
0.534047
0.995873
0.733080
0.899870
0.793190
0.831234
0.757907
0.606289
0.579826
0.767980
0.737329
0.794557
0.870456
0.468391
1.017640
0.031909
0.855849
1.000251
0.949660
0.834585
0.981250
0.724751
0.625433
0.916581
0.889391
0.846686
0.520166
0.891124
0.823825
0.797410
0.671130
0.666915
0.762045
0.740917
0.670288
0.823136
0.645035
0.855396
0.991423
0.652553
0.727260
0.781447
0.787563
0.345860
0.887677
0.884243
0.935639
0.749301
0.723576
0.830450
0.827882
0.837789
1.129660
0.780390
0.660273
0.747986
0.892303
0.665373
0.548183
0.984023
0.609716
1.022119
0.898219
0.855351
0.801219
0.713470
0.785312
0.811988
0.684987
0.726145
0.745336
0.871278
0.621153
0.914231
0.783863
0.910447
0.974756
0.139959
0.913797
0.896920
0.590794
0.929170
0.748659
0.056634
0.898652
0.907516
1.049906
0.713809
0.734862
0.677680
0.759547
0.633720
0.775740
0.623194
0.855065
0.800317
1.047407
0.685988
0.092305
0.792359
0.939117
0.956350
0.710208
0.768013
0.814229
0.742684
0.086649
0.685240
0.761018
0.764798
0.672403
0.738454
0.698360
0.865951
0.956892
0.919819
0.750395
0.758741
0.653889
1.097773
0.907521
0.904782
0.691836
0.693397
0.532550
0.867158
0.956728
0.986805
0.790845
0.804736
0.768943
0.463332
0.716259
0.850366
0.848329
1.117354
1.109399
0.771051
0.767883
0.673827
1.120402
0.738991
0.909075
0.752572
1.128859
0.621886
0.677016
0.195840
0.746483
0.930026
0.583812
0.683596
0.796682
0.846922
1.037134
0.599790
0.863900
0.650884
1.105710
0.959140
0.873149
0.719173
0.571145
0.885429
0.718938
0.865504
0.784908
0.738329
0.014315
0.904314
1.152347
0.910700
0.669922
0.802447
0.893568
0.857864
0.141531
0.878008
0.672076
0.605041
0.815808
0.898029
0.805428
0.388030
0.780513
0.270109
0.031045
0.828241
0.077791
0.777349
0.911984
1.125567
0.843738
0.904333
0.028088
1.145679
0.843956
0.837716
0.843288
0.790875
0.839849
1.137063
0.731012
0.862373
0.875927
1.180672
0.823047
0.725609
0.997389
0.880653
1.133807
0.760924
0.008845
0.775638
0.228964
0.978834
0.792140
0.745955
1.065914
0.786731
0.762157
0.774213
0.694151
0.695879
0.751595
0.905746
0.500279
0.998500
0.901225
0.778413
0.877229
0.722286
0.715518
0.687142
0.960829
0.893263
0.638145
0.807289
0.635277
1.037048
0.772977
0.080250
0.842257
0.856286
0.761170
0.568792
1.103832
0.920005
0.812988
0.696108
0.087797
1.048313
0.892983
0.806712
0.898629
1.035378
0.666543
0.966306
0.831204
0.611322
0.929860
0.896672
0.054124
1.137370
0.696258
0.805734
0.829375
0.612359
0.655696
0.864335
0.742428
0.066917
0.097076
0.885027
0.698203
0.687808
1.017907
0.513931
0.935246
0.768256
0.870675
0.805125
0.122711
0.694704
0.873508
1.078606
0.598125
0.566423
0.813792
0.728903
0.904798
1.117093
0.053782
0.977972
0.961203
0.609894
0.697086
0.684748
0.753244
0.805039
0.851007
0.745589
0.618305
0.108416
0.904126
0.397957
0.785618
0.720948
0.838534
0.243633
0.890720
0.949352
0.078068
0.643347
0.856809
0.085405
0.819998
0.627047
0.914272
1.056354
0.759060
1.060697
0.540397
0.747413
0.984380
1.090911
0.810762
0.729425
0.773609
1.113299
0.984163
1.093571
0.922979
0.383563
0.735730
0.788117
0.881726
0.787496
0.761866
0.680137
0.798032
1.100268
0.837214
0.941853
0.660904
0.785625
0.047306
0.946053
0.657952
0.971130
0.372481
0.845146
0.844295
0.834587
0.046238
0.778121
0.064393
0.863033
1.012225
0.860205
1.123867
0.850341
0.975157
0.835441
0.178031
0.689063
0.850045
1.116841
1.101116
1.002669
0.968177
0.747745
0.833240
0.756176
0.771153
0.597943
0.781170
0.795602
0.854538
0.810027
1.007891
0.770458
1.120865
0.115871
0.724407
0.779888
0.874383
0.990088
0.907001
0.954996
0.758322
0.335641
0.947044
1.143675
0.602044
0.619306
0.852716
1.033923
0.957735
0.653285
0.928725
1.082038
0.817010
1.047106
0.164053
0.782259
0.780824
0.836330
1.012781
0.851662
0.688597
1.155837
0.838036
0.804905
0.022622
0.646664
0.871776
0.549094
0.845004
1.105602
0.895366
0.898735
1.058553
0.839207
0.889324
1.003153
0.675846
0.670631
1.017040
0.957880
1.139970
0.785505
1.018620
0.980310
0.777424
0.830427
0.983078
0.784955
0.809065
0.833493
1.099332
0.141480
0.730692
0.930314
0.724824
1.009415
0.066144
0.826068
0.797892
0.820131
0.798770
0.945504
1.006194
0.997069
0.738103
0.811119
1.135219
0.775774
0.896168
0.734240
1.150720
0.770456
0.699109
0.965166
0.758770
0.753268
1.141107
0.728847
0.695001
0.837478
0.673879
0.873509
0.840540
1.100760
1.067144
0.718701
0.730884
0.879934
0.761853
0.725974
0.847982
0.693957
0.749854
0.870168
0.755729
0.864324
0.494874
0.822440
0.648407
0.708109
1.127214
0.764783
0.809461
0.906996
1.046662
0.210682
0.968209
0.611878
0.829220
0.893180
0.987329
0.794351
0.764961
0.645735
1.076911
0.859883
0.681569
0.403426
0.978918
0.954747
0.715584
0.698047
0.196479
0.752060
0.099758
0.763875
0.776267
0.712856
0.685561
1.081546
0.884590
0.096625
1.128170
0.818308
0.796846
0.565819
0.713501
0.957367
0.806252
0.670848
0.593893
0.997143
0.801489
0.820771
0.892169
1.004752
0.923275
0.612441
0.861158
1.009209
1.132470
0.805627
0.904424
0.784771
1.119303
1.064600
0.976616
0.031724
0.814827
0.377464
0.749377
0.822014
0.725205
0.726858
0.701775
0.817038
0.809949
0.052794
0.873654
0.715257
0.786591
1.071086
0.693262
0.760468
1.115958
0.714498
0.730642
0.765576
0.897063
0.673074
0.734998
0.882519
0.030399
0.748753
0.038139
0.071472
0.881786
0.941024
0.897566
0.910528
0.546569
0.917037
1.147162
0.827059
0.652176
0.871404
0.737122
0.760153
1.143171
0.631793
0.731352
0.395516
0.550303
1.040392
0.856246
0.970652
0.506272
0.747454
0.799704
0.839189
0.860274
0.696361
1.118782
0.973235
0.869283
0.949022
1.113593
0.552656
0.981293
0.632145
0.719656
0.734824
0.796848
0.869828
0.850169
0.654541
0.704793
0.932311
0.781620
0.956888
0.874003
0.771049
0.736253
0.842496
1.117108
0.776418
0.787705
0.841830
0.809345
0.823797
0.939938
1.128036
0.677957
0.676311
0.804381
0.838445
0.935707
0.548755
0.807126
0.783293
0.688853
0.686281
0.875953
0.711007
0.681070
0.744397
0.212894
1.096965
0.662656
1.097599
0.775960
0.985255
0.818658
0.801671
0.827812
0.899754
0.931858
0.705479
0.875431
0.920693
0.630205
0.081191
0.807543
0.747135
0.921645
0.938458
0.914732
0.697853
0.684891
0.937428
0.946109
0.926648
0.822332
1.112195
0.865559
0.816736
0.977621
0.748818
0.163099
0.046059
0.960696
0.847260
0.807602
0.097382
0.825490
0.717702
1.104920
0.772167
0.932253
0.927658
0.730290
0.719129
0.813816
0.074702
0.048124
0.685987
0.861079
0.921946
0.625120
0.140154
0.970490
0.844773
0.708213
0.816126
0.819011
0.694975
0.795447
0.862080
0.827426
0.761428
0.665994
0.550508
0.840496
0.828405
0.837385
0.740173
1.079279
0.665939
0.639646
0.071763
0.740753
0.938935
0.735078
0.993944
1.040808
0.817301
0.913096
0.962156
0.880397
1.123291
0.785031
0.794685
0.777655
0.774466
0.135820
0.823119
0.806721
0.749623
0.693744
0.786635
1.085097
0.817217
0.630608
0.939392
0.726552
0.780801
0.867390
1.054479
1.019531
0.795025
0.174871
0.868240
0.520299
0.547537
0.858112
0.086416
0.870168
0.706968
0.817291
0.991787
0.926700
0.799461
0.768731
0.806342
0.788813
1.156353
0.798152
1.110206
0.813926
0.597628
0.697951
0.760908
0.931895
0.659108
0.694933
1.072586
0.894079
1.019644
0.867064
0.763261
1.113921
0.025304
0.747672
0.588607
0.013623
1.070917
0.796437
0.614507
0.860765
0.797658
0.763505
0.726835
0.996990
0.758118
1.007606
0.820325
0.886930
0.679544
0.688035
0.957560
0.554481
0.756651
0.237642
0.781174
0.602236
0.231521
0.980355
0.769930
0.581160
0.738646
0.899344
0.844673
0.898711
0.948010
1.058015
0.816694
0.736009
1.000356
1.055761
0.811457
0.400807
0.795619
0.801672
0.958043
0.197959
1.145363
0.776685
0.991185
0.757527
0.745512
0.716198
0.925649
0.712089
0.433305
1.036918
0.918983
0.908247
0.919173
0.764601
0.810741
0.842047
0.685473
0.595434
1.134473
0.781628
0.732137
0.969342
1.023630
0.744225
0.775424
0.713162
0.782992
0.763361
0.081137
0.967442
0.817195
1.136821
0.975555
0.989407
0.660810
0.644132
0.730632
0.943401
0.837729
1.002345
0.946651
0.709294
0.963589
0.081976
0.131255
0.754488
0.044127
1.111116
0.813222
0.748332
0.178326
0.691188
0.063045
1.111586
0.962489
0.583705
0.868011
0.941273
0.741741
1.158061
1.020827
0.612073
0.728107
0.868957
0.918148
0.160960
0.742641
0.824269
0.784881
1.035161
0.523415
0.170027
0.786430
0.553755
0.894616
0.737881
1.074455
0.660328
0.703767
0.661869
0.798098
0.655159
0.898758
0.822725
0.894966
1.105253
1.125848
0.790429
0.618875
0.848267
0.880844
0.771527
0.945469
0.782418
0.657401
0.984266
0.604738
0.717102
0.861193
0.745468
0.212157
0.720777
0.460593
0.690970
0.041920
0.764273
0.989960
0.293641
0.803208
0.510931
0.579215
0.644241
0.801678
1.052339
0.854200
0.922178
0.674702
0.993864
0.997343
0.782444
0.928714
0.873726
0.627328
0.696431
0.669836
0.886796
0.725952
1.148048
0.418977
0.845096
0.744754
0.600319
0.653648
0.695105
1.115343
0.709428
0.038236
0.981278
1.074231
1.062551
1.087938
0.868821
0.778027
0.823065
0.849910
0.628868
0.580337
1.108511
0.796653
0.745850
0.795588
0.731612
0.770643
0.970936
0.833871
0.755898
0.931114
0.719804
0.749922
0.783760
0.805624
0.034384
0.841880
0.868129
1.037254
0.722736
0.927942
0.531342
0.865489
0.673196
1.000626
0.423350
0.783384
0.811473
0.936565
1.135696
0.702183
0.858197
0.729622
0.713623
0.709491
0.700210
0.963719
0.148990
0.750129
0.891318
1.021050
0.092589
0.737167
0.956106
0.097539
0.970046
1.018467
1.103537
0.813389
1.044834
1.073478
0.699710
0.697604
0.606243
0.881840
0.450433
1.006062
0.576779
0.837710
0.912477
1.110828
1.065172
0.722367
0.970646
0.047912
0.609275
0.119593
0.711613
0.889124
0.032031
0.618467
0.740024
0.909769
1.039132
0.754419
0.776338
1.074376
0.766967
0.069512
0.993387
0.448785
0.607305
0.404692
0.723182
1.130074
0.122314
0.796967
0.718728
0.920163
0.549993
0.888270
0.888128
1.151612
0.708638
0.696010
0.358398
1.146658
0.836953
0.592370
0.745485
0.616995
0.692161
0.885042
0.648903
0.711341
0.093561
1.102410
0.985460
0.950783
0.732913
0.790382
0.912292
0.642817
0.819483
1.110049
0.992120
0.883070
0.895413
0.927661
0.991062
0.815048
0.749204
0.135334
1.106279
0.849175
0.110665
0.845093
0.858041
0.796031
0.992322
0.687812
0.975535
0.567571
0.855669
0.914911
0.684659
1.022041
0.769133
0.523132
1.124137
0.804673
0.641972
0.014551
0.534876
0.903691
0.658945
1.176040
0.176999
0.855806
0.806995
0.592953
0.752828
0.788146
0.766170
0.681824
0.911556
0.059325
0.517108
1.017385
0.649817
0.928541
0.820083
0.757471
0.484371
1.137253
0.670350
0.864437
0.974101
0.920743
0.570013
0.024903
0.801111
0.873091
0.904750
0.871066
0.453237
0.967531
0.775980
0.935423
0.108543
1.038832
0.762179
1.106426
1.051558
0.849623
0.958998
0.744546
0.100120
0.660877
0.880931
0.725337
0.765626
0.795393
0.773296
0.988293
1.095861
0.623616
0.842210
1.027178
0.609331
0.878016
0.781632
0.865087
0.700699
0.802820
0.718958
0.928282
0.881274
1.119803
0.763170
0.764286
0.861457
0.815447
0.925232
0.713382
0.668172
1.105071
0.908690
0.885775
0.674067
0.890309
0.666184
0.709745
0.799136
0.912240
0.714979
0.754449
0.652565
0.959332
0.781259
1.101445
0.238320
0.023950
0.624872
0.840946
0.762162
0.797383
0.804894
0.759160
0.735829
1.085695
0.481074
0.726821
0.664164
0.900255
0.766489
0.729820
0.086483
0.877897
0.813335
0.713688
0.828655
1.125075
0.875231
0.850433
0.667971
0.751248
1.011347
1.157644
0.754172
0.679711
0.722509
0.815881
0.803045
0.116727
0.734966
0.651080
1.066236
0.893447
0.960606
0.908191
1.032999
0.831136
0.828067
0.028200
0.978324
0.748496
0.559810
0.786236
0.828893
0.794965
1.120137
0.758664
0.457028
0.867707
1.009800
0.866061
0.802507
0.646924
0.116716
0.833248
0.767122
0.694098
0.767572
1.132197
0.955792
0.684073
0.675912
1.030553
0.612480
0.781269
0.641820
0.866814
0.853012
0.669980
0.753872
1.125063
1.048346
0.814892
0.369206
0.978026
0.988275
0.885122
0.714667
0.907841
0.790640
0.507766
0.650298
0.708814
0.668059
0.814389
0.780413
0.781169
0.720971
0.808890
1.122991
0.824252
0.754594
0.731605
0.801275
0.861668
0.796532
0.960500
0.881839
1.082189
1.137189
0.192045
0.058061
0.783886
0.332140
0.788951
0.881806
0.762400
0.737320
0.633286
0.851318
0.946139
0.017229
0.445787
0.760092
0.862079
0.979926
0.870843
0.683283
0.921413
0.039554
0.951938
0.689917
0.963722
1.149520
0.803086
0.197841
0.873023
0.740426
0.807377
1.160259
1.026018
0.691029
0.915382
0.705118
1.042619
0.705776
0.889011
0.925091
0.735515
0.061245
0.544765
0.739421
0.982567
0.879004
1.154097
0.767227
0.929349
1.082847
0.797760
1.123693
0.974635
0.705588
1.095399
0.795881
0.531905
0.720873
0.847037
0.811553
0.876992
0.938603
0.812990
0.088864
0.722732
0.874382
0.790792
0.867395
0.777620
1.050010
0.977843
0.478858
0.787095
0.691468
0.898066
0.668293
0.828317
0.851813
0.542857
0.134830
0.050600
0.425360
0.794194
0.712627
0.751978
0.822175
0.768937
0.686158
0.783073
0.817407
0.994995
0.959309
0.844033
0.926753
0.742915
0.927585
0.074112
0.609769
0.152674
0.899176
0.746692
0.897341
0.663886
1.146263
0.712541
0.807394
0.794245
0.874046
0.909803
0.850961
0.894414
0.765048
1.124562
0.762132
0.553791
0.833430
0.735274
0.021456
0.644010
0.745303
0.920387
0.447204
0.851206
0.669910
0.702078
0.971616
0.795879
0.658251
0.909171
0.817328
0.838383
1.090009
0.676012
1.056587
1.057628
0.912104
1.148790
0.685970
0.769209
0.873826
0.974516
0.875790
0.193828
0.673601
0.350713
0.647038
0.142429
0.856848
0.610496
0.981169
0.718664
1.023151
1.152057
0.949545
0.732457
0.927079
0.783512
1.011141
0.691482
1.110981
0.640556
0.957052
0.620577
0.639520
0.952233
0.799940
0.128221
0.869631
0.827571
0.896422
1.080752
0.705350
0.765003
0.773562
1.038156
0.712835
1.043701
0.925747
0.768673
1.092800
0.746501
0.931101
0.859098
0.872459
0.787115
0.533115
0.753064
0.666931
0.891737
0.740302
0.953862
0.658751
0.228859
1.001739
0.815540
0.204183
0.878714
0.501120
0.862559
0.839920
1.133805
0.042511
0.412274
0.698116
0.911733
0.551374
0.649292
0.761493
0.824490
0.611741
0.668449
0.836394
1.120641
0.816277
1.003783
0.858903
0.638827
0.710103
0.707508
1.062571
0.722469
0.561450
0.783899
0.935441
0.961849
0.031009
0.907559
1.073606
0.795106
0.778419
0.061807
0.795019
1.006716
0.848674
0.961922
0.703851
0.839870
0.750540
1.048189
1.126851
0.778804
0.647226
0.743460
0.653411
0.767790
0.792116
0.703515
0.967867
0.979911
0.723017
0.911198
0.941999
0.631888
0.910775
1.039458
0.980384
0.806114
0.694125
0.714001
1.029878
1.104510
0.156997
0.574523
1.133683
0.922060
0.935579
0.770966
0.517498
0.719780
0.794460
0.638380
0.882850
0.685247
0.701827
0.676017
0.657166
0.539117
0.876903
0.732809
0.820491
0.753700
0.801658
0.754624
0.506007
0.755884
0.892263
0.754557
0.658812
0.702149
0.985301
0.766829
0.862745
0.271832
0.719944
0.730322
0.748414
1.122143
0.031052
0.638271
0.924095
0.788160
0.851180
0.890098
1.010291
1.020459
0.663352
0.837316
1.068229
0.113990
0.682781
0.922186
0.036927
0.870124
0.793376
0.674735
0.130483
1.141134
0.619410
0.811579
0.897496
0.616026
0.850696
0.105166
1.057677
0.720579
0.860824
0.800010
0.010069
0.628215
0.729554
0.889820
0.757141
0.740973
0.960373
0.755305
0.667643
0.871892
0.945606
0.874035
0.209737
0.788864
0.928745
0.757169
0.722336
0.942979
1.136269
0.530218
1.032128
0.950001
0.742009
0.784989
0.695402
0.991521
0.845441
0.821073
0.744573
1.150363
0.871551
0.725763
0.746633
0.858927
0.767145
0.875770
0.779875
0.857210
1.138885
0.774968
0.714840
0.894559
0.682407
0.039382
1.125428
0.814054
0.865333
0.688389
1.011246
0.860818
0.810100
1.130202
0.786097
0.569297
0.905527
0.479485
1.092506
0.650769
0.695323
0.851241
1.019857
0.803834
0.624140
1.125456
0.194086
0.905898
0.806613
0.602922
1.058552
0.832128
0.998680
0.694629
0.014654
0.742367
0.798167
0.800377
0.885016
0.956037
0.686993
1.101703
1.058507
0.878446
0.753113
1.038419
1.068483
1.011956
0.510698
0.889825
0.064991
0.755545
0.818758
0.720413
0.744141
0.720162
0.862479
0.787648
0.997105
0.680940
0.686730
0.134286
1.127693
0.651052
0.738628
0.800690
0.779487
1.099494
1.123851
0.615243
0.747833
1.110463
0.756514
1.123631
0.029518
0.892142
0.871533
0.609960
0.874718
0.821018
0.197648
0.987200
0.894125
0.700557
0.924508
0.582505
0.013619
0.549264
0.843996
1.061047
0.726472
0.078546
0.900597
0.600190
0.880213
0.809381
0.758348
0.654885
0.882534
0.724386
0.016524
0.850752
0.997106
0.621764
0.915904
0.862745
0.827722
0.611254
0.636906
0.893948
0.950392
0.819576
0.023809
1.031150
0.743015
0.723670
0.559210
0.992052
0.788538
0.131272
0.829759
0.926836
0.921214
0.786534
0.796221
0.878066
0.856822
0.807244
0.160376
0.822709
0.792056
0.867902
0.035499
0.670494
0.831636
0.548439
0.645728
0.709565
0.931777
0.778462
0.178011
0.857073
0.670712
0.726661
0.934936
1.054908
0.721265
0.581285
1.112590
0.789185
0.786494
0.137324
0.776482
0.832493
0.904762
0.790567
0.719101
0.759252
0.656204
0.912027
0.778243
0.700692
1.021852
0.062123
0.633889
0.910237
0.759486
0.570938
0.645633
0.870227
0.938589
0.718871
0.875213
1.117757
0.644387
0.032229
0.739845
0.629276
0.660949
0.854354
1.104595
0.885635
0.806449
0.810606
0.925265
0.782699
0.781978
0.933903
0.709153
0.993404
0.763629
0.922239
1.086296
0.081240
0.932754
1.059883
1.081726
1.068674
0.930080
0.808999
0.850546
0.579871
0.022906
1.132790
0.897518
0.648104
0.728327
0.712742
0.656676
0.768913
0.035940
0.443960
1.089533
0.748055
0.864192
1.129489
1.132454
0.780802
0.724231
0.817366
0.670620
0.674784
0.068353
0.923117
0.773165
0.652337
0.688257
0.724132
0.945139
0.985180
0.877420
0.883873
1.018485
0.738716
0.830335
0.475746
0.697811
0.926497
0.754112
0.876135
0.802900
0.691366
0.611774
1.137874
0.431046
1.044298
0.066158
0.671606
0.561528
0.659001
0.960151
0.541640
1.103222
0.164372
0.849113
0.865133
0.924258
1.131013
0.801602
1.049005
0.790348
0.628371
0.805023
0.797279
0.677557
0.868662
1.156198
0.383077
0.606905
0.687241
0.810688
0.732255
0.697447
1.114155
0.679578
0.989551
0.669481
0.635355
0.760886
0.701823
0.792775
0.814543
0.742785
1.059787
0.680909
1.071508
0.736384
0.717134
0.742167
0.839576
0.729903
0.769990
1.147040
0.648453
0.701572
0.939629
1.006123
0.743343
0.774913
0.702646
1.142695
0.896955
0.030114
0.898693
0.853691
0.921514
0.683957
0.882958
0.985933
0.695250
0.729375
0.805640
0.704767
0.746424
0.852479
0.780259
0.246726
0.546177
0.857714
0.077988
0.796838
0.981846
0.471235
0.672561
0.694366
0.832714
0.872851
0.866153
0.885799
0.679896
0.686914
0.030358
0.764969
0.851275
0.835566
0.564386
1.126811
0.214903
0.691953
1.105947
0.446516
0.614874
0.777691
0.115211
0.755557
0.666793
0.716059
0.089107
0.828057
0.855665
0.810456
0.580058
0.837710
0.758837
0.738653
0.782975
0.637708
0.841528
0.892832
0.697369
1.056229
0.866360
0.909286
0.968689
0.833730
0.743490
0.981716
0.847221
1.073468
0.978445
0.614715
0.633924
0.762091
0.896031
0.438622
0.850701
0.910549
0.905495
0.675322
0.811183
1.096001
0.960345
0.990541
0.984487
0.113687
0.931084
1.135063
0.688633
0.951254
0.805217
0.642703
1.128561
0.880623
0.500115
0.963133
0.696184
0.853542
0.146547
0.724905
0.795389
0.845454
0.840591
1.014469
0.925617
0.717747
0.728650
0.695490
0.873053
0.681260
0.707812
0.780060
0.735968
0.960115
0.737274
0.892879
1.153412
1.004463
0.733542
0.663489
1.011211
0.720939
0.629042
1.032567
0.815313
0.514337
0.671859
0.784076
0.715741
0.652928
0.089208
0.719094
0.773621
0.633820
0.814489
0.864679
0.726989
0.951375
0.683772
0.856487
0.718868
0.742445
1.105901
0.746671
1.091639
0.647612
0.712137
0.764635
0.889201
0.916388
1.108294
1.027965
0.817592
0.639253
0.881319
0.725819
0.794943
0.749395
0.666522
0.877476
0.675140
0.624086
0.788007
0.813548
1.143630
0.664140
0.634193
0.923581
0.795450
0.910399
1.121870
0.150327
0.814078
0.717865
0.990634
0.975235
0.635583
0.783557
0.855019
0.909685
0.841636
0.708202
0.732741
0.780457
0.850621
0.548631
0.800365
0.878749
1.070877
0.720469
0.764605
0.954590
0.061336
0.739256
0.778758
0.583849
0.847046
0.979979
0.868975
0.943377
0.067473
0.730994
0.967331
0.083713
0.991946
0.949885
0.863867
0.937691
0.644739
0.717038
0.482900
0.698086
0.937622
0.683508
0.695558
0.743906
0.748256
0.248496
0.888773
0.842632
0.740206
0.844095
0.499001
0.801714
0.025819
0.611877
0.256072
0.810041
0.929627
0.738346
0.926305
0.930632
0.707657
1.145095
0.550897
1.073926
0.896670
0.797409
1.122560
0.924183
1.124378
0.979588
1.113580
0.657176
0.762262
1.107033
1.023579
0.978035
0.844326
0.983267
0.606673
0.061379
0.749874
0.493486
0.908305
0.791547
0.640107
0.825588
0.687802
0.899531
0.991527
0.745301
0.922693
1.137593
0.703493
0.995005
0.620656
0.927446
0.925985
0.566639
0.763941
0.645761
1.056836
0.677329
0.683555
1.092837
0.891560
0.988204
0.109897
0.716168
0.742357
0.691083
0.657704
0.812378
0.756753
0.669905
0.840724
0.735526
0.879704
0.826300
0.675638
0.120254
0.650990
0.100896
0.793605
0.816170
0.777825
0.027965
0.911540
0.039703
0.490620
0.702652
0.747815
0.656405
0.719856
0.789015
1.082092
0.517661
0.666930
0.829793
0.636217
0.772307
0.717995
0.358336
0.823045
0.700902
0.839483
0.755718
0.796476
0.893204
1.047189
0.769371
0.603128
0.747923
0.946877
0.869927
0.634863
0.776661
0.704277
0.096547
0.681353
0.725838
0.331721
0.892006
0.840610
0.857301
0.911494
0.092756
0.744176
0.830967
0.813715
0.572633
0.019087
0.700410
0.686332
0.821720
0.819255
0.830344
0.697411
0.813701
0.058716
0.701760
0.860642
0.933012
0.813902
1.038811
0.718768
0.724010
0.811229
0.705518
1.072289
0.819283
0.595566
0.695975
0.605823
0.596800
0.800249
0.939153
0.738632
0.176917
1.007890
0.993256
0.751384
1.137311
0.836520
0.812141
0.755894
0.936454
0.897606
0.670680
1.108400
1.036172
0.754965
0.860473
0.793004
0.283507
0.029598
0.641197
0.839502
1.055446
1.094543
0.786580
0.665703
0.738691
0.891737
0.612033
0.809590
0.576412
1.146935
0.876384
0.765468
0.754825
1.004743
0.943678
0.087062
0.692895
0.663957
0.802966
0.680388
0.723338
0.120655
0.061766
0.053668
0.924559
0.590063
0.775160
0.131700
0.832636
0.703707
0.647850
0.601678
0.942652
0.822408
0.834123
0.742725
0.875596
0.764703
0.905054
0.103997
0.882764
0.849272
0.691729
0.872266
0.961680
0.848843
0.906199
0.977343
0.179330
1.009869
0.889274
0.703772
0.788119
0.434199
1.167160
0.798263
0.999124
0.798504
0.917952
0.706335
0.760627
0.279105
1.015020
0.981905
0.243047
1.109900
0.430489
0.845316
0.355893
0.842304
0.796873
0.872847
1.016527
0.788841
0.634422
0.929978
1.104937
0.918927
0.745193
0.539348
1.131239
0.727045
1.141107
0.680221
1.137280
0.133092
0.759231
0.929553
0.732493
0.872146
0.647789
0.808596
0.921167
0.867736
0.497907
0.817381
0.731762
0.503938
1.072901
1.141330
0.842335
0.851927
0.876178
0.828109
0.696278
0.088198
0.798262
0.770108
0.761766
0.980037
0.709650
0.601406
0.987298
0.485556
0.467726
0.852268
0.868416
0.051678
0.733968
0.783028
0.671528
0.846241
0.764874
0.718701
1.125840
0.752352
0.700578
0.628991
0.874254
0.709804
1.029618
0.983234
0.905842
0.768923
0.885063
0.766839
0.914499
0.961082
0.506301
0.898895
0.082715
0.944821
0.933554
1.156094
0.951819
0.884216
0.767616
0.054265
0.803100
0.184053
0.748295
0.828317
0.726785
0.727762
0.784430
0.841780
0.757246
0.103603
0.892101
0.985456
0.395155
0.703906
0.868302
0.897717
0.851909
0.679333
0.734509
0.621938
0.940436
0.728504
0.792693
0.767799
0.892245
0.663260
0.843502
0.973134
0.711138
0.151407
0.728455
0.784810
0.818072
0.718265
0.828868
0.859664
0.743885
1.105521
0.772406
1.115499
0.602506
0.684134
0.032880
0.800479
0.908382
1.082834
0.839036
0.861598
0.626819
0.600325
0.114296
0.904819
0.803580
0.595472
0.813510
1.133922
0.897575
0.904560
0.731732
0.988314
0.675713
0.840084
0.119206
0.900808
0.028866
0.700582
0.709083
0.880977
0.074876
0.279598
0.906405
0.884154
0.016796
0.886912
0.603111
0.936060
0.931590
0.943226
0.764843
0.577943
0.739403
0.776449
0.614575
0.855470
1.080799
0.481893
0.704708
0.893694
0.850592
0.901479
0.673447
0.914727
1.120016
0.565482
0.872686
0.784279
0.721368
0.666252
0.759376
0.753497
0.800833
0.746358
0.838291
0.794187
1.025570
0.723473
0.711565
0.920052
0.699049
0.715232
0.710741
0.819017
0.846796
0.799019
1.031975
0.961480
1.117112
0.205356
0.885199
1.089978
0.689945
0.739608
0.709710
0.918114
0.835234
0.750599
0.829673
0.974573
0.828691
0.606895
0.854130
1.043227
0.741341
0.936671
1.062428
0.099503
0.581648
1.135778
0.686282
0.033468
0.968492
0.040818
0.550478
0.955200
0.660332
0.767365
0.673990
0.921016
0.744769
0.810127
0.033845
1.018147
0.805132
0.671899
0.670633
0.647131
1.130536
0.946319
0.432764
0.879983
0.922604
0.724555
0.725821
0.876028
0.789303
0.498840
0.718857
1.116102
0.706723
0.864525
0.897332
0.877921
0.157756
0.655849
0.752773
0.800537
0.954521
0.835650
0.705889
0.832333
1.017323
0.787977
1.097889
1.055707
0.705998
1.115633
0.901539
0.921492
0.766640
0.859553
0.665284
1.075585
0.727074
0.497000
0.756222
1.039797
0.892968
0.073892
0.873784
0.700184
0.730652
0.636976
0.748764
0.704458
0.799303
0.870871
0.659016
0.566736
0.902500
1.136274
1.032333
0.409642
0.084088
0.885493
0.787976
1.089792
0.950571
0.704993
0.746877
0.699380
0.817647
0.727906
0.639254
0.842109
0.762890
0.579232
0.975965
1.019133
0.902213
0.658163
0.403692
0.892402
0.468214
0.912728
0.831385
0.958759
0.012723
0.719939
0.761300
0.841252
0.061311
0.904686
0.830768
0.555632
0.973407
1.057257
0.801928
0.752292
0.797561
0.845897
0.903008
0.753388
0.580505
0.884805
0.760859
0.951167
0.894953
0.810357
0.979293
0.722140
0.133985
0.898240
0.841410
0.577633
0.872457
1.142724
0.401108
1.147763
0.848248
0.838596
1.126148
0.731625
0.904530
0.768379
0.742961
0.811258
0.795374
1.032910
0.987259
0.842445
1.042223
0.841087
0.800538
0.672654
0.595231
0.839240
0.883217
0.056267
0.821364
0.843137
0.490507
0.834710
0.628380
0.609996
0.925888
0.915647
0.985132
0.624672
0.773791
0.741907
0.572511
0.888963
0.739088
0.927859
0.639646
0.728816
0.921480
0.923680
0.790061
0.690753
0.741052
0.764443
0.785690
0.731589
0.613181
0.651387
0.762163
0.195050
0.790241
1.131721
1.129789
0.895003
0.739887
0.803569
0.822664
0.454460
0.693494
0.596297
0.794804
0.793877
1.122391
0.679964
0.702795
1.134435
0.912377
1.056652
0.800225
0.897703
0.706229
0.953563
0.660929
0.983996
1.021460
0.672488
0.751390
0.855958
0.948036
0.793869
0.848622
0.874909
0.862171
1.052227
0.788123
0.862735
0.785316
0.873988
0.735067
0.653363
0.683203
0.731082
1.040062
0.775463
0.842434
1.122272
0.878866
1.054613
0.959443
0.277097
0.665903
0.642522
0.199611
0.942232
0.904469
0.861810
0.937355
0.991536
0.023242
0.321116
0.747996
0.741624
0.738674
0.926388
0.574597
0.898556
0.978989
1.111275
1.038741
0.860857
0.690404
0.094923
0.647511
0.694868
0.732123
0.675422
0.838549
0.604806
0.916375
0.754702
0.932957
0.705842
0.697913
0.111321
0.663494
0.813020
0.811465
0.793132
0.751141
0.817712
0.868847
0.892876
0.815233
1.101462
1.123996
0.682502
0.584724
1.081789
0.694128
0.325530
0.802756
0.768086
0.864669
0.967204
0.876067
0.827690
0.667030
0.965947
0.199646
1.039718
0.841058
0.675903
0.749488
0.921013
0.720261
0.820265
1.119339
0.670053
0.766757
0.772010
0.810903
0.809945
0.679041
1.063861
0.958994
0.777189
0.729993
0.912312
0.924241
0.907893
0.812831
0.983607
0.846245
0.780659
0.868497
0.713010
0.668696
0.724244
0.686647
0.812104
0.947371
0.067564
0.993983
0.944876
0.767033
1.022455
0.612486
0.873424
0.880481
0.557035
0.693919
0.989283
0.654015
0.880524
0.909309
0.772276
0.652328
1.138970
0.704242
0.688497
0.798434
0.372079
0.828536
0.991345
0.661634
0.966664
0.716452
0.723955
1.138452
0.682836
0.717178
0.688949
0.883484
0.927193
0.585500
0.771855
0.858344
0.736299
0.989909
0.411244
0.605798
0.029444
0.868087
0.629936
1.044388
0.670711
0.819413
0.825439
0.477362
0.885668
0.618209
0.705654
0.702714
0.873405
0.039183
0.744524
0.779566
0.868434
0.812285
0.058612
0.454931
0.991688
0.773806
0.869020
0.843159
0.916943
0.717847
0.666899
0.672574
0.883998
1.113954
1.139940
0.748453
0.714271
0.928585
0.873644
0.681216
0.761713
0.935484
1.130819
0.133095
0.927578
0.561723
0.770377
0.649799
0.551038
0.740095
0.763545
0.997321
1.026405
0.804537
0.947446
0.815025
0.692093
0.931167
0.958881
0.786032
0.900177
0.933918
0.870960
0.716208
0.853062
0.838420
0.642525
0.081464
0.493674
0.365102
0.727896
0.978444
0.793672
1.041020
1.149968
0.767667
0.572516
0.976918
0.703671
0.887270
0.752778
0.672023
0.785215
0.633440
1.155769
0.809610
0.768063
0.890698
1.047078
0.492633
0.988817
0.868577
0.053273
1.166634
0.847140
0.889444
0.717748
0.936614
0.917588
0.849649
0.070884
0.776690
0.812030
0.884350
0.922194
0.418700
0.917523
0.795440
1.083356
0.103032
0.725711
1.080866
0.872134
0.898182
0.831116
0.750492
0.840542
0.759356
0.828722
0.797705
1.002169
0.787201
0.848507
0.889840
0.856634
0.522824
0.959513
0.892358
0.441034
0.722270
0.767936
1.001768
0.928717
0.030220
0.618040
0.893023
0.856636
1.034162
0.807042
0.764697
0.721059
0.761641
0.733497
0.896077
0.443141
0.253755
0.379665
0.323455
0.812378
0.833404
0.639652
0.958259
1.125653
0.026226
0.587215
0.869232
1.082736
0.665303
0.645729
0.869669
0.763254
0.552655
0.974769
0.098479
0.455949
0.841451
0.416784
0.975521
0.553769
0.597007
0.693701
0.841960
1.072137
0.862962
0.928087
0.634774
0.066746
0.992248
0.981818
1.036492
0.087320
1.027360
0.658024
0.726375
0.717893
0.665215
0.662749
0.780181
0.936915
0.861793
0.851361
0.741266
0.842747
0.836107
0.936984
0.788266
0.733017
0.739014
0.731944
0.753280
0.770581
0.672979
0.597516
1.046594
0.891001
0.200093
0.925505
0.687579
0.786905
0.668815
0.842199
1.002245
0.999003
1.033822
0.807709
1.098171
0.623887
0.733235
0.929139
1.069740
0.049926
1.117429
0.841536
0.847980
0.678847
0.173415
0.835791
1.131194
0.739551
0.700006
1.025426
0.690047
1.005849
0.049843
0.882787
0.818627
0.886174
1.002709
1.023429
0.694503
0.653593
0.771982
0.947427
0.844883
0.931019
0.910954
0.063882
0.745610
0.635935
0.412742
0.825548
0.167853
0.860694
0.087866
0.851716
1.135901
0.681940
0.776529
0.888448
0.968552
0.793438
0.769426
0.992882
0.845029
0.645130
0.348790
0.943123
0.952423
1.110572
0.734622
0.558478
1.101776
0.856678
0.684329
1.017322
0.664439
0.333318
0.849325
0.787684
0.096021
0.823464
0.674612
0.648498
1.011963
1.056472
0.145875
1.125475
1.020580
0.916252
0.813931
0.821090
1.104945
1.098871
1.026671
0.764200
0.913977
0.778900
0.973970
0.836507
0.064418
1.048516
0.894621
0.975794
0.867862
0.338314
0.905304
0.914724
0.790051
0.769629
0.789554
0.928721
1.001349
0.840197
0.176461
