1.185210
1.140672
1.700898
1.899963
0.429335
0.064800
0.919067
1.612101
1.726843
0.974633
1.433938
1.789927
1.651570
2.125100
1.234267
0.171295
1.261556
0.832890
1.662606
0.756048
2.169370
0.059622
1.710270
2.023536
1.110189
1.661757
1.691219
1.931612
1.345919
1.470340
0.769862
1.195815
1.628803
2.198810
1.431413
1.722639
1.077333
1.534230
1.606466
0.944066
0.892818
1.303815
1.204405
1.301411
1.539541
0.811111
1.673375
1.453316
0.963508
1.991994
2.005971
1.481750
0.574067
1.350474
1.359016
0.912587
1.419860
1.169513
1.174799
0.912629
1.023809
0.165824
2.113940
1.289135
1.409966
1.437501
1.432280
1.555059
0.073838
0.117719
1.474043
0.010196
1.898198
2.190338
1.274358
1.043990
1.717287
1.116671
1.299117
1.502541
2.104436
1.754738
2.114035
0.896038
1.118013
1.397553
1.041065
1.398463
1.420313
1.535961
0.957834
2.182149
1.054094
1.441676
1.041357
1.210888
1.572702
1.419913
2.107213
0.785142
0.790579
1.148892
0.555237
0.920579
1.389872
0.958619
0.988900
1.501192
1.189538
1.611254
1.951586
0.390272
1.572899
1.301274
1.146804
2.124625
1.652728
1.005522
1.611825
1.423620
1.110457
1.429263
1.620988
0.777520
0.830784
1.914969
1.525524
1.611171
1.038251
1.655692
0.873627
1.424475
1.411517
1.171296
0.107450
1.504670
1.023665
1.340510
1.425599
1.303413
1.333087
1.277544
1.467773
1.498381
1.219432
1.185007
1.531347
1.277899
1.115030
1.411731
1.747200
1.065894
1.178879
1.066002
1.048140
0.534334
1.258482
1.304772
1.238398
1.022927
1.366657
0.819631
1.450644
1.064527
1.148136
1.388905
1.303230
0.900113
1.151286
1.319198
1.197112
1.019992
1.193548
0.060405
1.442657
1.108526
1.047851
0.915070
1.288058
1.992375
1.351908
0.911036
0.722004
0.045465
1.613252
1.519186
1.412739
1.089008
1.376544
0.941703
1.652779
1.099063
1.741024
1.301000
1.193074
1.155133
1.474336
1.137079
1.273332
1.122245
0.103124
1.303231
1.842988
1.342058
1.267258
1.753131
1.512338
1.363014
0.954639
1.327404
1.456229
0.741772
1.219857
1.531382
1.044245
1.451763
1.511061
1.662530
1.254433
1.269889
1.712563
0.400990
0.266253
1.345798
1.719003
1.548257
1.254716
0.849627
1.340049
0.799315
1.389570
1.128866
1.113605
0.609792
1.901918
0.887738
1.067011
1.905667
1.304396
1.373998
0.916485
1.283272
1.563197
1.651816
1.366349
1.818520
1.459014
0.810472
1.032434
1.388616
0.932718
0.065284
1.794991
0.049851
0.020721
1.237236
1.238117
1.546773
1.003965
1.086112
1.130843
1.022413
1.428735
1.190910
1.051791
1.512612
1.131902
1.116688
0.460745
1.195971
0.753239
1.119530
1.316606
0.878818
0.849839
0.780085
1.096436
1.756340
1.365272
1.220541
0.162855
0.786079
1.271905
1.143518
0.577473
1.697253
0.812848
1.021166
0.017320
1.301573
1.206954
0.023686
1.103511
0.909054
1.256501
0.624299
0.980726
1.153513
1.305942
1.170805
0.697831
0.037786
1.128636
1.068749
1.088072
1.324542
1.005031
1.158338
1.353077
1.117919
0.527960
1.233647
0.210202
1.002985
0.956090
0.951315
0.806721
0.957951
0.880290
0.865363
1.018741
1.200963
0.929526
1.041225
1.089211
1.353990
0.151974
0.172412
0.767689
0.967289
1.070373
0.894163
1.028813
1.357274
1.187390
1.202014
0.908749
1.023866
0.814090
0.743857
0.681201
0.923312
0.858784
0.984843
0.746621
0.944034
0.776958
1.219456
1.165771
1.150618
0.984664
1.229343
1.282911
0.805919
0.730960
0.950122
1.224933
1.044445
0.038752
1.051979
1.150831
1.126726
0.021986
1.142626
1.180271
0.744049
1.210478
0.891161
0.875204
0.852778
1.079443
0.879549
0.848332
0.777375
1.234764
1.124378
1.290784
1.047341
1.120734
1.281058
1.202282
0.909778
0.125825
0.768573
0.061352
0.731508
0.918899
1.044998
0.696286
0.590304
1.240592
0.785434
0.836693
0.741292
0.524496
0.234166
0.327183
0.951410
0.650189
1.111935
0.843437
0.641040
0.939170
0.909838
0.750969
0.520966
0.841021
1.066284
0.813811
1.053490
1.065737
0.848515
0.704942
0.099605
1.065157
0.852069
0.784897
1.010866
0.817494
0.993161
1.188946
0.877334
0.999643
1.055948
1.036593
0.900947
1.051600
1.044915
0.087535
0.875722
0.734841
0.700325
1.120855
0.998314
0.702820
0.681196
0.576790
1.073102
0.989081
0.794899
0.687424
0.639269
0.946395
0.962183
0.928559
0.885563
0.917464
0.776202
0.795203
0.729134
0.912263
1.009016
1.003120
0.939018
1.074261
0.965641
0.748379
0.731428
1.053624
1.075850
0.740417
0.822886
0.757849
0.970361
1.034640
0.765161
0.288479
0.958554
0.806151
0.747974
1.056478
0.812463
0.858479
0.894740
1.028247
0.838845
0.752032
1.185466
0.950893
0.912298
0.673762
0.958142
0.672623
0.729233
0.647000
0.420006
0.722540
0.858630
0.718783
0.910702
0.853359
0.072685
0.756677
0.096557
0.983430
0.775644
0.735717
0.829376
0.762056
1.174609
1.013277
0.782516
0.879697
0.694818
0.125489
0.941793
0.676316
0.917424
0.648115
1.090434
0.666314
1.037797
0.081054
1.148005
0.507175
0.145388
0.897214
1.058790
1.011206
0.968567
0.844088
0.772782
1.013871
0.784720
0.755798
1.151800
0.625088
0.648065
0.693555
0.714982
0.959851
0.632437
0.807436
0.973486
0.436668
0.965217
0.995987
1.007483
1.060837
0.861181
0.810409
0.412875
0.137431
0.791739
1.007501
0.861501
0.011604
0.694506
0.728903
1.158361
0.821805
0.653699
0.751667
1.138866
0.554025
1.025974
0.911531
0.918002
0.822722
0.796333
0.852716
0.873185
0.916531
0.942566
0.641707
1.120831
0.793065
0.666929
0.676158
0.550150
0.213552
0.980273
0.950812
0.904314
1.025635
0.849257
0.450778
0.571602
0.824343
0.009703
0.786314
0.666158
0.155461
1.064661
0.748979
0.707208
1.003823
0.789347
0.850464
0.947821
0.677095
0.736309
1.116230
0.741146
0.229727
0.858264
0.648358
1.033365
1.079285
1.010956
0.722583
0.878874
0.846879
0.744587
0.791522
1.082176
0.851077
0.887674
0.869456
0.014393
0.727946
0.697036
0.876749
0.811075
0.930804
0.943591
0.859263
1.080682
1.040356
0.734282
0.720561
1.003516
0.807501
0.793095
0.712958
0.620054
0.671610
1.074492
1.057720
0.898097
0.852763
0.797687
0.553245
0.783434
0.726988
1.017244
0.876083
1.084252
0.919335
0.724235
0.937043
0.776934
0.773382
0.770937
0.702343
0.716916
0.851013
1.074067
0.874128
0.855694
1.023975
1.112917
0.803991
1.141376
0.762255
0.781220
0.927229
0.152225
1.099316
1.109901
1.159291
0.882074
0.480659
0.767906
0.647008
0.977190
0.628526
1.090743
1.125242
0.644233
0.833085
0.638499
0.620963
1.081958
1.144954
0.819292
1.009882
0.835526
0.812216
0.990215
0.724978
0.249468
0.842529
0.724127
0.726240
0.755737
0.860985
0.701808
0.887657
0.689706
0.775121
0.637939
0.809972
0.897766
1.093637
0.739503
0.852992
0.926569
0.726427
0.634274
0.923475
0.951529
0.372887
0.835692
0.565897
0.913683
0.833798
0.890298
0.890726
0.674259
0.669664
0.790406
0.915008
1.045913
1.110632
0.759089
0.044721
0.387752
0.729559
0.707049
0.753325
0.663255
0.687657
0.806733
0.619950
0.603217
0.759012
0.891389
0.689835
0.961500
0.986565
1.067134
1.092355
0.869399
0.697099
0.803567
0.905481
0.423030
0.154904
0.807170
0.859331
0.028786
0.784965
1.067258
1.043802
0.997176
0.997116
0.052988
0.833894
0.688535
0.058954
0.038220
0.888932
0.800363
0.760840
0.880399
0.786591
0.742738
0.437497
0.580703
0.940073
0.570110
0.946402
0.977321
0.654926
0.946173
0.827424
0.726286
0.678934
0.341244
0.395843
0.846379
0.644602
0.543623
0.869173
0.748330
0.380730
0.869053
0.511074
0.905816
0.729972
0.975769
0.705148
0.641096
0.548572
0.810013
0.776359
1.001808
0.724229
0.730498
0.696907
0.867954
0.809225
0.552144
0.947049
0.669945
1.004035
0.695530
1.028519
0.774187
0.779391
0.819954
1.047569
0.528546
1.017920
0.751747
0.652621
0.705906
0.898715
0.761902
0.139994
0.618304
0.758834
0.607938
0.710299
0.615360
0.792943
0.736992
0.913747
0.825337
0.713240
0.454729
0.545428
0.803119
0.774209
0.682076
1.019179
0.134903
0.720286
0.794096
0.110449
0.813022
0.952499
0.755459
0.848869
0.698534
0.657410
0.583191
0.893776
0.641546
0.063713
0.714193
1.000909
0.563222
0.690149
1.000551
0.615286
0.708365
0.695367
0.703093
0.652318
0.926758
0.843767
0.987242
0.678811
0.711892
0.705868
0.992404
0.589289
0.792600
0.789055
0.690224
0.679153
0.898857
0.916340
0.467146
0.694149
0.086697
0.730656
0.773355
0.391942
0.726691
0.609444
0.677184
0.882694
0.700873
0.584245
0.877646
0.726771
0.650091
0.586833
0.727031
0.917678
0.792267
0.308420
0.033520
0.095145
1.000996
0.682703
0.985500
0.700846
0.721319
0.676393
0.866926
0.512490
0.616272
0.889485
0.750520
0.674273
0.798153
0.563761
1.025001
0.922450
0.597311
0.102204
0.830498
1.026416
0.850370
0.870575
0.762347
0.657265
0.659675
0.794501
1.003556
0.811860
0.630354
0.753431
0.751043
1.009628
0.829814
0.778505
0.385772
0.567166
1.039124
0.740251
0.100780
1.057740
0.746951
0.574954
0.775002
1.018796
0.642593
0.579202
0.753882
0.854703
0.592818
0.489215
0.764566
0.758672
0.820369
0.541305
0.598643
0.688574
0.793322
0.575736
0.557970
0.472803
0.813697
0.707127
0.497793
0.779497
0.762235
1.029990
0.613800
0.979937
0.446957
0.083690
0.847287
0.089766
0.820721
0.550279
0.031838
0.654989
0.792202
0.559992
0.666433
0.631275
0.501019
0.664899
0.054832
0.065426
0.918080
0.789682
0.619920
0.721003
0.871138
0.428204
0.783466
0.703255
0.781670
0.731572
1.039677
0.775542
0.690173
0.846508
0.831977
0.815416
0.686644
0.776933
0.749104
0.813258
0.780030
0.583976
0.659999
0.554380
0.574374
0.029427
0.714422
0.759280
0.592498
0.234503
0.652331
0.689653
0.688069
0.566297
0.904520
0.857172
1.059862
0.066631
0.932603
0.570295
0.664598
0.754075
0.694529
0.898138
0.687617
0.667068
1.046869
0.708498
0.561503
0.829709
0.784867
0.875492
0.767774
0.922411
0.603208
0.781311
0.666586
0.856029
0.061614
0.682025
0.434235
0.807768
0.771586
0.703585
0.682834
0.629303
0.844837
0.678221
0.885656
0.627186
1.021199
0.710292
0.796094
0.380348
0.659389
0.826264
0.969266
0.790693
0.707716
0.166256
0.808663
0.644791
0.765552
0.660492
0.659348
0.707051
0.796390
0.710275
0.406142
0.486189
0.736181
0.994379
0.812929
0.767330
0.629510
0.559068
0.675519
0.594909
0.733568
0.613144
0.622050
0.683037
0.721114
0.757522
0.678677
0.824303
0.743430
0.715804
0.617302
0.926620
0.607892
0.105529
0.885383
0.594705
1.063655
0.716317
0.810427
0.866062
0.659038
0.054961
0.057124
0.781883
0.755600
1.067336
0.815266
0.752548
0.596436
0.431625
0.618790
0.736596
0.423789
0.828945
0.779856
0.786018
0.708482
0.581205
0.406184
0.766771
0.759950
0.811394
0.706177
0.828858
0.666942
0.768741
0.833265
0.290227
0.852236
0.724309
0.751425
0.710037
0.706749
0.824023
0.734322
0.753835
0.574960
0.747258
0.683312
1.030337
0.742179
0.620680
0.551974
0.818019
0.801968
0.643865
0.925431
0.745408
0.799833
0.660180
0.933366
0.531186
1.042460
0.637822
0.019320
0.806990
0.045719
0.971424
0.590191
0.576361
0.918373
0.490467
0.814205
0.663086
0.701326
0.892621
0.793460
0.705721
0.676173
0.548999
0.529102
0.453560
0.444740
0.764873
0.557064
0.827515
0.863257
0.528009
0.711066
0.695436
1.017935
0.640067
0.057358
0.908172
0.539287
0.961415
0.619969
0.735337
0.774744
0.761321
0.784561
0.740374
0.835042
0.237769
0.647648
0.733705
0.683501
0.379367
0.702857
0.551311
0.668105
0.697894
0.877675
0.601155
0.542079
0.708798
0.645521
1.049683
0.646753
0.066699
0.865038
0.703551
0.979956
0.869438
0.660617
0.882191
0.742817
1.029893
0.354972
1.029522
0.852364
0.851438
1.035111
0.995807
0.759532
0.639495
0.770365
0.628813
0.712901
0.511902
0.887183
0.810312
0.560470
0.640174
0.038825
0.793039
1.036146
0.511590
0.635701
0.714787
0.106271
0.915493
0.783922
1.007166
0.408743
0.783368
0.548284
0.827637
0.911013
0.096544
0.759600
0.721132
0.960105
0.622033
0.860768
0.640765
1.053262
0.813201
0.700786
0.804141
0.065484
0.734897
0.645158
0.713195
0.561162
0.349955
0.562361
0.568598
0.750623
0.921547
0.050265
0.914696
0.919656
0.679920
0.739304
0.828554
0.676155
0.628346
0.629789
0.994375
0.903871
0.542166
0.019167
1.018448
0.612347
0.749582
0.792824
0.536381
0.798377
0.531531
0.381779
0.622291
0.126149
0.602437
0.642138
0.899936
0.607509
1.050501
0.560573
0.071648
0.550842
0.496474
0.552492
0.780386
0.817742
0.609482
0.880256
0.724175
0.682261
0.044967
0.187538
0.770802
0.942998
0.666081
0.667816
0.856163
0.824752
0.600619
0.531504
0.771740
0.490473
0.922360
0.768141
0.893111
0.776183
0.868487
0.017057
0.637883
0.760159
0.053367
0.808196
0.724649
0.652166
0.718644
0.654001
0.022931
1.042486
0.499509
0.556018
0.662941
0.742676
1.039756
0.669263
0.702537
0.686015
0.792387
1.002417
0.844069
0.007130
0.696417
0.422802
0.707259
0.591701
0.902781
1.049170
0.599367
0.639351
0.632120
0.835138
0.802138
0.009019
0.853249
0.822718
0.641169
0.731222
0.798748
1.078984
0.671036
0.062638
0.060677
0.870992
0.749007
0.061892
0.854645
0.838618
1.031461
0.631972
0.778640
0.752108
0.619843
0.072937
0.196982
0.937486
0.777655
1.038805
0.383608
0.721109
0.782147
0.847195
0.688786
1.039365
0.761353
0.836871
0.836470
0.684378
0.520709
0.634630
0.754628
0.748255
0.694718
0.641644
0.417005
0.068955
1.037651
0.927629
0.707494
0.934428
0.912538
0.613851
0.388516
0.806596
0.861341
0.822783
0.817052
0.721847
0.859783
0.719041
0.800682
0.625523
0.794791
0.764900
0.662795
0.584114
0.836561
0.681209
0.742296
0.140333
0.049000
0.547800
0.358152
0.644149
0.751848
0.616890
0.413898
0.688312
0.766107
0.653217
0.956817
0.916366
0.622386
0.389666
0.610049
0.679566
0.529593
0.868441
0.743831
0.558158
0.675305
0.626072
0.619659
0.535259
0.671861
0.397389
0.635059
0.576127
0.648353
0.907650
0.717716
0.920827
0.922714
0.907099
0.570953
0.834512
0.611574
0.547195
0.730168
0.999608
0.530305
0.581398
1.029641
0.795455
0.713723
0.056079
1.023292
0.517234
0.331583
0.772000
0.961169
0.619930
0.761453
0.684520
0.106285
0.878824
0.677745
0.799046
0.817904
0.500620
0.034369
0.587556
0.398072
0.959683
0.061801
0.717040
0.860030
0.731759
0.825010
0.641525
0.856003
0.644304
0.656898
0.752141
0.065828
0.202003
0.709517
0.599762
0.748012
0.880351
0.726072
0.817769
0.685341
0.643337
0.557120
0.332562
0.670047
0.858434
0.208397
0.716453
0.727081
0.572101
0.629415
0.679070
0.627039
0.747751
1.047720
0.660514
0.451905
0.651760
0.632005
0.996554
0.582471
0.937661
0.741327
0.403476
0.556432
0.533942
1.057177
0.633497
0.700343
0.637108
0.716090
0.736778
0.683462
0.028526
0.084221
0.092511
0.704876
0.765208
0.750206
0.361787
0.778084
0.550231
0.806663
0.731975
0.553643
0.718326
0.918964
0.646139
0.789956
0.920069
0.551109
0.348606
0.857278
0.805281
0.740819
0.901339
0.912052
0.463631
0.772412
0.620791
0.637490
0.847795
0.785769
0.610068
0.967819
0.691074
0.699679
0.681363
0.245273
0.691151
0.026374
0.393511
0.577450
0.825361
0.081768
0.628076
0.591785
0.696609
0.804681
0.633006
0.637981
0.842357
0.966196
0.778283
0.679508
0.546995
0.715305
0.833858
0.589587
0.841253
1.015983
0.770202
0.861539
0.747373
0.719419
0.565545
0.844051
0.738667
0.761660
0.702407
0.615332
0.787060
1.039092
0.934762
0.564548
0.857566
0.694797
0.782479
0.611891
0.778600
0.443107
0.537427
0.654658
0.167203
0.787999
0.649420
0.673869
0.577280
0.750827
0.484665
0.737561
0.813260
0.592135
0.510795
0.754440
0.655636
0.841452
0.847418
0.827655
0.861002
0.696824
0.780537
0.413663
0.618080
0.570743
0.029885
0.841697
0.567116
0.815266
0.685368
0.822597
0.642396
0.334758
0.917947
0.492400
0.760931
0.908445
0.861177
0.877455
0.080619
0.102538
0.886291
0.692467
0.586876
0.929407
0.152694
0.637346
0.662816
0.718857
0.669290
0.604355
0.171732
0.354756
1.055213
0.603373
0.730574
0.653753
0.608844
0.699113
0.512584
0.698520
0.067362
0.083676
0.761121
0.631154
0.641481
0.793496
0.748255
0.841485
0.669837
0.893379
0.771001
0.598070
0.598632
0.578648
0.666997
0.869482
0.466318
0.900732
0.653143
0.803260
0.692941
0.765099
0.679186
0.522491
0.515648
0.667704
0.666582
0.698119
0.776485
0.401829
0.924755
0.033290
0.756541
0.901984
0.853419
0.744994
0.887542
0.636282
0.561685
0.811086
0.804284
0.757783
0.453862
0.798275
0.750849
0.721127
0.602675
0.580965
0.680047
0.649527
0.573477
0.737863
0.574801
0.774700
0.896396
0.561322
0.644201
0.692658
0.758779
0.308949
0.781040
0.787544
0.837450
0.665540
0.628882
0.751353
0.716641
0.752694
1.036704
0.695784
0.569623
0.672444
0.801499
0.551808
0.478252
0.877792
0.522370
0.926829
0.805836
0.757313
0.709937
0.645374
0.697896
0.734016
0.584244
0.632789
0.652950
0.779113
0.534212
0.807377
0.697308
0.814598
0.885343
0.130565
0.828449
0.808216
0.524267
0.850196
0.665013
0.049109
0.814815
0.816366
0.948296
0.628387
0.637594
0.586995
0.668030
0.557585
0.690083
0.554482
0.736162
0.732161
0.944600
0.595952
0.086309
0.712511
0.829671
0.832623
0.631021
0.686128
0.722283
0.647291
0.071121
0.602095
0.670731
0.673025
0.581051
0.662680
0.611235
0.737254
0.870429
0.820702
0.676821
0.669986
0.561713
1.001621
0.809622
0.816963
0.604519
0.612336
0.466183
0.784062
0.861061
0.888684
0.711468
0.722494
0.661532
0.402581
0.631775
0.752943
0.754091
1.025876
1.005285
0.684189
0.674749
0.578161
1.025943
0.645093
0.814300
0.649771
1.022462
0.546970
0.585926
0.180445
0.645784
0.832431
0.499863
0.592156
0.711144
0.756074
0.923839
0.514860
0.771174
0.575967
1.009221
0.823995
0.776237
0.628154
0.514587
0.802802
0.637071
0.782340
0.686320
0.655857
0.013658
0.815215
1.058445
0.818840
0.574932
0.718458
0.794416
0.767012
0.136130
0.768510
0.587640
0.529070
0.711961
0.803679
0.711011
0.345045
0.698871
0.228253
0.029928
0.735986
0.081324
0.699076
0.824978
1.029342
0.749235
0.807238
0.055540
1.033133
0.756413
0.741690
0.738633
0.696219
0.748245
1.044092
0.600580
0.773932
0.783302
1.060469
0.724996
0.642905
0.902580
0.788598
1.040068
0.683234
0.009167
0.682772
0.209106
0.891029
0.701862
0.661457
0.968238
0.678080
0.672273
0.694009
0.650518
0.612654
0.657500
0.806643
0.439850
0.895805
0.798385
0.682865
0.775084
0.635795
0.627107
0.591567
0.864096
0.787785
0.559548
0.707650
0.604287
0.937161
0.694824
0.075976
0.741197
0.761845
0.675622
0.491608
1.012009
0.824299
0.722221
0.609659
0.080990
0.952159
0.805321
0.709881
0.807152
0.945703
0.578838
0.862224
0.743096
0.550661
0.834026
0.797995
0.055928
1.043603
0.619272
0.718544
0.739254
0.525704
0.619668
0.776142
0.673866
0.066266
0.091884
0.765616
0.615741
0.573138
0.916474
0.449818
0.777450
0.684301
0.769164
0.722825
0.115522
0.608999
0.777152
0.983440
0.523262
0.520353
0.730159
0.638540
0.817557
1.023517
0.053623
0.864917
0.868987
0.526918
0.613569
0.591855
0.668486
0.699750
0.756854
0.652569
0.544462
0.095602
0.810186
0.338853
0.694348
0.614541
0.748366
0.227558
0.806463
0.852728
0.075954
0.562340
0.761080
0.082244
0.720722
0.540556
0.823612
0.923829
0.669756
0.961379
0.471880
0.658952
0.886224
0.995142
0.730845
0.643648
0.695251
1.018096
0.885784
0.964067
0.822170
0.336495
0.648484
0.690994
0.790902
0.707940
0.686717
0.588493
0.713885
1.002856
0.739334
0.844056
0.563749
0.694306
0.046510
0.834771
0.563892
0.898770
0.323730
0.748091
0.749261
0.753427
0.045613
0.693952
0.062303
0.774883
0.896294
0.766827
1.030239
0.717207
0.864330
0.751404
0.162829
0.616994
0.757945
1.021953
1.003356
0.905778
0.896440
0.656474
0.743587
0.675204
0.670927
0.526281
0.684441
0.708080
0.762745
0.725767
0.912306
0.686017
1.015862
0.110270
0.639103
0.672534
0.780582
0.898349
0.810838
0.857750
0.661396
0.301069
0.850158
1.051114
0.533259
0.538826
0.823375
0.940799
0.858547
0.569870
0.834354
0.983990
0.719482
0.947397
0.153014
0.709758
0.689573
0.748239
0.921252
0.757827
0.611648
1.062319
0.747259
0.718710
0.021994
0.555010
0.777905
0.508059
0.759557
1.013501
0.793852
0.808240
0.960141
0.749345
0.792394
0.909999
0.589092
0.591581
0.910007
0.854588
1.045619
0.693376
0.916553
0.878513
0.681425
0.732615
0.850828
0.697163
0.717240
0.741724
1.006189
0.137327
0.638090
0.839881
0.643869
0.902399
0.064499
0.740605
0.637283
0.735922
0.689964
0.851879
0.915773
0.860840
0.647544
0.716308
1.041783
0.684534
0.796387
0.635306
1.056796
0.673946
0.621560
0.854967
0.672835
0.675856
1.029020
0.637120
0.610563
0.741060
0.598306
0.761335
0.743653
1.003692
0.970609
0.654244
0.631474
0.753151
0.645386
0.639215
0.756395
0.561205
0.655306
0.780179
0.663590
0.768231
0.427014
0.764808
0.566107
0.620634
1.034478
0.680254
0.717856
0.817288
0.938308
0.195533
0.871685
0.525708
0.733488
0.808632
0.885365
0.710440
0.675174
0.575249
0.989634
0.770748
0.597129
0.358111
0.876012
0.858713
0.624423
0.593784
0.185335
0.668466
0.098913
0.673643
0.684171
0.634368
0.585356
0.987515
0.830193
0.106640
1.037689
0.730927
0.714306
0.483544
0.636608
0.879805
0.680048
0.601235
0.511416
0.893922
0.709024
0.730564
0.788579
0.910690
0.831448
0.536303
0.772828
0.920679
1.038854
0.721476
0.801336
0.691682
1.025653
0.970723
0.875517
0.063575
0.724441
0.330948
0.663393
0.700699
0.632810
0.626890
0.596100
0.725936
0.736408
0.049773
0.782354
0.629464
0.704688
0.972101
0.617625
0.686229
1.008683
0.632120
0.643588
0.692288
0.805159
0.585186
0.653096
0.788173
0.031238
0.654596
0.046667
0.070550
0.777561
0.855601
0.801354
0.822892
0.467416
0.812444
1.054579
0.744568
0.584629
0.777395
0.630265
0.664983
1.050041
0.548219
0.646401
0.348934
0.485773
0.932490
0.756177
0.872615
0.444530
0.648228
0.699691
0.746784
0.781436
0.624732
1.023406
0.877955
0.757161
0.853286
0.997333
0.483557
0.888508
0.559029
0.627063
0.635278
0.709424
0.769399
0.761929
0.582315
0.620515
0.838170
0.682109
0.890335
0.777001
0.686483
0.655785
0.758732
1.025813
0.697835
0.722146
0.747081
0.724905
0.746087
0.843332
1.035655
0.589745
0.580863
0.725461
0.750343
0.838502
0.477232
0.711952
0.702928
0.609788
0.594574
0.774872
0.626544
0.601668
0.661530
0.193343
0.998527
0.565650
0.976665
0.668450
0.879923
0.738840
0.705592
0.737733
0.820724
0.832494
0.618390
0.778754
0.835928
0.542491
0.078034
0.713544
0.657613
0.822143
0.848829
0.722381
0.616509
0.597455
0.824482
0.850063
0.831357
0.728070
1.020933
0.773400
0.751460
0.892301
0.663114
0.130167
0.045813
0.863979
0.779731
0.716878
0.095503
0.738371
0.627333
1.010056
0.684842
0.832505
0.833521
0.647354
0.632073
0.732613
0.066744
0.045271
0.595035
0.767416
0.769666
0.534371
0.134814
0.865264
0.747826
0.615628
0.728246
0.723204
0.599245
0.686934
0.769095
0.721340
0.678904
0.580165
0.479971
0.751471
0.738948
0.748490
0.659466
0.981026
0.593418
0.555629
0.070423
0.647560
0.796354
0.642886
0.888617
0.949934
0.730657
0.819091
0.862197
0.786802
1.023065
0.700834
0.712786
0.686188
0.687030
0.127286
0.729694
0.735814
0.662267
0.610543
0.704548
0.994299
0.722337
0.543085
0.835989
0.638177
0.701463
0.772809
0.952890
0.920398
0.690711
0.165596
0.771471
0.454048
0.476945
0.760772
0.082355
0.779615
0.627974
0.720646
0.883391
0.826212
0.706154
0.685495
0.718131
0.700706
1.063670
0.716711
1.017154
0.720356
0.513308
0.602121
0.674291
0.844187
0.574591
0.612608
0.975288
0.805403
0.911927
0.778423
0.664524
1.019935
0.024195
0.649956
0.523701
0.013023
0.977965
0.707374
0.526211
0.768358
0.712543
0.679887
0.652127
0.887722
0.677294
0.905754
0.752082
0.777582
0.594521
0.620462
0.861907
0.485673
0.663191
0.162120
0.697603
0.521863
0.210293
0.887934
0.685583
0.489964
0.661769
0.812846
0.742486
0.803571
0.849080
0.963533
0.726474
0.663363
0.892923
0.952576
0.757323
0.354803
0.700127
0.703916
0.864829
0.182793
1.052917
0.680969
0.895442
0.671453
0.669048
0.626773
0.832455
0.621934
0.370534
0.936832
0.823629
0.823678
0.823683
0.684515
0.717085
0.751220
0.616776
0.512361
1.041248
0.729734
0.633553
0.872589
0.921908
0.660353
0.683867
0.633059
0.680730
0.678063
0.098082
0.868671
0.724163
1.045519
0.875003
0.887774
0.549439
0.589001
0.659318
0.856207
0.733110
0.894373
0.852293
0.617924
0.845922
0.039311
0.078146
0.663701
0.043349
1.016210
0.723822
0.655806
0.168297
0.592179
0.063705
1.017615
0.853388
0.512256
0.774383
0.844962
0.648562
1.062964
0.914015
0.531431
0.641387
0.777831
0.837793
0.151076
0.606685
0.726617
0.723455
0.916171
0.455816
0.159182
0.703184
0.491517
0.790359
0.658369
0.855438
0.569385
0.618166
0.573714
0.710158
0.573839
0.802230
0.719782
0.790581
1.009002
1.029693
0.692956
0.542489
0.746827
0.784888
0.681682
0.852640
0.675423
0.579376
0.890670
0.531597
0.632116
0.766238
0.665769
0.197707
0.648243
0.405509
0.598677
0.040095
0.670122
0.893106
0.264978
0.709363
0.452362
0.515583
0.559120
0.720427
0.953340
0.756495
0.821287
0.589193
0.898058
0.897863
0.699017
0.828535
0.772717
0.529004
0.615128
0.578983
0.785786
0.640948
1.056240
0.330807
0.756817
0.667318
0.530214
0.560633
0.606564
1.020756
0.613813
0.037644
0.876691
0.973393
0.958367
0.987423
0.773178
0.693320
0.730653
0.765734
0.539319
0.514370
1.013409
0.699644
0.650334
0.713855
0.641717
0.683165
0.863495
0.745362
0.666182
0.837590
0.617903
0.660720
0.711715
0.700015
0.033068
0.740969
0.775452
0.947824
0.640410
0.833674
0.468912
0.747015
0.591660
0.915510
0.372848
0.698408
0.707308
0.855310
1.043119
0.617468
0.763473
0.636186
0.634427
0.594048
0.615104
0.872279
0.139898
0.670985
0.805212
0.925296
0.111011
0.656282
0.849000
0.107984
0.882908
0.927253
1.009495
0.702161
0.949994
0.980594
0.612365
0.621147
0.513839
0.790335
0.391268
0.896086
0.510062
0.740488
0.825297
1.017646
0.967117
0.688420
0.870087
0.043998
0.530485
0.119389
0.632005
0.798023
0.078703
0.545918
0.668381
0.816802
0.941351
0.655021
0.681317
0.960256
0.662339
0.069049
0.884748
0.395050
0.528083
0.351523
0.634003
1.037067
0.116773
0.707432
0.623305
0.820713
0.487036
0.799671
0.795952
1.054976
0.622149
0.627309
0.307132
1.046325
0.734850
0.530361
0.663042
0.541843
0.571299
0.798204
0.555338
0.626434
0.092732
1.005618
0.870232
0.857898
0.638435
0.695510
0.822460
0.565014
0.734181
1.015413
0.898916
0.792886
0.802543
0.831411
0.894951
0.724975
0.663535
0.130192
0.997296
0.766662
0.071808
0.751304
0.762576
0.698482
0.899726
0.602280
0.871971
0.492012
0.773171
0.815412
0.603210
0.925369
0.681633
0.459085
1.010662
0.703157
0.558072
0.010826
0.469500
0.811064
0.561366
1.027761
0.165844
0.765516
0.718572
0.499576
0.664955
0.703537
0.674897
0.579274
0.813786
0.060676
0.444049
0.927533
0.560740
0.836122
0.721018
0.688305
0.422678
1.016529
0.599461
0.768388
0.879540
0.821872
0.499984
0.024067
0.709172
0.785044
0.818268
0.784334
0.397982
0.867419
0.690145
0.837482
0.101827
0.945004
0.686420
1.004410
0.954123
0.758504
0.841681
0.657073
0.085085
0.568781
0.781571
0.634222
0.719287
0.714925
0.679475
0.893702
1.004359
0.536257
0.748769
0.927492
0.531322
0.795128
0.686359
0.763678
0.619115
0.715667
0.655477
0.839016
0.766710
1.026342
0.676230
0.678719
0.770409
0.733591
0.835450
0.626498
0.570876
1.011086
0.814019
0.790730
0.609472
0.799345
0.582013
0.628599
0.714643
0.820080
0.629813
0.656218
0.572421
0.843333
0.687532
1.008199
0.231130
0.023621
0.548832
0.769411
0.637084
0.704731
0.717110
0.654501
0.668615
0.989706
0.424664
0.633693
0.578204
0.814654
0.685025
0.629841
0.084797
0.794086
0.720975
0.627058
0.729188
1.030859
0.759609
0.733715
0.593244
0.668454
0.913739
1.061676
0.674210
0.593269
0.640883
0.726755
0.710929
0.113852
0.644448
0.561585
0.970805
0.801579
0.866202
0.818280
0.937528
0.735270
0.729268
0.026756
0.888667
0.665824
0.491708
0.677538
0.737254
0.709471
1.008665
0.666342
0.400594
0.779690
0.915304
0.778723
0.707162
0.571008
0.114309
0.714468
0.730607
0.608015
0.678771
1.065217
0.852067
0.596490
0.598088
0.930467
0.530735
0.689290
0.568579
0.774271
0.757562
0.575705
0.671030
1.031693
0.945754
0.728387
0.330212
0.879958
0.890570
0.798052
0.627802
0.824028
0.699626
0.439031
0.566177
0.631866
0.577910
0.723797
0.689664
0.690335
0.630728
0.728463
1.028807
0.735859
0.659669
0.645715
0.736865
0.772456
0.684163
0.866664
0.795460
0.986278
1.034168
0.188760
0.045823
0.689405
0.295635
0.689006
0.782983
0.676827
0.646415
0.546047
0.764009
0.856522
0.016929
0.396445
0.676323
0.749338
0.857738
0.764984
0.595621
0.810339
0.044929
0.849036
0.598623
0.864311
1.054643
0.715248
0.178364
0.782121
0.621337
0.719708
1.043315
0.930013
0.605233
0.814079
0.608147
0.940891
0.621753
0.794520
0.833361
0.652948
0.059809
0.473606
0.659598
0.878983
0.775834
1.013583
0.680185
0.837914
0.984296
0.704753
1.030031
0.883593
0.609590
0.999088
0.709254
0.465094
0.661779
0.779130
0.722955
0.763653
0.842338
0.729663
0.092500
0.627993
0.782321
0.694011
0.769481
0.682922
0.948465
0.870890
0.418823
0.684894
0.593431
0.797351
0.579742
0.736789
0.766105
0.487414
0.099397
0.046075
0.366772
0.693414
0.622168
0.692016
0.735674
0.684412
0.593960
0.704936
0.735528
0.880084
0.860158
0.755197
0.834922
0.653255
0.828756
0.077654
0.516345
0.146113
0.805146
0.663759
0.807526
0.590531
1.052542
0.628434
0.727515
0.697924
0.785090
0.813237
0.764070
0.802235
0.686197
1.031474
0.661836
0.488700
0.735060
0.645573
0.023241
0.553327
0.663677
0.830416
0.382731
0.763799
0.574359
0.611096
0.865021
0.721357
0.570036
0.816008
0.732570
0.747149
0.998184
0.591673
0.953333
0.964726
0.817917
1.053587
0.603624
0.691038
0.787479
0.881796
0.786809
0.181058
0.592736
0.309763
0.558192
0.151775
0.775285
0.551913
0.883202
0.631641
0.927587
1.056212
0.826297
0.644629
0.805291
0.699315
0.915941
0.670131
1.001636
0.561155
0.857280
0.535525
0.557731
0.842552
0.709975
0.122085
0.786520
0.733393
0.801487
0.987293
0.673503
0.677570
0.583228
0.943193
0.614152
0.951001
0.832229
0.689761
0.996451
0.657045
0.837265
0.766004
0.775907
0.705687
0.474531
0.672942
0.583968
0.796332
0.656793
0.849168
0.574727
0.210730
0.908744
0.728976
0.192526
0.797562
0.439058
0.765803
0.752359
1.040063
0.018070
0.368663
0.613499
0.820622
0.488732
0.555796
0.680391
0.736664
0.536704
0.584002
0.748964
1.028375
0.712477
0.913520
0.755452
0.558717
0.618689
0.621548
0.962187
0.685380
0.493779
0.699362
0.838633
0.866588
0.030410
0.806419
0.958186
0.684675
0.700736
0.058453
0.725161
0.915805
0.748047
0.867094
0.613751
0.744149
0.665368
0.948088
1.013580
0.696044
0.563210
0.648376
0.577831
0.693094
0.701135
0.623755
0.866938
0.852184
0.623194
0.820797
0.847722
0.546570
0.822591
0.951563
0.888033
0.718741
0.605123
0.633350
0.934764
1.006819
0.151092
0.505872
1.041782
0.826248
0.824849
0.682448
0.452868
0.626262
0.707572
0.567178
0.796019
0.603345
0.606749
0.591103
0.568017
0.482058
0.785610
0.645709
0.729425
0.675984
0.713062
0.662860
0.427345
0.668972
0.799444
0.673675
0.571725
0.614684
0.890043
0.674676
0.775912
0.250808
0.643293
0.554872
0.654254
1.029735
0.023738
0.554298
0.842902
0.709466
0.762156
0.795867
0.906364
0.921430
0.592430
0.752898
0.963588
0.030486
0.606189
0.823803
0.031218
0.770275
0.701964
0.582772
0.121564
1.048685
0.536379
0.723833
0.810395
0.533559
0.749809
0.075835
0.958186
0.634422
0.760962
0.698638
0.022233
0.534571
0.630607
0.782792
0.667863
0.658548
0.867577
0.673755
0.595698
0.777119
0.849165
0.784039
0.183065
0.705931
0.879072
0.663522
0.643604
0.828172
1.044199
0.470628
0.931308
0.846840
0.659852
0.693829
0.617528
0.885870
0.752120
0.724260
0.660058
1.058692
0.767046
0.626027
0.661514
0.758667
0.682583
0.767843
0.692383
0.768283
1.043220
0.678727
0.639192
0.806552
0.582154
0.040842
1.033258
0.714961
0.776057
0.617288
0.894274
0.760122
0.719854
1.037006
0.703502
0.471735
0.818037
0.345750
0.988826
0.578441
0.614853
0.739096
0.883800
0.712761
0.544827
1.034568
0.179589
0.827116
0.714835
0.565141
0.968844
0.738319
0.908139
0.610446
0.013905
0.654037
0.712284
0.708875
0.794921
0.859965
0.600061
1.006161
0.961311
0.789958
0.665570
0.937988
0.947192
0.904283
0.452992
0.796560
0.062636
0.675957
0.743254
0.646462
0.662353
0.639011
0.776251
0.701112
0.901317
0.600646
0.596104
0.131173
1.040768
0.574908
0.678620
0.696868
0.708196
1.002983
1.026235
0.553009
0.653335
1.016325
0.668013
1.030591
0.016265
0.802970
0.788996
0.524741
0.779944
0.731926
0.186545
0.883602
0.797866
0.609653
0.817004
0.516112
0.020516
0.465701
0.762743
0.964721
0.652867
0.074912
0.813674
0.522337
0.787419
0.728333
0.670102
0.570423
0.773555
0.635266
0.014427
0.761828
0.904160
0.532601
0.825020
0.772378
0.748739
0.535430
0.680804
0.794739
0.864409
0.717298
0.010677
0.934914
0.654460
0.630708
0.503087
0.899049
0.762570
0.128289
0.737922
0.836761
0.821095
0.710852
0.705549
0.780766
0.770508
0.714537
0.151568
0.732807
0.705595
0.846669
0.051699
0.585998
0.742755
0.481647
0.552963
0.645834
0.841952
0.689945
0.168988
0.769105
0.614834
0.646094
0.841303
0.952067
0.636654
0.512646
1.044260
0.711919
0.700184
0.133158
0.683851
0.754551
0.814530
0.710113
0.616867
0.674166
0.570964
0.822124
0.660812
0.607598
0.922997
0.060638
0.551727
0.826877
0.670546
0.500018
0.565466
0.774150
0.853122
0.633667
0.783473
1.025598
0.559782
0.040394
0.650680
0.551065
0.586603
0.764245
1.014807
0.782117
0.714513
0.723536
0.821559
0.694527
0.665144
0.841155
0.627748
0.898563
0.683582
0.808718
0.992929
0.077587
0.835575
0.963019
0.986653
0.969364
0.832381
0.720401
0.764813
0.488913
0.022385
1.040209
0.810256
0.541174
0.634845
0.623891
0.582478
0.679471
0.036870
0.385351
0.992519
0.588894
0.763186
1.044722
1.019311
0.698921
0.645092
0.706519
0.584418
0.585325
0.063865
0.842268
0.681837
0.561848
0.593370
0.639546
0.856125
0.897927
0.774963
0.796078
0.913863
0.651971
0.739578
0.417005
0.598998
0.878206
0.654264
0.765188
0.704188
0.597281
0.541559
1.046579
0.382597
0.943681
0.066120
0.582832
0.484338
0.584687
0.868385
0.468169
1.045375
0.192930
0.753626
0.758149
0.828955
1.038832
0.714736
0.951774
0.710540
0.543476
0.708840
0.605573
0.560171
0.780094
1.019143
0.339151
0.528664
0.604341
0.725787
0.642913
0.623138
1.020940
0.597978
0.894988
0.595167
0.549450
0.667332
0.605293
0.706646
0.724677
0.666917
0.965651
0.589827
0.976939
0.649763
0.633189
0.653349
0.768395
0.656005
0.677921
1.056995
0.567914
0.627189
0.841894
0.895386
0.656512
0.690134
0.610128
1.051002
0.805504
0.030305
0.804533
0.761849
0.823046
0.603979
0.777514
0.873995
0.604631
0.647124
0.716351
0.617394
0.649167
0.764596
0.727572
0.229888
0.478825
0.769986
0.075985
0.706119
0.889110
0.415010
0.588391
0.600206
0.738941
0.753332
0.776833
0.802669
0.608338
0.584265
0.029154
0.680952
0.784470
0.754516
0.500595
1.036908
0.200225
0.612519
1.018117
0.393672
0.539891
0.693015
0.107103
0.683672
0.590913
0.636924
0.087851
0.739673
0.770368
0.730511
0.514842
0.747725
0.671045
0.662351
0.693390
0.552794
0.746768
0.800923
0.614059
0.935682
0.774642
0.804866
0.872765
0.746723
0.644892
0.871534
0.764939
0.983627
0.875102
0.546779
0.515477
0.663451
0.807824
0.392153
0.777192
0.810653
0.811985
0.607751
0.723971
1.005836
0.864566
0.883700
0.895842
0.109965
0.836846
1.045057
0.600290
0.854706
0.714701
0.556007
1.035964
0.771694
0.440298
0.865401
0.610817
0.775114
0.137038
0.638936
0.701631
0.752551
0.759459
0.909910
0.835194
0.628305
0.629483
0.621856
0.780531
0.606801
0.622562
0.698735
0.655520
0.868519
0.645648
0.797926
1.043414
0.917482
0.645137
0.583572
0.916801
0.632299
0.548583
0.931008
0.730877
0.450985
0.594500
0.702601
0.626903
0.566623
0.089863
0.635982
0.689501
0.570443
0.721186
0.771804
0.644084
0.859729
0.598959
0.770800
0.648015
0.657048
1.016765
0.655764
0.999862
0.560678
0.617957
0.686483
0.778746
0.828018
0.999965
0.931772
0.724207
0.589933
0.792669
0.656831
0.713439
0.671210
0.571949
0.808200
0.597273
0.548125
0.702873
0.717483
1.050837
0.587518
0.548914
0.843144
0.708778
0.818044
1.029937
0.141974
0.721549
0.624269
0.886927
0.882376
0.549771
0.707477
0.760151
0.821911
0.752181
0.620024
0.646608
0.673605
0.746979
0.491298
0.718424
0.780638
0.970849
0.633607
0.687672
0.864505
0.034607
0.654045
0.688286
0.520915
0.685094
0.886871
0.774758
0.846556
0.062704
0.654526
0.865300
0.087186
0.893735
0.860987
0.779591
0.847635
0.588755
0.631998
0.427478
0.632338
0.837718
0.585846
0.608120
0.663529
0.672708
0.226928
0.797752
0.755584
0.652821
0.763986
0.435222
0.714716
0.022888
0.528746
0.232386
0.732397
0.832084
0.641232
0.836448
0.841360
0.621528
1.052355
0.491105
0.979287
0.809886
0.719410
1.032999
0.828468
1.031821
0.893321
1.019658
0.566886
0.689920
1.012260
0.926267
0.888242
0.743078
0.883839
0.528003
0.055435
0.584117
0.436443
0.825181
0.699407
0.550739
0.726611
0.610201
0.812441
0.888885
0.653851
0.832870
1.045548
0.612385
0.896049
0.533770
0.839154
0.826728
0.470014
0.669635
0.575058
0.959338
0.598615
0.597415
1.000083
0.795119
0.896347
0.105975
0.651545
0.649639
0.605055
0.560664
0.726853
0.681038
0.585831
0.746861
0.649229
0.792240
0.738317
0.596699
0.112482
0.562482
0.101086
0.710453
0.724976
0.670163
0.024948
0.821390
0.040635
0.438752
0.622188
0.673988
0.564522
0.651354
0.704159
1.026630
0.456125
0.587356
0.728446
0.545275
0.689404
0.633464
0.321844
0.730575
0.612076
0.755235
0.676188
0.710014
0.781971
0.952340
0.686820
0.514419
0.640382
0.846830
0.787712
0.543577
0.693354
0.621534
0.093110
0.584314
0.653917
0.299748
0.800245
0.749238
0.763086
0.820039
0.090653
0.653455
0.742908
0.718933
0.507059
0.017033
0.630802
0.607752
0.729523
0.733859
0.753680
0.609088
0.724304
0.031975
0.621772
0.773722
0.834991
0.728227
0.945557
0.624226
0.645513
0.725826
0.627412
0.975908
0.738732
0.523396
0.603540
0.540630
0.523578
0.706939
0.843175
0.653294
0.163233
0.904537
0.888995
0.666889
1.045016
0.750062
0.727295
0.667581
0.840185
0.815309
0.591111
1.012420
0.948132
0.658415
0.769856
0.704511
0.229285
0.031426
0.566887
0.748508
0.966287
1.005001
0.705496
0.574088
0.629401
0.800459
0.536907
0.725317
0.501410
1.043341
0.795195
0.664580
0.662592
0.910604
0.841928
0.085843
0.620212
0.583392
0.719327
0.601525
0.655537
0.098156
0.065803
0.053274
0.822530
0.525783
0.688497
0.125226
0.765545
0.620470
0.562622
0.517855
0.839610
0.734493
0.732446
0.654702
0.786600
0.667716
0.815071
0.101431
0.789322
0.759073
0.602026
0.769267
0.876933
0.756828
0.812993
0.872347
0.182737
0.920999
0.795973
0.619490
0.708300
0.382779
1.000258
0.700319
0.920938
0.709943
0.833199
0.630942
0.689178
0.256560
0.919441
0.892881
0.222953
1.017643
0.383720
0.750777
0.318812
0.740269
0.715991
0.783761
0.924442
0.689825
0.545828
0.834539
1.017576
0.836304
0.666010
0.466070
1.038002
0.648473
1.053233
0.593970
1.047468
0.127059
0.681603
0.838204
0.640119
0.778903
0.562440
0.733281
0.825810
0.662098
0.442886
0.710798
0.647959
0.445462
0.974980
1.047903
0.761402
0.771406
0.782630
0.738179
0.627268
0.088145
0.706924
0.695293
0.678065
0.854860
0.632081
0.526570
0.900088
0.414378
0.419659
0.767857
0.779838
0.077950
0.642449
0.698330
0.589149
0.750840
0.667351
0.630484
1.033507
0.665549
0.621248
0.562644
0.784723
0.626753
0.934915
0.883615
0.908092
0.693493
0.783149
0.674696
0.818582
0.870496
0.434360
0.825128
0.087500
0.859742
0.835816
1.062520
0.855164
0.793898
0.685826
0.052336
0.711830
0.181388
0.652214
0.747904
0.624153
0.639686
0.703273
0.760254
0.672573
0.103671
0.796093
0.900838
0.341125
0.615513
0.781620
0.802229
0.754542
0.595669
0.650387
0.536018
0.840682
0.632768
0.701989
0.684986
0.805927
0.571547
0.760718
0.885511
0.625420
0.137258
0.640635
0.687561
0.732998
0.627128
0.749607
0.768125
0.648829
1.018318
0.690657
1.024684
0.530971
0.595408
0.032490
0.709843
0.818010
0.990029
0.749853
0.772758
0.541660
0.523978
0.111162
0.814810
0.701425
0.527517
0.732266
1.041769
0.833984
0.798748
0.652740
0.882845
0.612332
0.753739
0.151484
0.793801
0.027530
0.605446
0.615725
0.772266
0.008015
0.253986
0.923965
0.793775
0.014065
0.800021
0.533776
0.842595
0.841128
0.842928
0.671547
0.586833
0.654030
0.690916
0.522901
0.698195
0.982201
0.417457
0.618214
0.798709
0.755143
0.828914
0.581388
0.821179
1.027977
0.492481
0.827088
0.693840
0.640072
0.568916
0.670068
0.684007
0.709463
0.650455
0.743880
0.712650
0.924404
0.635770
0.627862
0.825047
0.618675
0.623630
0.636389
0.723955
0.754804
0.700755
0.826585
0.862286
1.023045
0.181433
0.793747
0.997158
0.610697
0.646221
0.608497
0.818039
0.756213
0.652452
0.741040
0.866587
0.742170
0.550924
0.777348
0.943212
0.648234
0.827372
0.969654
0.096509
0.503976
1.040550
0.611016
0.026795
0.845410
0.047817
0.477076
0.839731
0.574241
0.666402
0.575048
0.834994
0.670368
0.712699
0.033817
0.922891
0.714937
0.605582
0.613941
0.575343
1.037379
0.838955
0.380552
0.810244
0.829711
0.779286
0.624929
0.785934
0.701272
0.440017
0.631939
1.022858
0.628396
0.774176
0.790003
0.786209
0.139992
0.568131
0.664025
0.716217
0.851612
0.737632
0.665261
0.742543
0.914567
0.703135
0.984709
0.961114
0.622775
1.023082
0.811176
0.826205
0.688670
0.772427
0.576371
0.981607
0.645682
0.437384
0.671087
0.941529
0.801216
0.072916
0.781040
0.617724
0.646471
0.549487
0.669983
0.613909
0.722380
0.782837
0.592278
0.497108
0.792739
1.043929
0.931598
0.367936
0.077598
0.754225
0.712163
0.995655
0.844665
0.623234
0.657387
0.619364
0.729436
0.650738
0.553173
0.754660
0.680821
0.498352
0.860409
0.920860
0.806413
0.565668
0.358542
0.796531
0.409979
0.828409
0.726880
0.869679
0.011643
0.631078
0.668324
0.759321
0.059516
0.807055
0.746132
0.488106
0.881670
0.959111
0.703809
0.662595
0.720550
0.750183
0.795130
0.677022
0.506014
0.799695
0.669659
0.847195
0.798773
0.706470
0.889579
0.646459
0.124701
0.810766
0.756258
0.513551
0.783342
1.051153
0.358534
1.056191
0.761506
0.753680
1.034934
0.637746
0.807496
0.681408
0.643414
0.721036
0.712506
0.935081
0.884612
0.739620
0.923420
0.747415
0.711504
0.600777
0.577105
0.744552
0.793733
0.055241
0.726969
0.757024
0.416204
0.745559
0.547620
0.546909
0.836364
0.830147
0.899318
0.552409
0.684436
0.652405
0.500661
0.795105
0.657549
0.838627
0.568962
0.643048
0.827641
0.789996
0.705557
0.591858
0.637487
0.676573
0.703872
0.638399
0.592247
0.562565
0.670627
0.180351
0.694679
1.033934
1.038491
0.830935
0.656568
0.723057
0.734926
0.398809
0.603515
0.531454
0.695798
0.707598
1.030399
0.589267
0.614134
1.040857
0.794050
0.948005
0.706731
0.795453
0.640799
0.851958
0.586862
0.858023
0.919575
0.597530
0.661815
0.767574
0.859902
0.714871
0.758444
0.774775
0.767024
0.960970
0.709315
0.758583
0.695513
0.780260
0.644545
0.593819
0.608239
0.645680
0.944244
0.698973
0.768013
1.028138
0.781449
0.942769
0.859577
0.252338
0.579344
0.549823
0.186636
0.849352
0.806556
0.755183
0.843416
0.900684
0.026859
0.283959
0.651347
0.665066
0.650902
0.832381
0.521908
0.811798
0.884920
1.019233
0.939621
0.764201
0.596954
0.092235
0.547896
0.631557
0.641452
0.591975
0.726939
0.520481
0.813967
0.671496
0.829092
0.610274
0.618178
0.106281
0.582069
0.731749
0.727839
0.712525
0.701456
0.741359
0.779100
0.793027
0.735663
1.006520
1.027651
0.587960
0.510706
0.984583
0.607208
0.286987
0.713417
0.683682
0.780362
0.861116
0.787484
0.748919
0.578498
0.870275
0.186372
0.940780
0.740003
0.589355
0.665886
0.824590
0.640415
0.741673
1.023075
0.578090
0.678717
0.675709
0.716939
0.716524
0.588505
0.959332
0.846768
0.702885
0.631703
0.820904
0.820588
0.810881
0.714858
0.889130
0.757069
0.680290
0.767279
0.622846
0.592818
0.633039
0.608090
0.717755
0.855437
0.051046
0.903440
0.840728
0.676174
0.918922
0.530015
0.790683
0.809067
0.491130
0.588090
0.897645
0.585131
0.789891
0.824131
0.683831
0.561017
1.044626
0.630387
0.605194
0.718585
0.332395
0.650126
0.890603
0.589531
0.863834
0.661007
0.641053
1.044726
0.597636
0.649101
0.609886
0.805016
0.837480
0.524199
0.679175
0.763928
0.650514
0.889316
0.362293
0.537507
0.029362
0.788448
0.545627
0.956406
0.563852
0.733784
0.731845
0.419873
0.790130
0.499912
0.615505
0.618593
0.785669
0.049130
0.669342
0.697116
0.772673
0.729845
0.053363
0.390986
0.895522
0.682702
0.804952
0.745407
0.816777
0.625849
0.579660
0.592374
0.797110
1.019815
1.047931
0.669511
0.625219
0.820869
0.782151
0.596998
0.670904
0.835003
1.062701
0.124943
0.831577
0.492594
0.684137
0.576063
0.487526
0.669187
0.675313
0.907874
0.941194
0.725459
0.845064
0.721705
0.607064
0.835477
0.866067
0.705288
0.806067
0.834537
0.763236
0.625248
0.763405
0.738627
0.563841
0.082622
0.433162
0.278897
0.639820
0.883367
0.697828
0.935766
1.057824
0.665375
0.506121
0.880574
0.619728
0.790339
0.671373
0.591386
0.693350
0.560822
1.010348
0.721972
0.696949
0.792939
0.946390
0.424803
0.889327
0.776811
0.023254
1.053821
0.760378
0.794075
0.628716
0.851622
0.828519
0.758384
0.071062
0.678935
0.785701
0.797021
0.839379
0.366799
0.822546
0.690140
0.987875
0.100400
0.636016
1.018301
0.786008
0.803338
0.746025
0.685048
0.753970
0.668354
0.751414
0.691027
0.903163
0.707946
0.747957
0.795692
0.762124
0.484103
0.874283
0.801069
0.389236
0.636171
0.670007
0.909377
0.837814
0.029057
0.529730
0.802136
0.766094
0.940399
0.705903
0.678147
0.641566
0.668501
0.651008
0.806144
0.395979
0.228712
0.333528
0.282285
0.751265
0.743637
0.570795
0.848174
1.032188
0.019791
0.557359
0.777716
0.986690
0.575510
0.558600
0.774625
0.688074
0.477685
0.879146
0.093649
0.401340
0.758951
0.369071
0.881375
0.490340
0.520177
0.603667
0.750463
0.978938
0.793028
0.835084
0.552554
0.048047
0.896525
0.893135
0.946607
0.085067
0.921468
0.570531
0.643976
0.632374
0.584139
0.580155
0.684692
0.837508
0.760922
0.819694
0.654492
0.756447
0.749736
0.846943
0.704105
0.646486
0.660396
0.630028
0.659235
0.679495
0.588894
0.513126
0.943338
0.793770
0.188160
0.824027
0.605034
0.704182
0.586782
0.759798
0.878758
0.906298
0.933376
0.716128
1.005904
0.541948
0.638674
0.837615
0.970981
0.046848
1.024084
0.752431
0.764482
0.608991
0.163328
0.741385
1.023973
0.659316
0.618441
0.920541
0.596012
0.913470
0.048438
0.798738
0.733081
0.797066
0.908105
0.931701
0.610474
0.678464
0.670148
0.858368
0.743260
0.835732
0.825218
0.065205
0.659591
0.536593
0.362673
0.722050
0.157506
0.778976
0.086098
0.760351
1.043191
0.597945
0.687279
0.792281
0.831778
0.698431
0.694756
0.902488
0.752913
0.568594
0.264441
0.814966
0.862871
1.017125
0.658978
0.487503
1.009163
0.763355
0.584788
0.913338
0.581645
0.314204
0.759445
0.694253
0.093771
0.737452
0.593418
0.532810
0.916373
0.957229
0.115643
1.028004
0.819932
0.814020
0.729384
0.740961
1.015213
1.003505
0.930681
0.667412
0.825514
0.689508
0.881894
0.743407
0.061010
0.952735
0.795015
0.880005
0.778070
0.310001
0.815032
0.819515
0.700183
0.684786
0.691904
0.833755
0.897700
0.757637
0.165134
