1.048478
1.047555
1.046653
1.045771
1.044910
1.044071
1.043251
1.042452
1.041673
1.040914
1.040175
1.039455
1.038755
1.038075
1.037414
1.036771
1.036148
1.035543
1.034956
1.034388
1.033838
1.033306
1.032791
1.032294
1.031814
1.031351
1.030905
1.030476
1.030063
1.029666
1.029286
1.028921
1.028572
1.028238
1.027920
1.027616
1.027327
1.027053
1.026792
1.026547
1.026314
1.026096
1.025891
1.025699
1.025521
0.175572
0.172528
0.169525
0.166565
0.163647
0.160773
0.157944
0.155159
0.152422
0.149731
0.147088
0.144494
0.141949
0.139454
0.137011
0.134619
0.132280
0.129994
0.127762
0.125585
0.123463
0.121397
0.119388
0.117436
0.115542
0.113707
0.111930
0.110213
0.108557
0.106961
0.105426
0.103952
0.102541
0.101192
0.099906
0.098683
0.097524
0.096429
0.095397
0.094430
0.093528
0.092690
0.085380
0.084637
0.083959
0.083347
0.082800
0.082320
0.081905
0.081556
0.081273
0.078255
0.078091
0.077993
0.077960
