0.607901
0.236804
0.186011
0.188940
0.197980
0.210981
0.218119
0.215627
0.239886
0.257124
0.263419
0.272277
0.291530
0.306423
0.324653
0.344691
0.363684
0.383633
0.407768
0.424579
0.445137
0.467214
0.487392
2.112877
0.524108
0.546834
0.568904
0.585633
0.604104
0.623242
0.638517
0.654089
0.672698
0.682518
0.701555
0.716527
0.726010
0.740024
0.754330
2.103376
2.054603
0.794668
0.801879
0.810149
0.818178
0.149588
0.132602
0.135260
0.120397
0.123662
0.109851
0.109914
0.105990
0.104280
0.095299
0.091433
0.075477
0.070948
0.085090
0.062802
0.070003
0.073163
0.075032
0.058796
0.062912
0.063321
0.052954
0.048553
0.047199
0.044206
0.041844
0.039907
0.041386
0.034892
0.035986
0.036927
0.032064
0.036889
0.029807
0.029320
0.026954
0.026681
0.035301
0.027024
0.036907
0.027052
0.035999
0.024988
0.024984
0.027985
0.035003
0.034997
0.024980
0.026041
0.025938
0.035006
0.024968
0.024017
0.023992
0.024015