3.819954
2.865560
2.811488
2.756772
2.707794
2.650642
2.604688
2.548351
2.489871
2.434827
2.395055
2.332958
2.279335
2.238553
2.185127
2.119270
2.063647
2.004076
1.923382
1.863522
2.644706
1.741337
1.699158
1.648799
1.599587
1.549867
1.504459
1.460319
1.413439
1.370858
1.328844
1.281501
1.236831
1.194889
1.154701
1.115965
1.089414
1.034630
1.019801
0.973243
0.857913
0.935199
0.913567
0.850140
0.888441
0.834672
0.868196
0.818191
0.794458
0.794034
0.754481
0.744742
0.739163
0.699828
0.671666
0.667988
0.634429
0.620316
0.581126
0.571298
0.560283
0.521547
0.511455
0.477436
0.446408
0.425138
0.399381
0.354137
0.324151
0.290760
0.257405
0.221928
0.210719
0.182363
0.171447
0.139267
0.130645
0.113157
0.094685
0.087778
0.075560
0.068366
0.056335
0.052480
0.049090
0.043477
0.041739
0.041087
0.030862
0.033334
0.025434
0.024460
0.023358
0.020598
0.010564
0.009063
0.008183
0.008090
0.008286
0.005776
