1.465853
1.460511
1.455266
1.450122
1.445079
1.440141
1.435309
1.430587
1.425976
1.421480
1.417100
1.412839
1.408699
1.404684
1.230045
1.217920
1.205886
1.193944
1.182098
1.170351
1.158705
1.147164
1.135730
1.124407
1.113197
1.102105
1.091132
1.080283
1.069559
1.058966
1.048505
1.038179
1.027993
1.017949
1.008052
0.998302
0.988706
0.499393
0.490503
0.481792
0.474052
0.473262
0.464918
0.464610
0.456762
0.455362
0.448797
0.446311
0.437460
0.428814
0.420376
0.412149
0.404136
0.396342
0.388769
0.381422
0.374304
0.367417
0.360765
0.354352
0.348181
0.342255
0.336577
0.331150
0.325979
0.321064
0.316410
0.312019
0.306810
0.301128
0.295713
0.290567
0.285694
0.281096
0.276775
0.272735
0.268978
0.265507
0.262322
0.259428
0.256826
0.254518
0.252506
0.250791
0.249377
0.248264
0.247454
0.246949
0.243978
0.238874
0.234072
0.229574
0.225381
0.221496
0.000010
0.000010
0.000010
0.000010
0.000010
0.000010