0.473585
0.431824
0.427054
0.423677
0.414403
0.414271
0.403974
0.395375
0.383607
0.346793
0.316979
0.243246
0.222470
0.207756
0.200562
0.199996
0.198552
0.197359
0.193164
0.183771
0.183107
0.176361
0.171175
0.165752
0.158443
0.146906
0.142796
0.142208
0.139649
0.126960
0.111555
0.100940
0.100851
0.099337
0.090030
0.085097
0.083653
0.075314
0.073750
0.073164
0.071366
0.070857
0.069341
0.069267
0.066352
0.061382
0.059998
0.058080
0.057067
0.056296
0.055200
0.054537
0.054071
0.049733
0.049687
0.047843
0.047431
0.047337
0.047239
0.046768
0.046242
0.045198
0.043739
0.042859
0.042578
0.041285
0.036944
0.035526
0.035332
0.034168
0.033269
0.031597
0.031533
0.030134
0.026664
0.023898
0.021376
0.020214
0.016825
0.015702
0.015311
0.013937
0.013416
0.011955
0.011138
0.010708
0.010617
0.010105
0.009519
0.008507
0.008154
0.008088
0.007988
0.007178
0.007130