0.567399
0.784629
0.507033
0.440394
0.425704
0.375565
0.405134
0.356676
0.390155
0.317966
0.276106
0.215679
0.237548
0.157409
0.168162
0.165369
0.151332
0.189387
0.158990
0.167329
0.130310
0.148940
0.140697
0.133861
0.126705
0.127261
0.127696
0.132006
0.116642
0.102457
0.083926
0.070149
0.084821
0.085229
0.088164
0.055972
0.082827
0.065341
0.076620
0.053539
0.069166
0.070191
0.045673
0.073160
0.054352
0.035311
0.037257
0.054164
0.056523
0.072979
0.057534
0.035076
0.059352
0.045103
0.038109
0.031724
0.080556
0.036099
0.035873
0.049714
0.041439
0.053933
0.028718
0.041007
0.049977
0.027138
0.037736
0.042081
0.026270
0.039293
0.025892
0.025448
0.022544
0.032507
0.011223
0.026122
0.009015
0.018834
0.033250
0.007426
0.016423
0.004495
0.004346
0.015860
0.003717
0.003717
0.003656
0.005710
0.014956
0.004449
0.003568
0.014486
0.003806
0.004463
0.004363