4.081034
2.544993
2.587066
2.125548
2.309733
2.194720
2.399722
2.389751
2.470562
2.432400
2.449429
2.019599
2.028999
2.218655
2.285040
2.558381
2.536850
2.141497
2.215514
2.350638
2.265975
2.208623
2.551366
2.438476
2.242057
2.432732
2.729154
1.334610
2.666195
2.111618
2.248085
2.283339
2.418150
2.428760
2.371097
2.107120
2.380428
2.405471
2.224634
2.209990
2.208678
1.880415
2.096804
2.356449
2.033229
2.101804
2.226303
2.130833
1.827316
2.177193
1.920732
1.781727
2.210252
2.452175
1.777406
2.041913
2.365381
2.491736
2.179188
2.209139
2.207218
1.962764
2.328853
2.245432
2.275870
1.491650
2.394735
2.240740
2.091964
1.625780
1.861608
1.495205
2.308414
2.254413
1.957056
2.249419
2.149461
2.270733
1.800788
1.626193
1.860888
2.179257
2.159128
2.164107
2.283718
1.876414
2.242306
1.805455
1.971459
1.727206
1.919744
1.877867
2.256898
2.026303
1.873139
0.717367
1.213266
0.617407
1.715553
0.172742