3.010492
2.968646
2.865313
2.854371
2.852882
2.851254
2.838758
2.838244
2.815296
2.809433
2.795754
2.794107
2.791964
2.770297
2.767646
2.764720
2.755336
2.751282
2.730695
2.727325
2.719807
2.704599
2.697548
2.693495
2.692293
2.678219
2.677489
2.661288
2.655244
2.654064
2.652901
2.644972
2.644509
2.633473
2.630664
2.627162
2.622120
2.606015
2.601693
2.601110
2.599899
2.598195
2.592584
2.581674
2.571620
2.568220
2.560221
2.559058
2.557277
2.556231
2.552643
2.551018
2.550796
2.544218
2.542636
2.537320
2.535100
2.534655
2.510424
2.508799
2.503987
2.493185
2.490126
2.485981
2.483306
2.468229
2.466244
2.449233
2.442524
2.427494
2.417358
2.413723
2.392791
2.391916
2.390901
2.380009
2.377144
2.376839
2.366535
2.362154
2.356163
2.356090
2.348882
2.348882
2.334134
2.314074
2.291281
2.289259
2.262341
2.261013
2.216888
2.192886
2.191329
2.183137
2.168189
2.150908
2.032473
2.023196
1.936655
1.899982