1.776454
1.764136
1.760010
1.757077
1.755631
1.751783
1.751386
1.750645
1.749604
1.749584
1.749141
1.747214
1.747167
1.746942
1.746813
1.746506
1.745648
1.741097
1.740665
1.740416
1.740170
1.739528
1.739335
1.739244
1.736031
1.735734
1.733927
1.733374
1.733311
1.732823
1.732706
1.731481
1.731420
1.730955
1.730906
1.729046
1.729016
1.728857
1.728685
1.727926
1.727641
1.727122
1.726084
1.725421
1.724808
1.724761
1.724428
1.724405
1.723671
1.723659
1.723016
1.722560
1.722318
1.722255
1.722241
1.722128
1.720574
1.720424
1.720098
1.720082
1.719864
1.719687
1.719376
1.719371
1.719330
1.719124
1.718373
1.718351
1.718198
1.718112
1.717814
1.715926
1.715822
1.715577
1.715172
1.715027
1.714974
1.714370
1.713468
1.712346
1.711440
1.709554
1.707785
1.707601
1.705007
1.703276
1.703172
1.701785
1.701572
1.701086
1.700783
1.698051
1.697867
1.696605
1.693829
1.689695
1.686866
1.686162
1.686087
1.683763