4.229767
2.712524
2.321652
2.793496
3.121738
2.640885
2.849275
2.817906
2.826721
2.482075
2.712583
3.033494
3.106482
2.795766
2.538626
2.785155
2.624151
2.405673
2.651149
3.019157
2.680263
2.559301
2.480555
2.388658
2.986616
2.754263
2.856760
2.427567
3.057418
2.398137
2.606898
2.701385
2.910231
2.342460
2.641741
2.735572
2.740122
2.923332
3.089057
2.745839
2.701817
3.046978
2.559521
2.787008
2.554121
2.687544
2.927078
2.709008
2.376762
2.918762
2.387556
2.586776
2.801316
3.018956
2.663043
2.454625
2.589550
2.399040
2.500496
2.671155
2.544386
2.692229
2.548121
2.751280
3.096056
2.318421
2.729719
2.628741
2.729457
2.831177
2.562143
2.421503
2.575726
2.475324
2.429277
2.702911
2.690776
2.852516
2.779807
2.467831
2.804687
2.524766
2.539294
2.661065
2.415788
2.719139
2.539733
2.255669
2.522295
2.382656
2.624402
2.679538
2.416891
2.418636
2.483635
2.266510
2.425933
2.353529
2.542578
2.468490