0.007473
0.009442
0.006973
0.006651
0.005699
0.026849
0.021364
0.005618
0.005128
0.006059
0.012031
0.005318
0.005553
0.018786
0.005815
0.005637
0.017607
0.012105
0.007321
0.013992
0.006806
0.015388
0.019678
0.046708
0.029059
0.051748
0.052832
0.060162
0.050945
0.048656
0.044850
0.053134
0.088282
0.186630
0.077730
0.099616
0.142402
0.168483
0.068239
0.060574
0.056580
0.043862
0.038046
0.049437
0.025383
0.034587
0.039762
0.058195
0.046156
0.028998
0.028280
0.035780
0.038539
0.042743
0.044532
0.048819
0.047010
0.046113
0.044014
0.044873
0.055106
0.077086
0.067387
0.067561
0.087752
0.077736
0.081902
0.053998
0.073408
0.120745
0.145961
0.134798
0.122572
0.101528
0.117216
0.146099
0.165451
0.189329
0.163799
0.163478
0.363449
0.392004
0.410004
0.394286
0.402922
0.374705
0.336030
0.191958
0.188620
0.193616
0.210017
0.217487
0.198418
0.186838
0.203356
0.246189
0.303120
0.396102
0.398385
0.446570
