0.007003
0.009233
0.005415
0.013068
0.006557
0.005035
0.005708
0.025164
0.005258
0.011822
0.046109
0.009788
0.006502
0.016546
0.006341
0.005880
0.013179
0.014540
0.017024
0.015779
0.008079
0.009399
0.017671
0.058333
0.040749
0.057301
0.077797
0.069313
0.050941
0.043690
0.044638
0.058717
0.088259
0.208462
0.075717
0.094909
0.140623
0.185320
0.082599
0.054334
0.047977
0.050852
0.042132
0.052986
0.027024
0.034340
0.034889
0.041438
0.045305
0.025920
0.041077
0.030222
0.035994
0.053733
0.042078
0.045803
0.044796
0.077136
0.031872
0.038274
0.030306
0.077334
0.068899
0.071384
0.088059
0.071740
0.066628
0.067362
0.081454
0.089094
0.144786
0.118778
0.093048
0.095272
0.113222
0.143926
0.162831
0.174292
0.154702
0.146773
0.422966
0.455049
0.476935
0.480138
0.452954
0.431828
0.376233
0.217693
0.179030
0.205309
0.211317
0.229673
0.204386
0.190672
0.208832
0.256953
0.339375
0.439395
0.473020
0.517747
