0.006887
0.005541
0.005714
0.007488
0.005506
0.005639
0.005814
0.006222
0.011891
0.006305
0.030220
0.006343
0.005915
0.014730
0.006213
0.005816
0.011069
0.013411
0.007073
0.015284
0.018760
0.011336
0.034386
0.049381
0.027876
0.057939
0.042647
0.053067
0.059274
0.059028
0.042844
0.049601
0.069655
0.176250
0.062501
0.084627
0.131056
0.154036
0.061824
0.054479
0.053636
0.049061
0.050938
0.045632
0.026484
0.036321
0.032167
0.041577
0.042866
0.023146
0.030542
0.031288
0.057945
0.113187
0.042336
0.044324
0.042760
0.036611
0.034063
0.043593
0.040234
0.059337
0.062561
0.073949
0.080501
0.078776
0.066421
0.128377
0.074503
0.103350
0.128231
0.111082
0.090353
0.087711
0.099429
0.146852
0.145155
0.181332
0.143500
0.140457
0.358692
0.393627
0.401184
0.397308
0.387650
0.366319
0.321320
0.188932
0.175061
0.179366
0.184891
0.221662
0.181862
0.172238
0.183266
0.227490
0.312935
0.375058
0.395752
0.441212
