0.007898
0.005624
0.005701
0.028325
0.033044
0.005411
0.034572
0.010012
0.005310
0.006371
0.040818
0.006119
0.005966
0.014076
0.037517
0.006015
0.080785
0.014598
0.008194
0.016172
0.038907
0.049987
0.018885
0.082867
0.033560
0.073596
0.045991
0.064284
0.056976
0.049338
0.076377
0.053126
0.075208
0.203848
0.071083
0.108909
0.141760
0.174576
0.067675
0.058996
0.046569
0.045372
0.060348
0.046176
0.025135
0.036954
0.032593
0.052123
0.042740
0.042232
0.032326
0.031266
0.045537
0.058113
0.040916
0.046774
0.045899
0.039344
0.033211
0.033505
0.036420
0.065054
0.069791
0.080962
0.080973
0.079528
0.079960
0.050598
0.064167
0.106099
0.137326
0.152256
0.102122
0.090716
0.106834
0.134160
0.167026
0.179987
0.157792
0.138780
0.419427
0.452964
0.471735
0.465099
0.448124
0.425028
0.377912
0.207663
0.185621
0.212020
0.209068
0.233176
0.203338
0.189820
0.202001
0.267790
0.336457
0.435314
0.455216
0.510378
