0.006348
0.005268
0.008868
0.005235
0.008065
0.005363
0.005891
0.008711
0.005711
0.005961
0.046961
0.019006
0.006302
0.016107
0.006978
0.009244
0.014402
0.020135
0.007273
0.015270
0.007085
0.009458
0.046204
0.063919
0.042454
0.053545
0.046322
0.056055
0.087740
0.048265
0.090382
0.053500
0.080741
0.196825
0.068681
0.101869
0.130371
0.164591
0.097358
0.054966
0.046978
0.050134
0.036596
0.047184
0.068731
0.038269
0.039396
0.040739
0.047519
0.031359
0.029495
0.033481
0.034481
0.098162
0.048862
0.067091
0.046857
0.063576
0.033328
0.080600
0.030756
0.067844
0.062072
0.067697
0.089963
0.073682
0.065881
0.051613
0.063286
0.097169
0.147899
0.129579
0.092868
0.080967
0.111072
0.131641
0.167765
0.179163
0.166788
0.141973
0.383140
0.410503
0.425721
0.430094
0.416061
0.391061
0.343353
0.210439
0.177355
0.200192
0.218517
0.225425
0.205830
0.187282
0.198901
0.244000
0.311178
0.402307
0.422567
0.491473
