0.006708
0.010106
0.006162
0.005574
0.005486
0.006555
0.005655
0.005170
0.035043
0.006123
0.024681
0.005950
0.005764
0.036021
0.007373
0.005949
0.012511
0.024682
0.015692
0.015070
0.006959
0.020046
0.017736
0.052795
0.047594
0.051983
0.043756
0.048249
0.056598
0.044330
0.047790
0.056235
0.078598
0.195876
0.072324
0.100086
0.134218
0.174681
0.075401
0.059008
0.043655
0.045560
0.070074
0.046370
0.024594
0.034875
0.036143
0.042728
0.048474
0.031809
0.026086
0.029796
0.045256
0.034066
0.040975
0.081890
0.045450
0.036609
0.031740
0.039839
0.036965
0.058320
0.076092
0.070922
0.082517
0.079334
0.065651
0.064076
0.074004
0.099201
0.147948
0.120933
0.093633
0.081479
0.120361
0.141116
0.169069
0.173246
0.158671
0.142267
0.389675
0.416616
0.448929
0.435029
0.416615
0.407299
0.347976
0.192290
0.177214
0.201217
0.205639
0.219884
0.192442
0.181324
0.199745
0.239227
0.315806
0.408649
0.430491
0.478789
