0.007054
0.007336
0.005295
0.005243
0.005801
0.005253
0.006688
0.005436
0.005247
0.006102
0.032628
0.007085
0.019374
0.013371
0.045170
0.008325
0.024145
0.013776
0.007588
0.030533
0.019937
0.009438
0.018685
0.057995
0.027365
0.044200
0.048149
0.049972
0.051629
0.056003
0.051641
0.051206
0.090602
0.187231
0.069079
0.099199
0.133103
0.171388
0.068813
0.054585
0.056769
0.044152
0.036006
0.048922
0.025011
0.035035
0.035319
0.043403
0.040672
0.030654
0.026522
0.031065
0.047894
0.034185
0.040535
0.067325
0.042775
0.035781
0.034292
0.038471
0.029073
0.061122
0.061543
0.077301
0.082583
0.073951
0.069621
0.052205
0.063796
0.094280
0.146895
0.116622
0.093238
0.088468
0.111365
0.138308
0.184354
0.166793
0.150618
0.141795
0.377662
0.407948
0.422968
0.423068
0.403939
0.387601
0.341212
0.199026
0.187861
0.194490
0.210135
0.220995
0.199549
0.174028
0.193341
0.235627
0.309258
0.396748
0.417686
0.465461
