0.011993
0.011107
0.014790
0.014814
0.015413
0.010185
0.013748
0.019448
0.007810
0.007950
0.033243
0.006680
0.006266
0.035464
0.009661
0.006319
0.011183
0.013425
0.007701
0.015345
0.006909
0.010232
0.020489
0.075230
0.105071
0.089057
0.050741
0.048003
0.049601
0.042292
0.053755
0.055291
0.099163
0.194938
0.070990
0.110513
0.144354
0.181739
0.071462
0.054304
0.044509
0.043733
0.051748
0.047260
0.025308
0.045085
0.032403
0.046971
0.043456
0.024793
0.029003
0.034228
0.050824
0.106108
0.040794
0.045581
0.044044
0.062518
0.032914
0.036634
0.032775
0.059696
0.090917
0.071024
0.085778
0.069407
0.067386
0.047638
0.059157
0.090031
0.135963
0.122261
0.090842
0.088819
0.111785
0.130721
0.167252
0.170836
0.162082
0.132596
0.376225
0.405821
0.425588
0.420867
0.415731
0.396955
0.341988
0.196718
0.185748
0.200287
0.203317
0.216582
0.231214
0.183115
0.194140
0.238924
0.319722
0.397507
0.416524
0.462815
