0.012505
0.005186
0.005827
0.006035
0.011039
0.009658
0.006319
0.006088
0.005837
0.006143
0.034000
0.006144
0.065903
0.032136
0.006686
0.009070
0.014446
0.013375
0.016046
0.015768
0.007698
0.009700
0.021926
0.066985
0.031187
0.049900
0.044292
0.050513
0.050043
0.045665
0.045755
0.052485
0.100359
0.196497
0.069761
0.107570
0.228986
0.170718
0.070234
0.061322
0.041963
0.052290
0.049805
0.061277
0.028193
0.038871
0.038424
0.041826
0.051698
0.040397
0.029911
0.044599
0.040949
0.035576
0.040574
0.044812
0.043813
0.036916
0.032227
0.032258
0.030187
0.064894
0.062742
0.070721
0.078081
0.069595
0.065336
0.074118
0.069343
0.093958
0.139563
0.123007
0.093579
0.090027
0.103485
0.134581
0.159079
0.169099
0.151886
0.136303
0.387460
0.419015
0.434961
0.433927
0.418646
0.404905
0.350003
0.195429
0.193776
0.200777
0.214415
0.224968
0.194903
0.181712
0.199114
0.238342
0.315948
0.410536
0.429479
0.480391
