0.007666
0.011028
0.016142
0.014660
0.014772
0.007219
0.013794
0.014305
0.007951
0.008478
0.015276
0.012631
0.006620
0.069393
0.007618
0.009512
0.014436
0.013068
0.007154
0.015052
0.080978
0.012016
0.023323
0.045765
0.027927
0.046608
0.044341
0.063347
0.056922
0.041879
0.047338
0.068696
0.080106
0.185081
0.075801
0.101198
0.142189
0.166210
0.068037
0.068241
0.039792
0.049310
0.037656
0.052076
0.025491
0.035103
0.034173
0.058673
0.053533
0.036020
0.027663
0.030957
0.039967
0.037936
0.046995
0.048308
0.048566
0.037783
0.034030
0.037741
0.031486
0.072835
0.070674
0.085995
0.080332
0.079376
0.079776
0.057936
0.070290
0.115472
0.147511
0.140281
0.121118
0.095296
0.120777
0.149078
0.169538
0.179526
0.174595
0.143528
0.357373
0.389165
0.400215
0.390705
0.381390
0.368038
0.331915
0.199805
0.180778
0.198228
0.210245
0.214843
0.193677
0.190677
0.190897
0.237924
0.305979
0.378119
0.397651
0.441018
