86.219131
87.447029
83.918365
97.223892
115.354942
81.222496
97.181786
77.911194
82.081947
81.015686
92.577354
94.230400
87.590309
106.535385
64.685692
104.651711
67.012016
89.391640
79.501244
100.314339
112.641960
95.053177
90.518646
105.749466
79.933662
89.170868
74.818016
74.672028
96.971397
101.089218
101.004089
90.635963
97.535858
115.237404
93.550087
94.807747
116.252205
80.249893
49.220676
97.094337
104.142792
90.171364
109.393860
126.731377
108.021355
82.145088
123.710907
95.778877
79.495941
111.231422
99.314987
111.112511
108.991333
108.313995
94.146431
72.729065
102.694885
94.017860
46.573650
99.517776
115.462456
112.218781
103.850250
55.467304
101.525505
102.747597
76.463211
92.384987
114.298393
82.008652
100.920105
67.715721
69.448257
110.957855
106.292114
98.698296
67.603348
65.933075
56.136986
93.075249
92.961052
93.566071
99.062218
114.335480
78.975662
84.649986
83.655960
92.417107
85.734879
80.993683
109.202538
88.678589
72.633217
96.566360
93.942375
93.683357
88.871635
100.347801
78.975662
103.763481
