1.137334
1.157034
0.994460
1.061207
1.183955
1.011604
0.923832
1.074320
1.054738
1.047010
0.922701
1.095960
1.024033
1.144114
1.102329
1.155207
1.071671
1.223237
1.059201
1.304264
1.028955
1.054768
1.054486
1.085647
1.081142
1.125866
0.946762
1.087835
0.983604
1.129097
1.077119
1.216085
1.246764
1.251316
1.072360
1.112985
1.059104
1.111930
1.140719
1.072835
1.240251
0.982470
1.136620
1.113962
1.237527
0.945451
0.855156
1.185485
0.940611
1.140332
1.091885
1.188139
1.329602
1.253754
0.872527
0.966546
1.062126
0.850837
1.027745
1.277377
0.914955
1.045181
1.048615
1.114144
1.028069
1.081071
1.240370
0.836104
1.224029
1.221349
1.107270
1.056681
1.053222
1.105517
1.128719
1.182448
1.018496
1.125567
1.006042
1.225412
1.225700
1.033590
1.405233
1.048479
1.088121
1.176764
1.178504
1.177319
1.031446
1.047539
1.032948
1.057770
0.897911
0.850374
0.955279
0.942466
1.085792
1.286259
1.072450
0.955914
