0.000000
0.011769
0.047113
0.106084
1.191736
1.293572
1.419079
1.568268
1.741142
1.937692
2.157901
2.401741
2.669174
5.299009
5.600324
5.924960
6.272838
6.643879
7.037986
7.455059
7.894982
8.357635
8.842889
9.350602
9.880629
10.432808
11.006982
11.602969
12.220592
12.859661
13.519979
14.201343
14.903532
15.626337
16.369530
17.132874
17.916134
18.719063
19.541410
20.382917
21.243322
22.122356
23.019749
23.935230
24.868502
25.819288
26.787302
27.772238
28.773808
29.791714
30.825649
31.875301
32.940369
34.020546
35.115501
349.142212
348.810150
348.485657
348.168579
347.858948
347.556854
347.261993
346.974487
346.694275
346.421204
346.155334
345.896515
345.644684
345.399933
345.161957
344.930878
344.706573
344.488983
344.277924
344.073578
343.875641
343.684082
343.498993
343.320160
343.147552
342.980988
342.820679
342.666229
342.517670
342.374939
342.238098
342.106873
341.981140
341.861115
341.746521
341.637207
341.533264
341.434631
341.341003
341.252563
341.169037
341.090454
341.016754
340.947784
340.883484