1.882531
0.116657
61.200775
2.186395
2.330419
1.567757
.821969
2.597252
.552547
1.557539
387.846558
264.246246
13.193295
354.806793
11.340774
12.990873
10.495739
186.803894
397.771606
11.052550
12.091024
12.073480
372.440216
11.312149
400.142151
166.165253
14.701466
13.188210
10.638681
301.105072
373.022491
13.798302
361.921570
281.349823
372.396667
12.106729
338.019470
14.485340
13.662207
386.327484
11.143939
355.906738
12.077359
386.835114
367.712402
317.627502
12.887753
383.287201
305.173981
352.179718
12.130792
379.273407
12.621304
11.956005
11.516798
12.391489
11.525949
12.672319
13.605074
12.913545
356.567444
382.211151
392.065338
12.054271
192.523575
291.419586
350.812622
390.197601
13.386768
13.283484
377.280273
16.267033
23.602257
13.501303
353.532318
11.213046
29.432261
12.042700
11.385110
342.721588
325.034241
364.812286
12.115942
375.287292
14.593815
372.890198
350.834625
234.876221
329.755859
13.341017
11.079702
380.886108
370.267822
10.699669
12.040491
272.845947
288.374908
340.832367
10.555092
10.750146
317.988129
13.489776
13.679634
281.108734
14.270222
11.423098
11.959566
13.973657
16.949875
303.951416
321.887390
11.496490
12.802078
281.095154
358.670868
354.399628
368.516174
351.485046
12.005703
373.332642
377.060699
10.607240
389.569214
14.887708
239.793259
382.094330
12.444167
378.862488
14.925171
11.209020
296.533600
11.650270
9.982983
11.600617
11.847069
10.973218
12.515611
355.287628
10.918079
313.368683
10.918089
11.741314
15.425948
392.324432
379.903992
390.331909
243.359756
378.407776
12.493619
285.769501
12.736097
14.210136
322.881317
370.678650
12.087755
369.645813
237.378448
380.805847
13.510440
12.501833
381.617798
12.517413
364.192535
261.286743
20.871563
375.249786
357.509979
342.201813
10.769460
258.941895
374.868164
378.713745
300.007324
221.098099
11.937381
395.172028
14.898455
155.184235
212.586258
329.018158
14.685797
368.393463
382.138947
12.134450
382.492157
11.679774
292.645935
269.980591
10.613410
384.083038
388.241760
225.694397
13.463438
246.584244
344.833588
367.006500
14.630763
24.271755
211.981857
19.969116
375.580505
371.608185
11.135464
354.369385
12.735913
389.244873
12.124363
29.881018
297.877686
13.218304
90.109375
12.405893
381.268799
11.968515
366.575745
12.072931
374.136353
10.997463
13.003414
363.859314
332.448486
379.568817
383.670044
10.685387
377.748016
326.921265
13.424969
384.934875
12.744260
376.932922
295.055359
384.293152
378.064758
347.305969
14.491677
11.976713
382.870087
285.235687
16.465546
26.297712
10.728251
11.387845
345.215851
13.181236
319.770111
388.963654
20.141027
384.243988
14.599890
369.739868
16.396173
12.093774
17.005024
379.818817
21.542864
16.539923
12.791219
262.189240
275.573242
12.236601
375.854309
11.984837
13.661856
384.196686
252.562241
11.835774
374.958710
13.460494
12.845747
376.713043
378.001434
390.465057
12.916301
20.006012
14.215339
381.976440
13.676040
327.342651
11.093409
14.871925
384.090149
221.022278
321.596405
15.309610
11.487410
391.438965
348.161560
12.273544
383.352631
380.492737
11.199217
13.351232
12.628119
12.505861
376.719055
377.054047
11.427915
379.034027
341.631714
16.681442
16.994532
368.262238
15.897841
12.896770
377.959991
369.111450
14.886478
367.843170
378.887787
351.901093
389.089722
19.924614
14.379068
381.234680
18.370714
360.370667
359.028229
368.182281
397.183899
12.541289
367.827393
217.118423
13.905852
376.194733
121.627480
381.920013
20.553059
322.485901
383.002380
383.650940
348.835968
323.408081
387.136475
12.836946
300.553436
337.746155
12.720900
11.769748
12.595305
323.636353
285.954865
384.406830
341.927246
351.074890
12.258625
313.960266
344.154663
13.346146
11.451043
385.641663
342.021973
359.631775
390.922852
378.934875
258.762604
232.610077
310.797272
385.915894
13.460935
376.638306
308.948547
14.271952
366.752625
12.208225
384.461945
11.705305
263.308838
13.496704
14.590334
20.676048
251.927338
13.690461
356.258301
12.879859
343.187683
352.741760
366.985352
332.023865
327.912903
17.513453
11.878964
399.382385
381.213745
357.084412
262.080566
16.961554
381.413605
26.927446
11.304626
16.609081
12.434501
12.641397
13.268214
17.536209
12.324687
12.166437
326.744202
17.738729
385.674622
351.993042
11.624743
372.331879
11.357027
11.830525
264.069305
10.955586
11.761321
12.604263
12.791489
366.503784
231.356003
11.667956
369.294922
10.747821
381.444489
11.615236
310.272003
343.458282
10.051554
14.203156
205.965668
26.615562
320.876678
14.597316
10.672235
12.141630
349.929138
317.195770
12.853855
12.242407
386.580994
11.595399
396.274048
355.404083
370.245422
270.905701
12.732430
371.638550
349.832581
10.591990
355.092468
12.248582
11.100139
384.618469
377.593262
182.807816
13.913824
360.071136
250.029541
374.008484
11.278978
12.171148
376.464478
368.477753
375.389832
11.856245
12.635650
14.407784
15.050133
335.217072
11.986170
14.870226
10.211462
380.823975
13.522876
11.999149
12.982486
397.897552
255.417923
369.200317
371.921204
370.621094
13.570744
301.794342
355.766724
287.184509
169.305298
400.172546
308.698364
11.927558
12.013148
13.389963
388.987823
358.947479
12.294205
287.521118
17.777987
315.982544
275.440216
11.690072
10.576198
378.029633
348.454712
317.521820
367.657806
345.348999
355.053558
387.570984
376.482025
373.478821
359.752258
382.060638
388.795349
334.795135
11.429362
13.674903
215.605606
14.812543
330.267853
10.578770
314.822479
398.313171
30.233879
14.934023
321.981628
363.916565
347.351288
397.772217
10.400886
374.133728
13.477074
11.871947
317.019745
22.756504
354.040100
364.324554
14.047773
384.302307
326.194214
17.725542
365.671509
12.220104
374.226959
369.522461
343.500122
20.424721
341.965729
380.460999
387.016785
385.410553
317.454346
25.924826
360.784882
11.706490
12.910694
373.485504
12.078370
14.358610
12.687349
382.309235
12.171392
377.035370
382.363617
281.981567
14.582685
13.423149
367.610168
367.604004
305.206116
351.113281
377.207062
11.723619
243.271637
12.691174
11.961071
295.774902
13.177921
312.927643
371.753601
259.822998
340.168549
12.200242
348.044312
351.099396
383.866791
12.532726
11.166875
10.777135
12.090814
375.341705
12.273528
306.528229
343.213409
374.646545
12.089373
13.660976
12.588438
13.033077
14.174969
360.736908
341.912811
333.522858
279.837280
313.904053
12.854056
269.039856
271.156342
392.810455
16.553772
322.566010
11.537726
395.156433
360.928528
13.348618
12.589487
240.681992
11.690684
12.297575
368.910919
318.201050
306.343353
9.968948
365.632141
13.182561
10.376020
356.807983
13.492693
386.737366
377.531311
372.815369
11.821052
259.832642
370.598297
14.078200
381.464203
270.385620
396.545654
342.713257
343.950928
390.596161
15.237814
13.567672
12.644508
304.221680
394.552704
340.779480
11.431013
11.775733
342.034851
16.348242
10.942599
338.719513
14.974688
10.786418
13.216715
14.885391
12.188195
10.932279
14.593241
305.537994
11.431479
366.729889
12.068093
364.572998
13.271518
355.768982
12.179308
385.702972
388.581909
111.261192
12.018583
77.507019
342.829926
319.814301
385.580780
15.367189
232.307556
11.588935
12.663968
10.640654
12.969975
11.320472
318.933289
376.811829
316.264893
206.814209
13.177074
12.804351
159.811295
279.555542
10.831419
10.323300
333.732178
12.930433
106.262360
10.551612
18.766375
309.779907
378.913422
17.436432
11.504264
357.621002
391.891541
380.236877
11.575918
370.252014
12.103629
24.056458
330.153198
358.416565
11.731071
357.014435
378.378906
19.966326
361.358368
305.922180
323.263641
274.022156
13.552136
12.276982
349.490356
368.696075
382.226654
346.820343
12.065920
378.438934
11.928998
10.298712
9.887547
376.740601
360.074921
273.782471
11.057275
380.882843
10.111160
364.130585
11.468085
372.927917
363.317383
388.476166
223.666519
336.898621
315.181030
12.470143
14.716447
12.222269
303.306213
347.364929
11.356457
11.750669
13.835183
292.288727
14.083319
396.855103
11.421917
11.709332
10.574671
364.535706
337.935638
345.596375
19.637911
359.987305
378.294342
383.721588
345.972595
327.252777
12.310825
380.553955
13.862863
272.269958
12.883322
20.317303
362.552612
375.611725
349.070190
12.024758
378.174988
383.078094
370.388672
274.953613
11.478645
359.161499
10.453269
12.771505
11.762856
13.749214
326.051422
366.419098
11.908469
349.433228
14.112792
366.261841
363.694946
11.508907
383.184235
12.004316
406.831604
384.366730
14.890150
396.466858
298.603821
11.786008
371.287384
360.390717
375.458649
22.402506
15.496478
387.902130
374.723907
283.276825
367.158142
9.328526
365.527069
355.232544
13.051941
350.048126
394.252472
10.952660
181.518494
19.197578
358.417969
10.386298
11.467364
198.782166
11.660052
10.145739
32.199837
12.959955
11.391026
380.785828
372.886993
16.871117
366.514557
308.296600
323.272339
399.290802
314.996826
312.079498
364.104980
10.225837
11.450658
385.596924
11.232360
12.536887
16.899548
11.499083
385.457184
352.651764
358.542480
370.713623
12.734056
365.180115
377.195770
270.232910
375.560638
41.718784
392.179352
11.157972
388.290253
356.036163
10.912060
10.778850
14.610389
360.742523
360.762482
366.696808
390.002319
13.629803
245.755310
370.318970
249.077591
389.786957
349.405670
330.860199
12.279825
374.415833
389.037323
389.679688
12.276279
9.694460
13.526338
330.477600
10.808702
12.291103
370.630554
13.998700
380.492188
9.758776
374.826752
373.636536
13.926274
16.804569
11.146857
13.847475
337.350281
243.706177
294.290466
369.365265
13.554328
13.032071
10.784065
9.280109
11.759276
12.560122
17.602278
11.548765
394.499359
10.847292
11.978126
362.221344
12.821832
355.330719
274.502258
347.036499
355.343353
12.775473
327.669708
365.306976
12.503947
13.913002
21.112799
382.032196
368.253387
13.619196
301.388885
14.329709
378.926697
369.542206
360.551086
209.341354
250.377213
13.024471
11.852846
12.688891
13.819322
17.693623
14.668754
372.490753
356.306824
246.638489
377.969147
386.508057
369.407654
14.135442
336.055115
323.250153
12.299222
374.517059
10.344758
348.376953
21.801874
13.011704
12.877387
377.396332
283.107513
376.052246
11.684717
11.321071
12.427035
358.377228
17.429979
384.502319
12.460801
378.474365
352.635376
14.183502
11.857285
10.870080
282.326355
380.689392
370.026367
18.056599
10.830568
13.071138
13.046885
374.486603
12.942048
372.015900
15.297662
12.743623
14.458003
272.991486
10.919183
383.496948
15.318269
219.524719
12.124658
374.925964
11.595462
11.091019
342.519135
12.094390
305.348419
346.534760
11.907418
382.808502
14.850576
357.088165
297.021912
12.552194
326.308105
12.109029
12.173612
346.174774
17.842764
385.457825
359.232605
335.443756
390.456879
15.209361