72.449814
1.176127
10.081861
0.969273
48.204830
27.390938
0.945701
36.268181
0.836123
21.400663
0.816494
31.483271
0.823589
33.539639
1.062168
0.892820
42.884430
36.120777
0.911630
40.048683
0.722456
0.942277
41.276077
0.948087
0.746321
1.033115
1.273339
0.984576
39.501083
0.862705
31.731483
17.767506
0.901725
38.517990
37.627403
1.014888
0.949634
23.676640
23.485601
57.268753
1.251827
34.721191
46.702805
12.370482
0.994450
0.962218
0.918090
32.562508
47.178818
0.800707
46.463245
0.986317
0.901692
1.035197
0.856836
23.061270
30.591307
45.464153
51.394730
40.595066
0.778756
43.774540
0.944708
17.970839
1.081782
0.757344
54.204762
0.950027
0.770775
0.778640
0.852399
24.628054
19.590094
0.824747
0.992394
0.721672
1.075117
40.348549
1.039470
0.876640
37.415295
19.742077
30.328245
0.986714
1.041399
7.000572
0.729358
28.009232
1.172196
22.289606
0.718305
63.160786
0.751165
61.130478
61.586250
77.288261
70.019714
0.960539
34.358505
60.416275
0.767532
21.295008
0.895450
50.906414
33.930882
47.606365
0.743635
0.801735
32.545536
64.269363
1.003940
29.414320
1.114784
30.697126
50.227360
38.364914
0.869460
0.928343
0.931414
65.343971
0.923153
0.955441
56.895924
0.922845
77.698059
25.051167
0.970313
27.493513
58.945530
0.689169
0.980312
45.523304
0.846656
43.250664
10.043373
1.031346
1.170589
1.314564
36.942570
1.044058
1.143795
0.916217
1.141192
0.705346
17.365471
0.927818
0.799768
0.851129
0.776375
18.667318
23.828205
43.159931
0.897749
33.450447
1.005749
61.839085
83.230064
1.018264
57.537361
0.852571
1.006659
53.771046
1.141791
30.757999
0.826439
48.684250
0.743090
54.441914
0.813557
59.006485
17.351786
22.209984
0.962660
1.151477
1.164470
16.686972
0.972905
21.350147
45.014889
82.199585
1.075434
0.931716
0.804177
46.879013
0.828408
28.577572
0.916529
54.930981
0.932930
0.967760
0.942624
86.507484
12.737142
1.150755
0.934034
32.207829
40.946751
1.029935
53.872173
0.797858
0.931134
0.950890
0.716697
0.603972
12.160536
19.429409
0.879568
37.832096
18.144949
34.332783
1.066961
1.101641
0.880658
43.491695
0.872056
0.895122
1.115072
32.455185
0.827058
0.752460
0.862040
29.356216
0.632419
0.983006
49.250370
50.286175
0.901419
0.938431
29.952930
41.601440
20.078802
39.281425
34.937904
29.218517
1.043080
57.540604
0.964362
25.579262
62.911690
39.405907
1.098323
0.880465
1.016588
48.308193
0.930784
0.891605
60.613834
0.692222
1.139401
46.597820
11.692465
0.781836
0.911182
1.207080
1.053089
15.538407
1.138658
0.743917
0.960173
0.988337
2.438396
43.357956
0.949648
0.718781
33.837601
0.736224
0.952622
0.896956
0.852157
0.979089
0.801833
49.504280
49.872669
1.016423
25.072653
0.939330
0.807195
0.681608
29.274651
44.945213
29.592571
39.221077
0.801981
15.147755
0.777075
41.954361
47.977757
46.031761
1.128374
53.990387
0.827020
13.336047
0.906154
39.074947
0.692867
58.833511
0.901424
1.345102
0.786227
29.849779
31.337631
46.825680
0.902843
61.070896
0.598708
0.616238
10.001711
0.770458
0.808826
28.819824
63.154678
1.025623
0.649841
45.131042
0.668114
1.039540
0.924183
0.878487
48.862423
0.850358
65.898109
0.848958
34.970104
40.479603
22.547163
9.268706
0.853281
1.015745
0.752836
0.889638
0.916500
28.208122
0.847639
0.969936
0.841367
0.909889
47.721603
0.826378
0.836916
27.069971
0.775528
3.701084
31.082516
0.775348
42.437332
0.932279
1.078407
0.913534
0.981754
13.179625
0.722356
44.695805
24.944769
0.857680
0.891461
0.830192
0.926759
0.885366
20.690535
0.919398
10.340723
36.297382
0.871017
0.932872
0.810414
24.789894
60.950020
0.913694
0.989204
1.045999
0.834927
14.487766
16.005329
0.865280
36.784466
0.954569
0.760372
1.194117
39.003613
54.911919
10.799390
63.814987
0.713330
0.787418
21.057230
52.864986
81.688988
0.970397
0.881833
0.780632
0.927834
1.085204
0.962263
0.920662
0.782486
40.357685
66.581871
12.055606
0.984073
0.838443
9.845653
2.687608
0.756061
19.400867
29.850302
0.950605
0.960761
3.203439
43.699509
1.076185
31.062691
0.765871
19.908445
0.856003
34.663269
36.147072
1.047794
27.010942
9.682853
1.133439
46.991032
38.728462
0.875244
0.937332
67.758446
58.898064
26.952589
16.305391
60.091042
0.806369
62.130875
56.770248
48.768951
1.050324
20.488087
1.078940
69.567543
33.334690
43.302376
25.518108
15.557871
6.059409
0.790682
47.487328
0.858707
27.194794
43.777103
11.957249
0.811311
36.777435
67.696495
42.529858
0.941424
65.877747
35.323318
0.797529
8.928782
0.980171
0.769789
0.858146
0.868053
34.716282
47.855610
0.864632
37.981766
0.739982
40.689743
0.961173
0.739560
1.070951
72.302429
36.545341
10.754718
0.732472
0.734832
1.150924
0.925245
0.756470
20.666300
53.279404
0.761154
31.796854
33.719486
73.797989
0.893637
43.130154
10.741307
0.886255
0.886802
0.850397
48.963760
49.444042
52.486275
32.844593
67.694183
31.620945
47.568882
45.119396
0.823243
40.304218
18.682657
0.808943
11.553714
1.014154
25.017673
33.091469
7.380986
39.262909
0.979246
0.754792
0.864810
0.891751
52.192215
1.066717
1.309239
35.078503
0.860994
0.705268
0.858365
33.836601
1.135520
38.411743
1.559286
16.731577
0.980401
0.913440
1.051294
0.935248
0.765601
0.934933
37.238007
42.515598
4.586192
36.021206
49.498348
0.729399
0.694455
1.250936
12.935805
0.871981
0.936071
42.568352
31.383928
1.084617
1.382984
1.154410
1.281869
49.757820
49.591713
0.912061
38.652695
0.768674
1.066299
23.279621
48.304138
33.072731
1.148666
16.473551
32.892540
59.218571
0.999517
0.830039
28.128103
0.834278
0.653634
1.088445
15.002425
0.855109
42.602333
21.586716
44.691704
0.698020
97.146019
0.966890
34.523739
28.762871
54.694874
52.234753
0.856843
12.420259
0.767953
1.201605
1.044454
31.359547
28.261368
55.703018
21.009905
0.623131
32.617409
6.737692
1.019045
1.055355
1.054191
1.214630
0.802700
1.307375
0.750596
0.754253
1.224112
47.737251
36.595531
1.002964
33.645473
0.618325
1.071171
68.464638
1.091276
0.928316
10.695489
19.160442
34.250771
2.915174
1.063659
0.823814
40.610157
42.176945
50.277962
10.315147
1.073910
59.647404
0.814478
0.824524
0.907901
0.822573
0.811213
36.893234
45.210606
9.492817
4.132818
0.857492
69.523254
0.753103
53.362740
0.977584
53.147678
1.028543
38.862267
0.873312
0.724403
51.252117
46.951576
0.969025
51.292206
22.996666
0.850424
34.135281
1.072401
80.706100
6.888154
0.871759
1.088185
1.007363
12.979023
33.849976
30.500576
19.772579
1.024712
0.951511
59.335491
25.088102
1.105156
1.051679
68.618591
1.004505
0.873119
0.892916
1.018932
0.930454
0.824948
0.819321
0.939296
50.670006
0.629672
0.953330
23.607336
46.079937
0.981098
50.531204
40.892090
0.564581
1.029171
0.712510
8.099094
59.019608
0.680403
29.975468
45.815586
0.902371
0.954698
0.948767
0.827802
1.069063
1.125435
1.062698
0.966614
29.226711
0.882243
42.284199
0.936431
0.664361
53.089706
0.860760
0.888029
19.945711
49.512554
1.031500
0.878356
0.968932
39.634514
51.228722
1.006661
37.655071
0.801255
33.050140
25.010681
1.172360
1.063969
37.035439
23.915258
57.651569
22.927610
1.050892
0.862406
73.189110
26.342319
0.649334
1.152937
0.979813
0.959790
0.834575
0.909977
38.512566
1.167640
0.683632
27.424364
51.808243
64.620537
30.890932
60.011490
0.953695
0.982189
1.009825
6.494808
0.918542
0.891645
1.241304
0.983868
11.811907
1.068570
0.808750
0.792808
67.843628
18.258503
13.927450
0.667642
0.810632
5.358854
49.833229
21.276897
0.950346
44.196060
51.375618
0.926509
0.896907
0.964503
0.888910
0.752643
40.377586
29.201878
0.967847
1.202723
0.713676
0.962971
50.812424
61.538250
49.281845
43.126114
31.548494
0.877182
43.920105
42.261921
34.942654
0.936393
0.908122
0.844423
1.168624
34.979652
48.805870
0.809551
0.838393
0.939054
6.591817
1.093757
36.933746
0.781665
32.415508
0.863465
0.856033
39.415306
0.919274
1.246188
1.133919
1.068476
44.652325
20.983961
46.879498
0.779291
1.105081
1.037435
0.773208
20.430319
1.070014
0.867208
11.726471
0.889148
0.842608
0.901795
35.440720
38.285263
0.891223
0.822400
39.001907
7.011254
0.912888
0.948576
0.826050
0.991449
24.906822
0.953524
37.975258
23.417625
1.143398
0.663341
0.979948
1.076324
84.066582
1.183022
1.113153
1.001518
40.422573
24.216526
0.885528
67.788971
0.804524
20.060762
55.461189
1.026776
29.929062
1.047145
22.594435
17.067350
0.926705
6.993960
24.404531
0.872250
34.672657
83.086250
22.238136
0.947441
1.072968
25.804449
1.001558
0.713023
24.641998
0.800113
38.256439
0.916647
1.188933
60.605000
0.789757
42.693233
0.838276
1.220504
0.932705
0.898857
44.951824
0.938787
1.036249
51.395973
74.741447
11.352485
0.868883
47.725822
31.017168
0.859264
0.648551
0.957028
8.750356
0.872999
42.412277
1.100395
0.809556
0.772520
48.136417
42.546543
1.101582
56.622196
19.027765
57.104816
1.130729
13.688657
0.940016
28.678627
37.355148
1.107133
52.812244
47.473747
33.988380
1.075184
0.826797
0.822100
19.583323
26.260761
0.951194
0.929400
29.077326
1.171788
55.836548
0.927217
53.960560
0.970841
0.689291
27.315012
1.061979
0.772165
36.860397
1.104275
1.240342
1.171859
0.785380
41.153522
0.873221
46.229370
1.744580
74.052032
1.065471
0.875063
0.871432
24.600368
0.979693
21.815004
22.088274
12.580417
1.288572
53.490860
39.461651
0.915495
1.003296
0.968268
20.823526
0.965033
0.984780
0.926752
40.308788
20.297350
38.598671
0.751931
0.769981
23.559780
30.996670
55.832722
16.355654
41.286205
53.053589
53.185959
0.720066
64.322525
0.737226
1.027947
0.899268
0.734179
0.815083
1.151983
20.422314
61.527332
46.884193
0.814710
18.930876
1.183431
81.493355
0.845863
1.042535
1.073110
25.436499
29.330425
0.997846
32.040016
0.992402
29.606039
1.158036
46.447929
1.046356
0.840450
1.104933
42.795063
1.241653
26.217812
38.932327
49.040524
0.981237
1.002809
53.937595
1.032573
35.029186
81.104874
62.895596
67.305321
1.004510
35.272781
50.818947
61.882416
46.743027
0.855200
71.347435
20.710714
1.041595
33.355072
1.008177
0.995442
0.784207
0.987658
1.039562
10.108607
31.834068
29.576838
0.764032
0.897163
0.957844
0.912583
0.941667
22.696970
22.274452
0.819522
1.227407
43.197250
47.019779
22.111050
52.872402
1.294039
15.758038
43.112705
1.176784
3.390281
0.952011
1.020247
40.132118
0.833665
1.051689
1.126609
32.814003
26.645130
45.052963
47.131916
43.802795
0.841493
0.756306
0.703152
18.591122
34.286430
50.229755
1.050650
0.874091
31.179035
52.349525
0.946388
48.442371
0.899619
0.850851
12.921356
0.897505
4.009484
56.955395
0.800796
43.857727
41.088573
20.700678
1.271107
21.359423
3.022654
20.661743
0.814650
1.017885
0.907632
23.580559
22.762871
0.975762
0.863618
0.973552
0.830483
0.842072
0.908619
0.659310
0.757938
0.951819
0.864676
51.995773
1.169617
0.686412
25.878653
0.877349
18.597584
1.170452
0.880091
1.052185
0.909665
1.086644
1.061758
34.020668
1.220383
0.796821
46.295765
0.862452
1.002574
0.911608
0.844959
1.105823
13.971727
5.294096
1.349467
0.709112
0.899644
0.826352
42.106033
41.559681
44.842587
58.967838
36.421669
0.725548
7.347031
21.922491
0.884986
0.815096
25.452576
0.770165
1.100554
0.768248
1.087196
26.138739
0.906518
0.768512
0.893273
29.147942
29.427305
0.969745
51.788033
0.724106
0.877106
1.036924
0.906497
0.909462
10.625751
0.757870
48.742592
0.767877
27.537975
0.967854
0.973041
0.817379
30.011610
0.965709
0.646383
30.007082
0.761965
0.889165
64.411987
3.995703
16.380447
47.072620
0.864866
40.672485
78.700859
10.421486
0.843849
0.947205
53.253647
0.667403
0.909791
13.537746
0.699868
0.751450
59.655613
29.456451
40.876667
0.857932
53.876938
1.022991
19.675619
0.987863
0.993397
21.844952
31.320879
12.658648
0.828069
38.926464
14.105253
1.731493
0.891657
0.928547
0.950758
27.381348
1.013259
46.049629
21.040558
19.704535
30.871550
0.710753
0.914403
0.907179
0.669891
1.051876
33.986607
67.551941
43.756630
6.679290
0.910923
0.802382
53.519394
25.745445
0.876066
50.344418
1.297818
56.357841
0.888222
0.776999
54.559772
1.048622
0.751843
57.960049
38.031433
32.905674
62.193798
75.275673
53.512878
0.775881
35.121254
42.971371
24.951548
0.815413
1.090636
0.881221
10.855586
0.864263
0.874277
0.994873
43.218903
1.081024
1.049278
0.906148
19.258383
34.509396
2.597502
0.702879
29.677515
38.715084
0.805098
0.874327
27.953640
1.129142
1.036706
0.911389
26.089355
0.743385
0.951032
34.969078
0.988064
30.743269
57.010262
1.157191
0.897240
0.840326
1.005366
4.578642
1.014238
28.436211
51.332947
26.032230
32.444115
0.924189
47.578232
0.932167
0.962023
0.926262
0.794518
18.803234
22.223186
0.735423
0.801917
1.179303
0.832867
3.911550
0.800805
1.042623
1.090068
44.631348
20.832085
0.821035
0.975545
0.844702
1.157712
47.656189
1.095577
0.912482
1.158031
48.288769
0.805481
0.729517
0.780144
0.989892
29.177238
40.805862
0.977461
56.705612
1.044424
58.995880
24.644924
67.111504
0.896087
43.648659
0.804992
0.877880
15.017340
66.034897
24.684563
1.085109
0.751125
48.263920
0.848000
0.731997
0.918211
54.503479
1.043407
0.822163
0.674646
1.063669
33.036655
26.658062
0.996840
1.013649
0.701268
21.036779
52.977928
29.665321
5.186010
19.481668
0.894363
69.654251
0.986165
9.836291
1.161097
1.036344
0.990792
71.206909
0.905431
45.436234
49.711159
49.649975
75.905327
0.887344
26.580294
0.726953
1.001243
30.132261
0.821039
12.673127
0.869172
28.888426
1.138338
0.949200
49.555637
1.016008
0.843809
27.613075
26.365234
1.175572
0.927305
10.296537
0.699117
1.015370
0.818410
33.394009
0.802179
31.550446
25.617048
41.229546
49.113800
44.892574
31.206018
54.190411
1.003199
0.695932
0.676774
1.004085
0.950569
0.978286
0.949599
0.775732
29.212557
4.624491
31.323074
0.915099
80.409370
37.112782
61.293255
22.053278
1.505708
0.997203
0.931284
17.004543
0.906068
0.859368
0.719347
0.921188
0.786194
69.010857
0.921051
91.052635
33.582809
39.799545
1.009904
0.844861
1.018482
0.881135
50.276196
0.950278
19.814367
56.879601
0.980148
96.551712
27.128242
80.375343
1.069765
0.873288
0.754544
43.348236
22.405811
0.684791
68.363266
1.117209
0.879906
1.477748
13.855903
35.872501
1.009414
48.681969
40.553867
18.181168
37.988724
0.875186
0.944697
51.178307
0.886973
28.910349
17.296595
37.078876
41.115425
6.241057
42.896530
0.929476
1.471291
0.928146
0.698606
26.451004
1.013875
1.070589
30.699369
0.704570
50.258766
6.700530
48.046429
0.923465
51.739227
24.331396
20.167593
42.856628
0.829132
76.781570
28.526165
0.892610
30.610470
30.913794
9.649907
16.537506
0.773169
36.344143
0.715145
45.836498
56.190636
0.817838
0.947589
0.781903
0.908996
0.867504
0.926461
0.787260
35.317963
0.962177
0.759636
39.762451
0.859782
36.530163
0.744410
25.261545
0.814669
0.984208
0.974304
1.044734
9.134945
37.710941
83.572449
0.845408
8.138439
54.775906
1.032488
1.091780
0.852672
21.693911
0.942961
31.846088
48.884579
0.942284
1.262999
17.288176
0.786356
29.678514
0.778970
23.679590
0.905614
25.859085
38.280399
21.052258
0.990896
0.874448
65.310638
0.820179
1.060411
29.171604
31.505054
1.155201
20.258181
0.797615
0.918860
0.822713
0.907279
23.602402
1.141567
60.655846
0.657398
61.654228
17.245085
0.952573
52.249973
32.155148
9.114857
0.925324
33.111759
0.977994
0.880239
1.080432
42.395756
42.199760
1.034996
17.724274
1.641221
0.984014
16.278721
45.209301
0.859913
0.667886
1.102154
30.702314
0.756002
0.916387
20.249842
0.940050
22.394804
61.407825
1.053940
77.888992
36.671150
21.400921
34.801918
1.231861
7.871102
44.881668
1.071684
43.164429
4.083029
42.814342
56.848412
1.005494
0.911870
1.009773
21.486095
49.063278
1.038670
54.134644
0.949969
24.126343
61.061939
1.050868
