0.000000
0.003883
0.015523
0.034906
0.062013
0.096824
20.950031
21.035545
21.127815
21.226807
21.332485
21.444813
21.510195
21.521315
21.539137
21.563629
21.594755
21.632479
21.676762
21.727558
21.784828
21.848524
21.918596
21.995003
22.077682
22.166592
22.261669
22.362862
22.470112
22.583355
22.702534
22.827581
22.942215
23.038847
23.141266
23.249426
23.363245
23.482668
23.607620
23.738039
23.873850
24.014984
24.161367
24.312929
24.469591
24.631285
24.797935
24.969463
25.145798
25.326855
25.512564
25.702845
25.897617
26.096811
26.300339
26.508131
25.952339
26.127611
26.307106
26.490753
26.678467
26.870178
27.065807
37.834293
38.045486
38.260040
38.477867
38.698898
38.923069
39.150307
39.380527
39.613663
39.849655
40.088421
40.329899
40.574020
40.820705
41.069901
41.321526
41.575520
41.831810
42.090340
42.351044
42.613846
42.878693
43.145519
46.988873
47.077236
47.168335
47.262104
47.358501
47.457455
47.558922
47.662846
47.769176
47.877850
47.988831
48.102051
48.217468
48.335030
