0.000000
0.013250
0.053226
0.119847
0.210577
0.333485
0.476570
0.648074
0.841052
1.072678
79.930328
1.613665
1.924398
75.369232
2.568665
2.959481
70.247215
89.035652
4.293581
86.578537
5.173545
5.575923
6.344642
327.544678
7.425709
314.246399
316.808685
326.607269
322.265594
300.203491
323.507660
329.699707
334.192474
349.275238
14.318028
334.923981
347.779877
333.519867
330.580170
232.571579
222.813705
206.796265
23.628355
289.254639
25.539431
150.996094
104.346924
92.842438
98.031410
92.142899
72.639633
58.071152
56.853836
48.181290
53.808205
49.642212
72.774109
54.263916
61.131054
81.336632
93.646942
105.886246
86.090424
100.507248
84.154915
104.589088
114.153114
44.814342
160.145584
183.522217
56.722473
209.562820
221.223938
53.405529
173.414673
202.613983
216.553864
198.280396
192.542816
212.076675
304.965179
348.526093
363.299133
330.375305
305.722809
304.816650
266.442261
228.933807
225.501709
195.546524
189.648743
212.984192
207.493546
185.390793
190.662842
200.934052
94.553719
292.693848
266.146606
268.314209
