239.526382
268.109528
363.503082
370.351990
175.031708
66.124359
216.892792
304.189575
345.898041
284.930176
334.305145
290.040375
334.875763
381.576508
293.333282
113.998215
338.617920
275.023712
326.020538
234.304718
390.308899
76.641518
348.354095
358.293915
356.938477
294.861664
354.236633
328.047729
293.369049
344.596497
278.094604
270.399323
342.367523
388.102264
303.604248
280.199371
242.893738
296.671448
314.090363
227.067444
327.620544
287.800995
287.744995
286.235077
380.010498
273.365356
316.278503
302.842499
287.690277
341.155029
361.096191
322.035461
155.586487
330.320801
284.145142
340.664215
249.639206
296.180573
316.890167
302.923859
331.987854
124.099937
354.222626
281.295197
298.549988
315.500244
341.926666
307.615662
76.548531
143.065323
341.029724
29.387537
332.717163
398.922455
230.307648
288.033630
358.260101
314.578827
338.504974
338.490692
379.903870
300.147461
371.886200
201.399933
246.614929
306.357056
217.222992
272.946228
290.583923
309.032501
341.648590
381.780273
283.561096
320.093292
225.661697
260.278137
311.567505
336.595306
386.620239
199.824768
182.944534
264.535767
177.985367
296.585144
297.263397
250.844391
270.897583
275.533752
288.633606
331.561523
346.674988
166.916046
334.366577
266.537048
312.833832
397.432617
339.958466
309.996124
367.163818
304.425964
215.011551
269.146240
347.394257
298.261353
223.138504
357.773834
321.376678
290.137482
231.244171
369.713745
212.384644
326.995544
325.455994
253.395691
127.795006
303.600006
285.597839
277.972076
298.595093
255.418472
275.501038
312.887756
312.145874
291.326660
300.105927
312.763824
319.067413
321.412445
265.956055
347.932037
351.136505
281.624420
273.976868
269.005219
275.830292
187.413300
321.539215
330.956512
313.120605
243.931824
307.212158
238.358307
312.612122
295.928589
305.158295
259.196899
329.972961
277.930450
270.048187
285.291779
311.497772
301.760590
308.002899
143.282059
322.478424
319.002899
246.098602
221.347198
296.093567
360.119141
311.378906
289.000580
305.552124
96.321777
328.253143
291.108521
297.412964
248.658035
275.615936
268.785461
379.758820
272.604767
347.367676
274.712830
301.827209
301.214691
285.374786
235.621918
280.874268
259.164490
94.115685
292.000244
354.876190
288.395355
281.230560
338.752533
339.716736
309.930511
316.608124
277.351807
306.088837
289.154816
294.484558
313.148865
314.407257
284.074249
319.955780
316.294769
432.945129
288.327362
353.299347
171.724442
136.976791
327.358704
363.419922
375.369934
290.837738
205.666687
310.472595
202.689026
363.442200
348.028534
249.276611
186.134613
392.750275
333.879486
356.743408
365.399414
272.239258
365.414062
257.549103
322.487823
332.939850
349.712463
335.299500
384.369080
349.106812
269.665314
278.216309
338.267487
273.505585
78.331825
397.443268
65.241432
21.751884
319.962372
321.378967
325.666016
301.536530
346.473572
285.090088
307.129944
304.556000
323.587463
315.100708
331.950958
270.519440
335.349670
149.055481
302.146149
272.889404
286.308502
325.023682
309.701721
216.561722
323.394470
363.448273
411.363983
320.517426
316.839081
103.124763
321.683777
339.003967
303.757263
171.886612
371.092957
298.250305
268.228485
40.020523
329.068176
345.180969
57.085186
338.000427
204.781860
336.850647
199.375443
263.263702
330.036743
302.147919
312.586548
233.390015
61.343517
276.262329
257.251526
263.247192
311.702118
280.157715
316.833588
353.822876
295.634521
175.262695
370.119904
134.615982
312.609924
347.209106
300.659241
293.535095
297.284454
294.436401
303.753021
303.501099
320.315430
267.294769
302.787018
318.067688
322.182678
116.717354
128.530029
307.982300
342.532867
336.428131
317.171967
322.226501
361.531128
312.828400
335.998718
319.878998
317.197144
295.319153
194.031082
226.556259
305.634857
324.282318
333.300476
200.442398
272.922638
277.058197
351.537872
314.048859
332.937225
290.454102
332.895172
368.907806
288.570282
300.688171
327.955231
336.850433
300.887360
21.182720
325.297729
351.259521
360.854065
33.899220
319.893280
348.022003
231.010590
375.540771
283.886627
263.515503
283.187042
309.682648
302.875763
282.416626
337.822906
380.415863
336.401062
400.040680
311.374298
394.658447
383.470673
405.933929
319.713776
145.429428
306.264038
67.319473
283.124908
267.651093
328.602173
248.739441
183.729340
397.963654
361.259644
303.089355
237.802856
164.701523
133.936295
143.169006
287.942383
306.123688
359.661407
311.796692
238.310806
319.017151
328.598633
314.040192
168.099930
321.622864
384.578552
335.743927
344.056091
341.285553
292.317322
319.851196
107.144661
347.644562
334.935120
260.582275
340.989014
320.847992
379.605988
376.141541
296.981903
301.941223
361.467712
359.740967
257.707275
350.292236
375.158234
92.617912
342.068207
301.347870
306.450165
347.582184
312.090149
283.079559
243.829514
235.362228
358.801849
335.003937
360.099731
289.198608
292.468872
293.756958
333.458862
328.486359
310.850952
284.427643
227.854172
279.556061
296.155487
286.548553
288.252014
309.212769
337.617004
376.795410
334.469116
325.129150
267.408264
362.003876
322.216766
329.013489
285.685883
267.512207
324.372009
301.745392
270.205963
137.088104
320.174011
229.068298
294.425720
362.223419
258.223816
276.119263
298.355621
346.860199
313.701080
262.175629
414.747894
317.281830
333.612701
328.173401
325.812836
249.748703
220.995270
338.558014
217.113403
282.044678
292.665131
305.370056
303.855469
297.694550
88.225273
317.698242
96.982109
306.808350
316.087585
290.395844
293.785278
330.354370
364.664642
341.052338
304.379608
334.245544
264.907837
104.550201
320.952881
256.924622
283.349426
278.821533
329.710236
366.477142
319.877930
92.458527
357.367371
221.436310
104.292641
319.046997
328.122162
331.428223
308.850555
296.028778
304.257843
349.951996
299.108276
228.955887
380.227936
288.310883
294.409149
274.920837
250.172318
340.307007
255.146042
252.879501
309.997772
205.313263
323.739288
338.262024
354.930664
355.777985
313.338257
328.099915
147.911560
98.860603
312.813171
338.006531
314.648987
16.924341
283.420990
346.984985
389.707245
314.386505
242.431976
332.961639
355.314819
192.161804
289.959015
352.543182
314.663391
310.836029
316.267670
300.321106
376.230194
359.848969
289.955933
290.354553
383.640137
317.868958
280.933044
271.495880
357.751953
124.366745
345.183136
342.040741
307.879669
375.042572
324.565796
181.224991
172.531967
280.594299
47.114433
286.827423
280.608490
148.975800
364.942780
245.256485
249.674683
349.088562
323.665894
357.546021
342.512756
260.235535
227.437027
367.981995
349.491608
135.939056
305.671875
258.646088
352.431885
392.941254
343.938873
277.483917
291.628601
337.544739
304.864899
309.314362
352.455536
288.692963
308.189301
318.770294
29.470987
288.425171
285.695465
346.950104
305.233124
318.306793
368.532776
337.785828
370.563721
319.161591
300.098419
254.197113
338.187805
282.760803
242.275269
244.471649
294.845093
350.354889
340.091797
324.649506
310.049438
308.802612
316.511414
184.422562
271.283508
246.012924
363.652679
332.984283
358.032776
341.153625
311.074188
279.787964
329.346558
273.807922
357.991028
220.262878
292.705719
288.924469
358.492859
335.775146
342.187134
355.852966
393.792084
298.924622
381.290833
324.993683
306.141937
321.575775
114.050285
391.472778
353.427612
383.664795
346.143860
170.395248
350.359863
241.897934
382.697784
301.502899
373.450470
380.052887
260.082458
323.725128
244.944824
225.561661
376.761078
392.437195
276.984283
339.844788
296.185883
288.068848
341.946991
280.650970
134.096771
348.000641
324.191010
292.789307
294.870911
313.652039
324.098694
376.182526
278.621887
312.233307
314.965332
310.553345
321.832886
392.944122
283.909332
350.598022
254.350998
264.592682
230.277847
346.998688
290.592377
143.170807
333.803009
218.875214
355.998413
289.539673
286.204163
345.390778
289.725403
214.459351
360.233490
306.991302
338.419922
417.806335
319.050568
61.951996
153.410858
289.548157
257.440857
333.829651
281.242096
240.011383
321.056580
318.342194
235.941681
308.122833
356.130432
312.985413
376.957916
372.968262
365.717224
384.333893
291.860016
306.872345
256.216888
330.589264
165.534424
110.414406
302.786713
319.797211
22.612827
296.960297
382.268921
358.719177
355.201508
371.192383
88.722656
294.058563
312.346222
95.113121
51.019081
347.788116
340.975403
299.569000
336.428406
289.206787
299.955017
190.387054
260.472412
366.303009
242.242477
353.116211
340.973572
283.647858
342.132904
349.120728
274.141388
319.354126
160.881485
218.277954
311.324585
208.771912
231.495667
315.890106
313.802002
152.397751
331.450775
296.107391
350.479523
318.942108
357.449921
311.216827
237.690491
294.042816
330.081146
305.826599
363.233307
301.671722
311.845398
287.516815
323.987488
335.713745
328.232635
335.846497
280.349579
371.153900
287.028778
345.074310
279.163757
294.344666
295.150757
397.487457
215.553940
401.259949
320.206055
247.291107
304.967712
341.539673
293.551605
146.922714
233.471497
278.696594
281.633728
343.081787
254.477997
246.955826
326.255096
334.638702
356.329071
252.238342
167.008606
260.338776
330.190765
299.992004
222.399200
387.438812
110.690552
315.067139
300.351318
85.814041
332.595032
361.392242
358.564117
302.146362
253.399384
267.745239
325.263306
314.180939
252.847229
112.924919
250.251862
363.005371
247.694763
323.555542
399.753845
342.841705
259.997314
302.372467
307.211761
318.728149
373.013550
321.904022
356.528473
351.928833
344.916077
255.779099
393.232666
268.277802
287.043823
316.011902
271.486877
247.372345
327.497681
355.713440
239.858826
272.107269
88.034973
376.408447
329.968414
159.998657
313.556946
241.955307
302.087250
358.867950
328.513275
328.204590
291.268005
294.002563
365.055267
332.894348
291.768707
369.524506
317.811401
148.058823
60.083195
105.069496
404.550842
278.309692
401.161438
258.488159
326.170532
295.477570
350.828644
178.649292
240.528656
318.119934
322.813629
321.238129
396.571930
254.553848
386.197205
324.720276
204.207443
122.711861
323.676178
351.671936
345.402008
307.058807
329.960419
250.565018
342.594879
289.937653
366.258606
283.582794
294.419128
291.742889
296.689636
382.781616
346.490601
318.187805
164.950790
221.743073
399.118652
323.803864
111.888016
363.471100
279.551605
278.010040
292.319977
382.073517
257.711304
310.765381
298.155273
358.579224
282.124634
183.179260
318.044159
337.613556
362.064087
249.187393
231.961212
314.808075
282.511169
245.753937
292.695007
191.214996
327.416351
284.824768
289.174927
318.573700
328.440796
387.984863
267.897461
389.923492
185.147400
121.507454
340.867859
116.550888
285.809387
326.515442
109.167709
239.601318
333.226166
256.425079
296.231995
271.286041
193.449829
328.615173
88.642067
104.780113
320.709961
302.622375
280.445496
270.214752
327.977905
218.788315
286.542908
242.685989
352.612457
307.179871
379.918854
290.113495
356.059814
305.834229
325.447968
324.502869
290.567871
319.351776
342.426544
306.732147
219.655365
286.002411
297.111603
248.209824
280.585236
37.759384
260.829407
315.249146
267.441467
138.575897
250.503693
288.352295
320.820312
243.354691
361.351257
263.566406
408.465973
87.212013
318.556335
293.394562
280.180298
227.236359
323.198883
265.161102
257.030853
267.231049
409.118744
243.598755
297.006348
298.627747
331.737061
333.739258
314.214813
365.802917
212.684341
304.235565
290.832581
329.322296
83.559364
268.189026
179.854172
357.683990
274.138184
330.320770
295.792999
274.358307
331.603882
246.470032
376.550140
275.100830
385.518646
277.567627
317.528961
163.897919
268.291748
323.582489
374.491272
317.810333
314.227966
140.852036
328.817322
234.955978
293.892700
339.155365
293.419464
314.387878
292.283417
267.669434
195.615479
212.406876
301.017303
346.794556
352.216125
337.558655
273.685120
290.497375
325.111633
263.124146
346.980225
268.288147
248.274506
384.122559
298.831482
341.116943
289.302948
336.368073
334.918396
342.258606
240.475494
337.840698
282.841675
109.928314
373.505890
313.267395
424.735657
276.156860
340.233521
337.330719
258.758301
93.957497
65.813583
300.314117
326.991760
290.152405
317.698883
315.048187
283.077179
198.409256
318.711212
333.549988
174.537384
321.224854
327.186249
331.537628
303.174957
203.389038
157.388626
288.585693
326.559570
353.558685
242.515350
365.510376
355.103149
321.912903
353.945740
144.181580
336.322479
338.484009
294.548584
317.951172
270.037170
358.115662
306.411377
328.498077
262.751862
323.786224
230.220093
396.319733
297.859528
276.244415
302.997467
315.582031
287.516541
229.848511
318.746307
323.224487
306.290436
292.940277
359.811920
221.151352
388.586029
287.981415
79.535561
316.816711
73.717522
377.101288
254.958252
225.141479
369.804932
212.100800
289.223724
280.430725
305.684448
349.774658
343.020477
297.230499
318.869476
198.720840
234.440948
178.249191
175.844788
326.091553
262.781952
299.177490
282.201416
179.044678
265.037598
218.263168
377.117432
236.723785
94.547585
356.975098
268.625641
380.614532
232.616272
353.927307
305.666931
314.738831
322.480560
304.506195
293.182129
150.339371
321.892517
294.657166
282.455597
178.100891
340.412140
206.219788
313.952484
290.036102
352.275299
189.982437
293.549255
307.526184
267.831970
401.745911
262.934265
30.353989
280.201447
284.245819
374.631470
344.304810
363.612671
356.671997
321.391846
410.196655
146.721848
388.866211
307.177216
327.416992
369.364136
361.081177
329.591187
299.020782
311.657959
284.339508
316.256195
213.588547
423.633148
321.359924
288.410950
268.882202
88.186188
304.451111
363.400299
232.443573
239.502792
334.482605
121.363251
342.897095
287.693420
386.790527
156.218674
296.775391
316.838898
387.893219
340.121246
110.351807
331.856781
287.198090
359.348145
242.165924
317.012756
280.747345
390.881714
309.728882
343.447723
341.284393
122.551811
276.430786
256.146179
321.703094
253.662857
194.165466
294.046875
216.943909
292.988098
350.171570
98.892677
331.491760
344.287384
247.836426
314.222076
311.038513
310.399170
206.651123
255.256012
399.635101
328.795959
291.806366
48.910473
378.260803
226.339249
268.202606
321.994171
209.018188
304.012024
229.421265
146.198837
267.805542
115.413643
322.424377
314.965912
316.609985
301.825562
373.577087
208.831741
92.998276
211.019760
225.640182
244.035309
338.108246
353.800751
266.131104
376.201752
308.300262
315.656189
75.437759
131.736343
276.007080
369.751923
303.340607
283.483337
321.990387
301.474640
289.083069
228.084076
258.751526
238.735596
333.798492
289.591614
344.814240
286.714081
330.547882
47.137383
284.044464
336.559113
53.848518
307.657990
311.833923
294.597504
305.339844
272.847565
61.547268
411.605560
182.304932
300.839966
257.336823
263.906403
362.887482
266.903656
268.863464
313.268768
347.987274
366.714294
337.212463
4.942844
296.796722
174.771210
278.720276
264.584869
364.698151
380.616943
249.890442
281.332550
331.771484
337.356262
312.226074
39.849316
353.824829
337.229248
260.975708
283.697906
317.070648
384.497986
261.800568
106.866005
86.795052
324.990936
302.365601
102.035789
335.526672
324.096161
384.964935
260.078827
323.997925
319.428680
323.064178
120.832436
132.990997
356.057922
306.708191
378.393616
205.727142
246.393890
325.562500
358.637604
256.383057
374.342438
306.818451
321.917664
363.885284
296.050262
208.390930
262.789917
322.980347
332.661865
260.586029
315.887085
176.095566
44.831982
365.158173
337.838867
257.667419
399.433960
327.265472
268.007996
164.366287
261.294922
334.503174
312.171448
317.600891
271.231903
314.655457
310.759888
330.115173
273.579498
290.704163
264.846008
255.296341
284.021332
301.737885
290.032654
318.254730
125.545242
79.595581
280.871582
159.354813
261.206085
326.621307
241.862549
209.049744
318.922455
279.700073
322.265167
395.379364
333.607117
299.697449
160.772156
312.636841
239.574478
266.465424
402.103394
293.078522
365.749695
328.388062
320.715973
187.224838
301.845703
293.395905
183.904572
300.607880
232.823044
287.578674
346.649109
315.009857
362.085083
374.305511
356.219513
284.353241
331.536072
279.872803
226.932236
279.448456
349.407959
222.187546
229.477814
381.808228
324.301483
310.495056
87.115593
378.699402
208.687225
162.404343
322.121307
377.874573
271.462921
297.854431
345.295258
98.920044
355.837952
355.846222
357.052765
289.269348
213.694855
62.607738
184.000107
158.788757
348.163239
102.386757
306.687378
317.296204
331.151459
317.296936
265.972382
325.942963
251.211456
277.806488
311.484467
78.764771
157.213028
341.158630
295.718811
271.326538
351.140076
260.044556
283.409332
271.547974
299.532623
255.570877
150.424072
302.507782
357.933228
161.761414
279.243073
313.750427
254.998413
280.394684
277.126709
311.633545
289.762512
339.651917
322.432404
166.866684
266.022522
270.642059
374.626556
304.456024
361.733978
270.087921
172.710602
294.429199
317.910980
370.547455
298.646393
321.062836
236.514648
306.808350
319.143097
314.731354
51.201466
100.241074
117.381927
272.685303
314.178772
308.951782
190.002716
308.086975
301.656891
329.812225
308.705353
197.235611
275.105652
345.619720
288.860901
337.850586
407.394745
317.185364
156.105698
322.057617
310.056152
284.229431
354.032379
351.837799
203.410736
345.275818
342.091949
308.066193
314.113068
320.145233
271.339508
349.858734
292.649597
274.043274
256.862427
148.757278
316.409149
68.247047
146.817810
339.782745
337.645142
62.845493
255.865082
294.904846
296.067688
337.812103
288.873749
316.133545
310.395660
373.207703
322.061920
316.942017
315.330261
319.597687
291.395325
213.094116
357.605652
357.664215
317.440552
336.999756
285.891449
240.070389
285.702881
331.597656
282.096069
262.296295
283.367035
313.707855
331.483063
371.671448
391.686462
228.217163
280.465485
209.657852
257.045593
247.886169
308.125305
178.859924
228.005096
320.903290
131.170151
316.238708
315.588440
279.318756
252.798706
315.877747
195.843140
293.429169
312.106628
243.777695
227.475128
324.740295
267.131226
333.456757
306.158478
341.524231
296.782990
293.042664
365.481903
182.232803
232.875458
311.152100
39.240166
332.611755
343.412476
335.746277
326.315582
328.232513
344.624603
151.662292
363.005157
202.001328
279.845673
342.094360
341.398193
318.456329
92.611526
109.998070
426.528381
299.339630
286.391541
356.524872
136.469086
330.945709
304.839386
284.882599
300.936890
287.419006
131.077042
173.316406
399.925110
291.849854
292.553436
276.781464
260.707642
226.714371
203.155411
254.959335
94.280190
74.567375
271.484741
276.520691
249.326447
350.995300
311.657410
353.914490
300.083832
361.482910
341.514801
341.227295
264.542572
214.626297
277.370239
327.976288
171.803741
358.226044
264.080292
353.085907
329.911682
281.455688
320.388062
201.152679
172.019516
293.185028
217.958313
315.603027
387.990723
258.692841
344.429810
70.944901
339.964844
378.952362
288.196625
348.210602
366.701813
236.164917
186.402832
368.652161
265.890808
338.412903
205.438766
305.209290
277.724274
277.339081
279.082397
255.766922
316.440765
305.791565
318.030731
276.728516
224.363480
252.342682
337.535858
349.113007
306.000488
299.672394
347.649963
176.711060
296.232208
339.215149
294.088531
332.170471
291.200989
290.127655
251.971664
303.677551
389.571167
243.901794
256.767883
277.140808
333.578491
370.689423
225.478043
357.880981
299.065033
347.606567
293.377014
282.123962
284.124725
303.420746
312.543060
291.217194
320.260864
284.964355
285.061554
311.298370
186.891922
332.473022
284.814911
359.312775
293.645569
137.004929
341.949310
326.063751
199.944092
313.272430
279.179718
86.374413
339.156067
348.109070
347.922791
247.589890
284.325989
287.110229
279.652954
204.006119
297.059967
217.042557
299.801147
276.882294
328.694153
280.251221
93.096573
252.306885
322.740479
326.758972
191.216522
296.773499
312.917175
317.638641
80.417160
239.398407
237.963135
224.345444
348.386230
240.967056
256.253540
322.560242
317.905731
311.381226
260.682343
329.845001
250.323929
397.954803
347.049347
284.046875
209.684723
278.101349
186.856949
301.846558
324.289154
360.204163
265.384460
288.335114
274.682556
157.426208
268.778687
257.230652
294.534302
376.493500
371.266754
286.394928
312.394592
298.292877
376.609314
267.017365
282.070618
304.922302
390.595367
252.674225
266.801636
135.246140
326.579895
336.683807
231.344772
281.691315
263.003387
262.992371
355.568787
222.120972
327.895020
215.490601
388.983887
356.003845
341.517120
238.329422
191.972122
352.973450
297.003235
307.255005
315.045410
300.938416
41.097042
327.331512
390.756287
334.440369
334.641998
256.417206
366.816345
361.667969
154.292801
292.744934
225.519577
221.246887
323.923462
363.786896
291.481842
161.581421
246.874893
135.487564
86.009140
306.734528
120.243042
243.253769
283.608917
390.926666
305.066223
324.882751
28.181229
403.851074
289.686676
301.815002
313.313049
287.789917
288.477844
401.693848
322.416840
303.716217
331.708832
390.331268
309.961426
278.751343
325.910339
290.238464
364.036957
259.996796
20.264294
309.582336
140.651001
319.332794
273.157806
298.959076
380.459229
323.530762
267.984192
290.895508
244.844223
257.929626
285.574036
327.768036
172.785309
382.339508
338.087982
346.165375
316.552429
263.093994
312.592590
308.181122
347.464478
330.644531
347.752106
348.101837
288.533844
341.882202
263.189667
88.613358
339.450806
247.438660
289.330688
195.510788
372.128082
337.046295
247.604187
274.429779
80.322639
372.094818
333.217041
305.962494
321.316162
374.027893
169.965271
357.399933
288.529480
213.648438
327.807770
319.737305
104.813751
393.646027
262.715698
332.878723
263.402283
216.907883
204.023819
298.589722
304.045807
91.369568
87.647125
259.644470
238.536270
274.325317
354.338379
178.184982
322.920410
266.075012
332.607819
310.751709
107.987930
284.567688
303.151550
351.085175
223.110672
267.007904
295.707886
299.546906
333.047058
386.697296
68.364365
376.777649
360.320404
247.758179
354.099579
322.209412
326.880005
284.700043
323.780457
242.495071
188.965775
89.841667
360.171875
129.446045
332.529236
270.710724
333.784729
145.649887
318.065277
324.612427
101.259995
261.475769
352.490753
101.369781
358.968781
268.696533
352.727600
354.408295
276.680878
366.499939
196.777145
287.755585
304.704926
385.515564
255.847748
286.067078
314.537354
356.664185
332.653290
389.777008
331.783295
166.960068
321.746613
297.327667
315.616028
306.438690
247.151428
312.182312
266.778625
386.739807
338.389252
339.806824
305.002808
273.901550
59.830334
308.624939
227.627686
344.419952
154.635971
252.074951
371.513519
295.777832
99.594742
303.196594
73.273750
303.278778
329.284393
312.412964
361.880493
309.451782
350.047119
317.798798
150.331116
231.424011
275.659668
331.434692
355.728760
336.979584
308.896362
310.848236
308.197052
265.441376
290.351868
251.725189
322.395386
297.441071
320.147369
313.405762
351.486725
302.599915
375.548431
195.456146
274.158691
271.234833
318.470306
349.990295
300.812439
354.758392
326.803528
170.861908
322.452026
377.437286
210.217468
197.571548
278.365509
347.785278
356.734528
292.809814
313.635803
373.413208
315.987610
327.659424
132.515305
330.290222
278.906250
349.659088
362.487030
307.438202
280.167664
388.823334
312.142212
351.641113
46.505936
247.898270
312.343262
192.156769
271.201935
378.611450
280.843231
310.899536
340.254639
317.517456
301.488129
347.119537
223.120926
248.549026
324.643311
326.185913
381.448578
308.613770
327.326721
337.632141
313.108887
290.355591
333.829834
261.067810
283.057770
312.148407
385.595795
147.230560
277.075684
300.569031
241.030441
326.096558
133.293488
299.992096
223.348709
355.948944
257.295166
356.062805
348.323914
341.222931
304.416809
259.563477
394.259247
310.629974
313.971008
271.261719
400.322693
321.793762
315.796814
355.142761
253.600021
229.994324
367.020325
260.507874
263.688538
309.436859
291.869446
324.160950
292.205750
362.357239
359.869446
295.690887
313.825592
292.361908
297.671295
200.685074
304.565826
299.813660
314.017761
343.252319
292.536438
331.634094
192.025223
305.969696
315.996918
322.169495
353.879944
273.753815
316.779510
332.701813
359.987091
162.139297
320.039673
301.803619
291.443939
302.884979
305.662231
323.591248
281.799835
233.251083
340.953552
255.114288
283.281006
162.896545
357.970032
362.420410
316.765259
261.299133
172.298492
263.696320
114.359962
280.079956
315.393311
316.686981
250.132355
382.880981
300.148071
19.397760
383.363312
271.556030
294.663483
208.367844
254.092178
321.136719
291.533752
252.430847
260.268738
338.553955
297.052856
283.287445
305.916962
299.898560
331.111267
219.824158
299.572205
362.360840
370.830933
342.643494
328.752075
345.342682
362.868286
367.636414
266.801208
91.619720
345.457184
158.773010
271.711914
294.774017
224.724762
252.257065
327.299713
312.699310
336.477478
80.105537
327.695404
273.255005
299.569031
374.805725
274.682800
279.131226
377.406799
302.586517
411.149567
287.120422
288.256714
307.319763
283.794678
287.046570
71.554565
328.036011
116.300156
97.727203
320.531830
343.437408
294.910767
362.535767
249.393036
304.496704
359.970490
297.638306
232.784210
329.655975
347.016357
291.268219
358.894501
248.487885
279.843628
157.617126
195.115982
332.987579
314.610870
308.452972
186.141373
295.186401
269.706573
345.094574
320.733826
234.726593
378.613892
310.076294
320.900391
340.883728
381.996155
218.898956
324.617645
245.075470
273.165680
267.471832
282.678040
307.353699
291.779541
216.644135
256.860229
350.318634
297.312286
303.703156
312.586823
281.302551
286.211487
289.809784
318.160309
268.135742
273.724274
327.132294
269.345276
333.307465
341.304749
352.403076
299.453796
294.134216
275.192993
317.978699
279.997223
186.165573
329.450989
266.107666
214.636353
295.377625
369.243256
287.032227
205.507767
264.717834
148.171921
335.432983
291.807983
357.332245
304.044678
380.854675
268.011627
340.235535
275.830780
328.528351
341.948090
316.416473
287.020203
318.581451
319.568695
98.719917
339.123322
323.821869
346.448486
325.119507
256.924988
225.694061
274.709595
316.395142
334.114990
305.203400
333.521606
373.059723
329.667236
265.110382
315.326965
287.123779
125.896866
70.649193
348.260162
220.855682
302.962097
112.055977
306.201477
283.528717
375.627197
273.723724
258.652161
315.243652
300.774536
268.357361
301.330750
79.095627
92.572319
281.195404
330.841980
335.691284
292.497986
122.373001
337.907593
347.668640
297.711182
319.303864
316.194672
300.744598
287.979858
354.562378
288.897858
299.651794
312.953583
269.892761
282.733429
351.252991
350.071106
296.817017
365.595734
297.770020
251.740326
90.073189
283.802460
309.109344
319.659241
358.080536
338.322266
311.879852
338.886292
361.895752
330.151703
396.523010
260.359222
260.561310
268.702240
295.002808
134.711594
320.265259
294.083923
306.469391
223.924927
222.085434
380.486053
349.717468
241.086121
354.441681
258.881927
315.429108
303.859894
374.454620
362.290771
294.140869
126.630943
313.472748
154.396118
263.947937
332.280609
134.432007
354.591797
326.780396
282.680725
357.100647
376.142273
307.032410
294.083893
314.285645
299.868988
379.306061
239.041306
391.878174
291.509583
244.004913
320.141602
254.653046
301.350098
208.846252
288.095001
363.321686
322.077728
372.146210
331.210114
262.031372
378.955994
50.030788
301.936005
192.444809
33.694782
386.808533
298.974762
303.784882
335.010223
281.361694
252.421722
303.606903
351.300934
250.495636
366.581573
260.204468
281.805634
304.742615
237.800537
301.772644
233.085144
233.170319
123.970406
267.543579
242.388321
142.918762
318.858704
273.517120
237.154648
289.901337
274.725616
267.292786
342.882965
354.101013
381.269928
322.895447
234.167572
298.865326
262.490356
321.033234
160.142548
277.603455
258.095215
350.529816
161.782074
371.912964
242.813400
311.883759
304.730743
284.859406
258.045837
339.709290
320.336517
226.220016
365.800507
348.845398
297.227814
350.552582
251.678772
285.426666
329.747009
300.282135
272.303833
371.118073
279.145721
326.265594
358.460999
389.174438
273.878204
228.848083
258.973083
319.676910
295.455078
92.464584
312.023956
298.042786
381.403229
350.244934
331.809845
243.073624
337.178070
276.684906
330.991364
355.290619
369.200989
371.203735
287.687256
337.246185
41.211136
117.149811
296.327118
55.872440
348.943207
292.334808
286.429169
181.338791
267.700958
79.916229
378.966187
324.437653
210.579712
286.136627
349.136475
279.783752
367.112427
354.822662
228.751953
299.309875
338.025269
330.221832
123.951523
251.805420
309.821899
296.779236
345.868500
181.943695
132.466965
287.942688
192.565765
342.425201
317.935669
348.057434
311.017639
316.322845
278.072357
248.210236
283.413330
323.632660
319.331421
311.103882
366.304474
383.637024
277.188171
213.103531
303.597931
292.508026
266.670990
327.242676
334.290833
280.463623
399.291595
233.972107
257.344971
324.670258
343.964966
141.549515
286.530884
177.546768
276.900787
52.989357
296.928375
324.653931
147.076889
294.706848
166.804504
213.702850
284.674347
286.527222
348.383545
317.015350
307.147247
332.558228
360.699493
361.552826
283.826202
295.157318
321.222473
250.254120
310.763733
253.757614
368.845123
236.494522
384.241180
147.384537
296.852509
238.858078
220.203934
288.765503
260.917206
389.032104
284.703400
45.142975
330.449127
349.961548
435.847900
323.678955
323.962952
264.695618
303.721283
314.579620
240.990463
189.498398
376.212036
319.716125
296.879120
292.275421
283.269440
289.461304
330.641907
301.037445
296.319824
351.555420
255.337326
297.656799
229.156448
302.820465
67.036545
307.749603
313.464111
317.013397
309.116516
324.640320
183.885193
330.352417
364.986481
290.428528
144.579147
282.787506
377.171204
298.215698
400.127136
282.388123
301.398132
322.915314
245.826996
258.890564
296.901611
332.096802
108.711052
240.280487
302.271149
352.617554
95.345207
241.488831
332.055359
102.210754
314.741577
343.015900
394.366882
302.211212
344.535767
377.292297
226.343475
264.554993
329.172211
311.077911
186.639038
373.192596
156.217896
313.022888
316.633728
397.983063
340.770081
227.058701
346.435577
120.151039
201.669983
109.886276
314.087341
276.294983
59.770485
214.308136
290.287994
335.580933
348.610748
320.051788
313.067322
365.155182
313.177582
79.983322
355.818878
165.110046
197.899887
153.018600
284.079071
399.858185
106.478615
314.103058
300.133423
332.559021
191.314026
328.099060
352.269531
376.560364
280.597992
238.907394
213.164612
382.976318
283.462402
183.192963
312.713074
237.060349
225.104706
267.796875
278.637207
344.402893
104.794090
379.864075
328.813843
330.654297
312.807190
290.739899
279.471344
307.486694
263.115997
360.342133
319.090424
319.730621
309.477386
337.808014
359.972931
349.429016
305.442474
135.320572
347.609741
323.967896
104.571327
249.103577
306.645630
292.136414
360.466064
331.504669
342.382263
239.452362
301.612457
316.690033
307.235321
335.068695
315.694916
171.806686
367.405060
282.448730
289.538452
51.057491
177.021957
335.762512
176.775452
381.279144
129.366348
269.268250
309.445282
200.326996
269.967621
327.195892
264.537354
275.221985
348.684875
94.717133
172.483765
367.419281
237.219421
356.319092
254.612930
313.948914
170.766602
355.646515
213.946823
343.430084
330.280151
372.179535
211.944427
45.475018
245.272720
322.748260
332.262756
298.202698
161.152618
327.920074
270.805908
323.452087
110.343071
335.376892
250.294632
383.894592
363.230042
318.156250
317.493683
277.914154
95.613281
267.044525
305.401642
290.177643
282.608734
354.224213
340.203461
359.523926
361.111328
258.412781
351.230438
333.213287
219.984924
311.665283
263.450195
317.683044
303.296234
285.030121
307.139038
335.996185
355.740692
373.315216
357.391296
299.938049
301.496552
337.342224
307.226471
289.174774
294.523346
361.702362
330.346802
317.337402
216.603622
329.956207
227.968781
259.047699
281.813904
324.586548
234.863174
324.434082
236.888840
340.231110
291.439270
371.637329
155.920242
56.290760
232.938965
286.337402
268.001801
283.396301
297.297516
325.892303
327.641968
353.408478
189.226410
311.270142
267.535767
284.667542
275.719269
324.431549
89.604935
284.266113
287.212219
303.028442
339.943970
383.504028
336.214020
329.084351
210.063080
274.185638
352.788513
384.304474
277.229492
332.910278
315.134094
294.374664
243.416550
127.664986
337.387268
261.719971
375.609802
336.212616
339.996399
324.006622
357.364288
313.795227
317.041016
62.062084
319.257294
278.000214
205.237762
266.505096
281.706116
320.957428
350.729095
291.060242
159.985168
301.955627
352.471436
320.875824
304.237732
227.677368
116.944511
360.979828
269.380981
310.817261
265.842285
400.032074
287.177368
254.545853
318.769348
347.573975
233.844116
309.680084
184.857178
289.421600
332.520020
314.774719
303.280151
368.251587
347.405426
329.445618
143.648407
343.709015
347.356964
333.088226
325.121765
309.895447
264.853363
184.666687
259.704803
295.096802
262.104095
280.450836
309.839539
246.092163
258.620911
337.483673
366.130829
278.923920
292.188965
323.536743
302.421753
337.249268
264.432068
361.891632
313.688293
372.326416
376.687286
127.786011
61.462337
278.651978
157.190353
333.019135
268.330933
320.125854
331.550720
250.057556
288.002380
348.708160
43.412189
211.509445
284.705688
279.045410
334.538605
314.077881
320.016876
330.903351
77.575867
313.894684
310.662811
356.756958
364.122467
263.048340
142.885773
286.897827
251.665268
277.148254
357.396179
323.126831
304.618469
332.350433
259.252167
337.866058
248.568558
335.247986
312.694641
235.482544
103.432335
233.616913
265.017975
312.761017
285.773315
379.762634
312.947662
353.049408
394.371155
292.396362
381.318481
330.571564
270.691986
343.757141
319.246796
248.143799
228.812393
295.572937
258.332367
278.457062
335.974182
241.413742
162.762665
279.576080
305.570465
281.421448
299.591553
259.936310
343.846375
362.879181
195.042419
273.049316
275.437134
300.919098
276.561096
299.235657
281.028870
197.218536
100.798615
50.123035
158.049347
326.337677
277.676147
271.652283
273.911255
297.807526
254.525208
279.653809
275.723877
397.580536
344.564026
307.237396
315.024353
283.065521
333.315308
115.187675
202.140533
114.238625
343.251160
276.207550
303.429077
210.723373
356.255432
260.301788
348.427765
335.375519
316.760284
334.436310
328.683411
353.374939
252.032150
383.568024
309.286987
193.257767
340.612823
279.245575
56.048847
250.625839
260.325226
306.765137
176.304947
325.448730
311.316162
253.972397
321.627930
277.613037
277.058136
330.397369
310.437988
295.999542
361.200287
295.476807
377.313538
354.101959
305.322693
378.380463
305.981812
264.023773
301.903656
337.547577
329.334106
148.330627
227.006363
159.811935
283.286438
114.688751
294.551361
218.321991
334.559814
236.266159
375.970490
393.246185
334.278564
322.767578
346.139191
276.596893
319.344635
293.293457
401.233521
238.816101
320.837006
332.003235
203.161346
333.872864
294.257599
107.213684
244.336243
279.895538
332.208344
370.317657
291.784302
292.990234
230.664047
337.211578
314.432953
355.259216
326.971252
294.838776
388.040833
267.981232
342.028442
332.643951
347.281342
247.026657
178.324554
320.644073
292.959717
306.907013
242.161575
258.842255
287.334290
272.168823
365.229828
330.216492
138.344711
267.478973
163.258011
313.021881
327.285736
379.685852
65.197983
160.800491
344.968750
344.908569
177.411804
305.720581
271.688995
279.951630
219.507156
269.070862
325.728302
374.029388
297.282349
338.397156
280.444031
319.525330
306.613495
272.806183
375.693939
307.031433
219.566635
248.196777
342.670959
337.457001
40.921806
299.774170
374.372955
341.766205
306.601624
70.314415
277.335632
315.220154
298.474121
340.350403
266.837433
309.993805
290.349976
329.080597
359.763428
264.135376
265.088104
271.014557
222.960403
306.356018
280.147614
215.836624
322.932129
349.326721
242.373383
314.484253
312.674835
322.028137
340.037506
361.101593
350.546478
320.820374
307.022552
275.294861
362.540680
346.215576
130.004013
207.883591
324.862000
311.623199
368.597961
294.658325
202.265274
257.635193
273.077698
225.084579
316.685974
232.915070
289.995209
295.317932
303.197693
187.902832
252.057709
254.197678
283.669250
302.130737
311.631927
304.367798
254.322052
338.375732
314.733704
275.628906
280.773651
298.288574
373.365784
274.206940
337.017761
138.582077
243.728439
304.631073
319.868561
403.550415
57.615589
301.258514
301.441528
292.942596
341.703247
327.980103
316.961731
292.028961
230.588623
290.551971
322.836578
49.495262
266.147888
323.997223
135.045731
277.460327
312.460632
226.468536
117.099487
382.890259
236.451202
314.202209
289.348969
228.986465
320.731812
98.936478
364.874786
263.741760
339.059357
421.074402
28.958834
319.668365
271.376953
322.418243
325.769104
287.574188
344.558105
317.854950
210.344955
332.021057
354.200836
360.820923
133.008652
305.993195
338.195435
222.250015
231.558105
268.691254
389.927338
160.075333
366.077820
368.298157
288.305054
270.612579
301.922424
304.632751
371.093414
299.860413
272.544617
385.709778
308.231262
317.896729
313.364014
339.452576
305.390381
310.966797
263.873047
331.741516
369.350830
274.295197
232.952408
304.871033
280.395569
68.078232
399.028442
294.554810
307.750732
197.584579
345.238190
396.961487
284.826691
353.865143
233.782242
196.524353
313.091827
172.545715
398.197906
207.477188
311.918030
319.152618
279.729523
266.198639
216.521912
402.046082
133.843689
325.170563
309.556427
246.709473
341.014252
278.644470
344.061218
270.281311
23.421549
302.796143
307.563873
291.323486
330.176147
311.746155
306.632446
388.880219
349.658325
312.124420
247.990829
370.038300
343.717621
327.339752
185.109634
364.477112
98.495453
257.851410
305.182434
321.241852
269.461212
260.339600
350.227875
290.330872
349.715546
303.585632
280.831238
107.889053
345.660583
230.502716
305.116364
320.523163
260.364258
378.082001
352.497131
248.575089
256.059906
400.189453
330.813293
384.208313
29.067554
332.475586
289.661377
276.404572
362.157684
283.391846
133.992813
353.608185
335.876984
226.378159
323.223999
201.233597
42.156799
190.605362
288.347321
326.112854
251.631271
69.936462
305.557281
212.662064
315.947205
317.977203
297.321320
262.881775
310.707855
265.152954
32.753475
324.053314
366.813324
245.987564
326.661926
269.935760
288.580994
239.995285
257.711273
305.843658
332.695709
258.596924
14.078876
336.788574
284.915466
254.728348
201.509308
360.880188
255.207016
125.912544
279.818237
322.872955
290.269928
319.220703
293.783325
332.303894
314.248932
295.811859
129.519119
302.648529
286.505737
321.251465
34.989059
270.170441
326.881744
188.410507
287.644440
269.389648
323.953400
297.702820
154.493195
329.168610
297.412384
252.600159
328.355408
360.474701
307.622467
238.581345
382.990387
223.163269
289.034119
111.601570
276.258545
268.801971
298.014465
299.282898
235.429291
246.506271
270.173950
343.540741
337.196838
325.828003
360.211761
97.084717
253.768158
299.370758
327.031738
277.131317
334.515167
277.065460
301.508759
290.958771
325.514069
382.163879
295.075745
38.519520
286.988342
227.470886
208.147995
293.315948
379.357178
314.895355
294.908020
306.231934
340.866333
304.467926
337.948700
321.613403
257.294098
356.249054
314.123199
371.975769
341.682770
150.746140
386.237976
379.465332
356.513977
369.671661
322.251099
294.087738
260.068909
179.969666
67.914017
367.857666
270.026611
227.196167
292.639984
291.808929
304.262604
316.849396
57.474415
170.359955
391.510345
369.123230
323.326904
389.978241
368.117157
298.613373
261.265656
327.334717
247.655823
311.743378
106.137115
341.649628
301.016846
283.913696
294.300140
254.994064
368.298218
328.138916
342.298340
342.488007
368.662537
232.561752
306.629883
200.217697
368.787292
295.763184
303.938293
357.625793
329.436066
270.229584
224.755386
370.288483
158.202560
329.194153
75.647774
256.382843
330.559570
327.940155
328.332458
170.630539
388.386108
113.693657
296.344025
328.514771
303.687958
358.811371
225.494324
327.106598
261.949188
247.752121
244.356155
268.487213
310.579865
297.526611
360.254181
159.040863
231.622726
226.119156
252.762711
302.209839
234.213211
390.331177
230.641159
337.265472
297.130066
193.681473
337.306976
293.814484
274.143738
298.251678
252.847137
331.759277
285.241028
386.982727
285.263214
264.637207
227.619446
301.232269
246.361099
277.728485
363.622650
325.260773
219.886368
340.026428
397.788757
317.901917
285.835541
274.632019
394.849213
343.536285
71.353836
303.300629
345.910339
307.090210
305.561157
316.501892
334.404602
302.744171
289.451019
290.027618
249.882553
271.650726
310.851440
284.073151
135.356461
203.804565
350.419220
89.027985
313.701508
284.719269
151.609665
229.627792
309.112732
285.615204
344.772522
334.140503
275.500549
201.840912
241.281158
93.975502
293.658203
330.252136
280.239441
220.296265
387.597351
149.410522
294.782990
368.643860
170.552231
219.660873
317.660767
121.767113
259.639221
220.951935
325.209900
97.049530
314.980652
329.365692
254.886368
195.250092
300.493042
233.254089
239.443726
284.256439
282.938416
335.294098
358.931885
317.114624
371.741913
331.853058
331.428680
299.060547
273.899506
296.298218
382.321991
287.098145
362.970947
347.514221
198.528763
228.397171
280.572418
365.251831
166.509720
259.074554
312.517365
344.604919
251.949417
281.784973
369.456421
337.511749
398.813599
322.701538
108.668243
297.919983
390.623718
226.611084
308.044586
341.716736
283.711975
372.754517
342.849609
182.330444
344.697174
269.696228
310.036774
117.828468
303.029724
319.737030
300.097137
296.691284
336.823120
302.561340
296.031311
267.762054
221.082596
327.550323
200.934280
274.962006
280.682861
285.585938
352.917419
296.156952
279.503296
393.951477
334.677094
326.054199
241.193970
316.645050
335.622467
263.665833
362.166748
336.449280
173.038391
277.416382
318.790894
280.616760
228.939514
111.589676
274.328735
271.815521
205.478210
262.308044
297.453522
258.679077
340.474213
242.214188
295.243958
232.445908
295.188965
378.619446
256.744232
343.492523
236.284912
261.467316
291.996613
306.557281
307.385284
377.747223
395.375153
313.093475
329.947205
314.483490
228.353256
301.453430
264.429260
344.952759
283.121918
243.683365
214.834732
283.288849
331.269287
396.084015
268.139648
318.212097
310.887115
316.924072
298.334137
382.031647
125.851021
344.671173
281.691406
333.933807
324.612030
302.399292
276.134247
295.719818
319.441162
348.963562
262.588104
325.649445
300.184204
347.538818
186.809937
246.310196
285.561646
376.515015
255.065506
287.619202
336.877930
60.959839
311.750458
301.587433
194.620071
347.300568
336.015778
306.991455
289.284241
76.984459
261.548187
336.941681
107.506844
334.694427
317.216736
268.306458
351.173950
244.793320
309.672760
182.047775
296.663849
353.456970
321.332764
291.514160
311.132446
233.249695
143.079529
338.163086
325.194824
315.758575
342.549500
181.275635
273.567902
63.556015
235.868607
149.417831
271.832428
337.511353
299.677612
322.023773
343.163879
350.623627
352.221619
203.945068
351.856293
332.595673
255.567261
417.175690
314.572235
361.464752
310.784119
372.621643
338.588257
310.645233
396.258636
377.820801
322.605255
320.074097
388.839447
257.992950
49.914822
295.402802
179.819305
305.326691
308.648224
268.914459
285.714722
318.695465
297.156128
316.370728
343.377808
335.544830
390.442596
262.212067
361.206360
295.204559
313.072998
342.950684
176.100800
322.615753
198.948364
369.491608
306.017517
257.186005
361.887360
280.645691
308.694763
116.963013
288.828522
348.188263
317.070831
228.519775
251.669540
296.658142
288.004211
245.364014
319.158997
282.349945
328.707764
258.180298
93.457283
325.469482
122.789200
283.434479
284.751251
272.159851
39.886616
300.377197
73.828079
176.883743
259.940857
242.543625
345.337524
289.530914
306.356598
365.089691
170.675964
261.330170
326.763641
321.233551
282.070801
283.894440
152.939713
293.275787
314.931854
302.874573
266.401123
294.161652
316.718414
348.722443
309.535156
176.514008
276.880981
294.758392
294.599487
263.115631
337.943756
299.690186
157.375397
297.776917
223.398727
139.261307
330.912933
221.663132
314.777710
318.218475
137.068192
320.707611
315.416718
334.557465
203.079300
22.426975
245.392441
318.045349
269.031921
304.327637
286.031982
249.142273
311.731537
68.061310
320.691162
311.119110
319.077667
282.483765
356.563599
297.747192
250.708832
293.400970
293.339691
365.120331
258.174896
198.484726
261.859802
218.540619
191.959274
314.366150
337.637115
262.001129
129.548050
337.564941
363.848694
312.012634
395.875824
249.398926
286.341309
309.972656
363.272552
307.983459
269.333374
349.959930
344.966614
348.035614
315.295074
304.298492
143.908569
52.062534
222.298019
342.497681
364.397552
360.687500
266.535797
283.815918
307.820923
314.729095
227.363174
332.607971
227.780411
388.111450
290.495483
324.023346
275.013397
341.960236
375.979919
92.394318
231.312164
232.470779
339.357422
255.254272
339.239716
109.361336
100.835861
91.450661
319.618469
265.254303
306.772369
113.093903
289.597931
238.545807
244.780014
322.108917
275.468475
351.837585
296.069580
324.828735
295.497101
338.374420
326.472260
105.691826
328.789062
294.233978
249.389191
347.611664
315.716187
320.868103
305.833557
320.678833
140.282242
326.202209
313.334442
315.156799
289.559875
186.191879
368.811829
320.368347
336.403320
332.134644
297.694458
235.159821
243.884064
150.822159
368.052979
345.261353
146.773315
398.149963
154.897873
303.096527
130.781311
338.929596
258.997162
339.342255
341.481476
354.161133
325.254181
351.218994
378.511139
311.685486
230.464615
288.264404
381.061890
266.249451
398.544922
302.784882
374.697510
108.103661
276.652222
319.062927
320.167419
333.375610
295.471436
325.264374
338.192413
308.979004
194.835388
317.483521
305.645020
165.499878
381.839081
381.706787
287.209991
320.243591
308.200714
291.354675
223.884674
111.231491
297.518127
249.215317
261.963959
320.111847
293.355042
261.595337
333.569275
180.198547
170.598160
312.708496
287.602478
84.836945
339.434174
291.500488
235.482834
296.394531
267.275085
311.850647
384.804779
285.871796
274.689301
196.234436
337.971985
256.409607
336.626801
336.142761
326.987244
250.693069
347.766571
276.898438
374.602173
318.178345
174.639435
363.224579
104.063721
330.138763
357.256683
386.248322
323.439728
328.525635
271.402740
53.409306
307.944366
129.917664
275.567535
268.656189
256.097687
285.631531
273.713104
266.368835
306.816467
126.037201
287.272339
316.850983
150.193954
258.683441
316.115723
341.030396
279.449982
291.107971
302.524323
220.082489
330.080078
263.043915
286.940308
269.116455
326.003784
224.653625
316.998047
352.096008
303.909668
161.161697
295.718018
302.298401
307.424927
326.556000
333.598755
306.365479
288.825562
353.384857
284.652222
384.577515
217.799698
255.210236
78.524323
258.007751
319.261536
374.976624
345.084290
308.496918
279.438812
207.340424
107.953972
339.636292
277.582794
206.165680
334.643860
391.117676
339.292847
345.852173
236.053787
341.553406
241.082336
322.392334
113.115913
316.352692
52.363354
291.790619
311.018250
328.053558
10.022774
159.534622
320.255310
313.569946
32.500881
323.687134
204.542938
372.555756
308.332062
332.910614
318.347198
284.425049
341.150757
260.643646
268.331909
301.097351
332.880371
221.799393
247.814133
313.824860
306.863647
330.892700
296.230042
296.082916
375.492157
205.730972
293.617645
253.502869
344.625671
316.809418
319.420197
406.650818
310.416626
286.905640
305.420441
303.631805
360.860382
304.594391
265.181305
338.214569
277.540710
262.427826
265.397278
309.446777
309.216583
300.345490
338.591278
322.148499
385.401398
162.004257
334.368256
367.402802
260.763824
357.298828
268.806915
326.381958
263.495880
300.820068
328.526337
330.867981
288.247711
186.430603
291.415924
411.434021
275.914429
319.644104
332.661407
110.419479
251.518021
397.519440
282.634918
55.253502
310.629669
100.286171
208.035095
318.082153
284.140656
292.044312
262.822998
320.444550
241.232162
319.891693
66.379372
326.371765
298.724182
214.046829
236.817719
225.542160
395.037750
317.237946
152.135635
275.282990
302.253510
275.242065
328.495422
308.795837
320.634735
180.169754
307.098206
404.514893
284.544861
322.680328
315.797638
334.489441
129.880463
324.713989
305.439545
269.887207
289.868744
332.059113
295.742920
352.500671
330.205139
313.928192
391.497620
342.613495
294.026550
359.951233
323.095428
308.496124
272.562561
340.389496
240.220642
363.597626
310.839966
167.283279
308.954681
366.916626
324.008087
79.957062
306.720642
289.062805
265.266510
220.305420
282.030731
287.954773
264.755951
293.831085
332.654388
183.455627
293.029877
398.910583
346.398712
177.086670
114.532867
291.517059
299.434998
350.649078
332.447937
258.383392
282.020874
296.632721
286.969147
289.052155
273.469604
280.617523
278.214935
200.869019
349.181519
352.361053
342.721741
294.041412
184.426193
338.181030
188.691437
301.869659
328.325348
333.374420
38.629711
303.639771
327.171234
263.407196
78.966888
296.641449
316.154175
209.667938
335.145721
329.114532
263.836395
303.127167
291.894684
281.185547
302.294373
265.035919
224.078842
323.173798
283.173340
335.846527
319.631195
301.942047
322.968384
247.232147
121.488762
316.116882
311.323181
209.044144
277.060913
333.955597
168.098038
400.182861
323.498505
280.932465
332.994904
277.056122
328.409760
321.127258
269.060730
229.259735
247.995911
356.237335
334.716431
311.408264
338.375641
339.979431
298.190521
220.828781
204.018829
312.374420
341.324493
108.093033
326.095001
326.782013
245.215591
344.373260
239.832947
197.720703
346.968262
310.676239
353.386200
211.944611
278.021942
277.943726
222.431168
332.414307
350.790131
324.010376
250.995468
319.511261
351.114197
316.576782
266.000061
329.033203
347.092896
275.499908
299.618286
309.598175
225.138763
218.038406
268.335815
135.394409
303.618439
369.616089
407.109650
340.281830
304.631470
300.266479
291.148407
192.832993
332.947632
197.034378
311.775787
306.775604
395.814270
342.115997
232.956909
386.822449
326.051514
347.986359
365.167816
307.489929
209.789093
308.394043
235.040955
343.236664
340.443817
240.486206
329.929932
348.927368
297.616119
286.228149
323.445648
323.411743
374.023254
349.796234
252.583069
318.089813
265.391205
330.507965
334.999878
223.891357
289.875549
257.265778
374.308075
281.471466
259.238678
382.372467
318.054565
354.026794
339.756531
151.410248
244.264893
194.085648
138.359604
312.708801
324.853241
294.304810
316.503906
319.952332
75.838715
163.874878
306.394012
308.967682
281.906586
317.327118
263.916473
334.900787
334.192017
381.821838
330.521606
272.665009
327.466766
103.799088
210.800156
284.354797
299.889862
286.145294
297.031860
206.027802
327.327606
284.922424
352.215271
330.146576
218.088989
87.081047
335.269562
296.327148
295.667786
340.084045
321.097290
283.126099
329.143372
337.419464
236.639481
391.223694
368.915131
215.401810
230.784943
373.307770
270.521179
146.334198
299.016571
312.950531
305.588348
294.844879
361.389526
288.481415
376.664581
359.682983
136.452225
356.522186
285.352966
258.738464
286.293060
321.403595
248.347046
263.559204
384.688751
231.696365
251.668655
305.569702
310.268738
347.451721
334.190521
357.940826
324.486206
255.651443
274.229004
315.279388
331.049988
302.035431
337.133911
339.020142
288.770569
308.043915
282.393066
280.367767
220.607269
303.010071
262.986694
236.935333
342.349426
71.151756
320.126801
368.564880
301.900299
351.446167
307.655823
306.794495
312.756439
184.110306
357.647522
334.354492
212.265442
300.217468
330.078339
315.756836
289.334229
366.925232
238.403290
252.101044
286.938538
154.969208
278.473724
316.879517
214.686722
309.308289
331.890808
272.489502
411.118591
345.803528
248.050400
341.015503
348.844238
296.256195
184.330246
313.885071
308.153656
324.336700
332.341858
153.627441
184.852905
78.159798
278.591156
214.854752
354.000793
218.078705
296.347015
337.473969
184.740341
338.168396
192.771408
248.063629
325.983429
301.229645
111.170837
300.075165
313.762360
293.640381
299.571533
92.801704
173.273315
348.474945
292.612457
352.797821
292.791718
329.870911
315.552277
249.323227
258.260315
307.420532
377.036957
402.462830
300.867218
361.517822
274.390015
276.966766
243.165817
292.021881
320.468903
384.328857
117.277565
344.936340
198.722214
305.578918
247.964920
179.526199
241.346405
247.880905
372.613983
312.353149
306.593719
291.261353
314.273071
331.087708
352.194580
335.413605
223.578827
340.875183
301.659454
317.909546
284.558563
332.470947
338.925568
237.099640
151.980026
168.526779
170.130173
270.784821
369.227997
338.489197
362.386841
384.321625
302.280365
188.239548
331.908661
244.679749
293.718842
243.298996
254.684845
306.381683
257.134521
386.844025
301.864380
332.560181
286.983368
345.105377
269.655762
317.571259
351.639313
48.299042
352.653046
331.829102
357.223999
276.691162
281.314514
322.797089
303.716797
90.565292
270.989624
282.464050
340.677399
298.601593
160.148651
329.928284
262.019043
381.884613
102.432877
301.766907
364.675537
315.071259
313.357941
304.099548
272.910004
285.216492
303.035309
287.432434
343.882538
348.700745
244.498230
277.278381
327.809906
370.098236
183.840149
349.531036
307.116791
157.809570
285.143524
310.000336
347.751099
353.655670
58.835438
281.235504
308.750946
298.424255
387.667450
321.980042
319.972046
302.338501
333.255341
240.045181
356.090698
225.119400
142.145874
140.309998
147.087112
271.548462
348.320343
197.298126
356.651855
392.820160
54.831120
198.886215
277.980652
391.638855
292.867401
262.007050
331.784912
302.188049
278.672729
336.868134
84.766754
166.543289
280.046051
190.273834
308.817474
183.407257
257.300354
330.959595
342.460999
372.692566
314.149109
320.292725
240.575638
88.570007
306.633301
325.571777
345.971313
91.117897
318.853241
280.794586
256.533569
295.422729
253.870941
231.583786
285.634888
342.544342
278.209320
323.262787
301.053131
326.953033
311.452637
341.811310
291.801392
306.799133
273.974915
290.123199
304.548553
336.324615
232.575928
216.096390
360.589111
334.349701
132.674576
354.118011
230.894974
329.161835
280.827576
303.553558
373.040497
313.281372
357.487335
286.513794
341.346436
250.544128
260.404480
349.467041
385.408630
76.632439
365.836700
298.490326
258.324829
246.041397
124.138199
279.158173
364.413818
248.029877
303.609222
355.809479
245.377808
317.824066
55.576530
286.725525
287.789825
336.102814
352.281006
363.683868
225.628387
300.248688
271.210785
338.599426
274.400574
309.880585
331.383331
113.142319
256.797180
235.727585
150.359360
317.082977
137.222839
336.413361
114.208702
324.685181
381.881714
319.715057
303.656372
290.910095
340.178223
324.731537
291.685120
318.969666
279.687622
250.170868
159.402145
312.816132
347.955414
385.480042
333.643799
186.683258
372.289948
330.484711
308.137482
323.797119
285.642822
174.669296
343.056885
304.564301
113.466408
323.491455
333.474701
240.282639
367.056030
387.314117
131.553314
359.491028
302.656891
305.251709
264.326050
316.286652
379.158508
392.544403
346.884430
278.063629
325.461945
338.517883
366.535614
312.020203
86.966980
380.364227
332.345612
338.271301
315.287048
140.502014
335.927216
339.017456
286.573395
297.880402
266.584381
326.841187
376.416809
320.501160
141.406723
